0.0 0.125902 0.103472 0.251805 0.206944
0.0 0.145189 0.115759 0.148367 0.182370
0.0 0.491214 0.103472 0.286037 0.206944
0.0 0.454811 0.115759 0.148367 0.182370
0.0 0.882884 0.103472 0.234232 0.206944
0.0 0.935503 0.115759 0.128994 0.182370
0.0 0.125902 0.500000 0.251805 0.586111
0.0 0.145189 0.298129 0.148367 0.182370
0.0 0.491214 0.500000 0.286037 0.586111
0.0 0.454811 0.298129 0.148367 0.182370
0.0 0.882884 0.500000 0.234232 0.586111
0.0 0.935503 0.298129 0.128994 0.182370
0.0 0.125902 0.896528 0.251805 0.206944
0.0 0.491214 0.896528 0.286037 0.206944
0.0 0.882884 0.896528 0.234232 0.206944
