0.0 0.140349 0.831291 0.094302 0.170752
0.0 0.012769 0.677264 0.025538 0.219406
1.0 0.034852 0.415062 0.069704 0.413420
0.0 0.040357 0.790221 0.080713 0.210840
0.0 0.234651 0.831291 0.094302 0.170752
0.0 0.427351 0.677264 0.155779 0.219406
1.0 0.540468 0.371982 0.144751 0.441072
1.0 0.380236 0.415062 0.149880 0.413420
0.0 0.433469 0.637528 0.092805 0.130801
0.0 0.369185 0.790221 0.149797 0.210840
0.0 0.140349 0.958333 0.094302 0.083333
0.0 0.040357 0.968846 0.080713 0.062307
0.0 0.234651 0.958333 0.094302 0.083333
0.0 0.369185 0.968846 0.149797 0.062307
