1.0 0.143555 0.045137 0.100262 0.090274
1.0 0.263020 0.046877 0.102215 0.093753
1.0 0.148113 0.104167 0.065754 0.065972
1.0 0.237469 0.109667 0.037434 0.053819
0.0 0.310352 0.047917 0.040234 0.047222
0.0 0.096680 0.047917 0.067578 0.079167
1.0 0.543945 0.045137 0.100262 0.090274
1.0 0.424480 0.046877 0.102215 0.093753
1.0 0.539387 0.104167 0.065754 0.065972
1.0 0.450031 0.109667 0.037434 0.053819
0.0 0.377148 0.047917 0.040234 0.047222
0.0 0.590820 0.047917 0.067578 0.079167
1.0 0.768555 0.045137 0.100262 0.090274
1.0 0.888020 0.046877 0.102215 0.093753
1.0 0.773113 0.104167 0.065754 0.065972
1.0 0.862469 0.109667 0.037434 0.053819
0.0 0.935352 0.047917 0.040234 0.047222
0.0 0.721680 0.047917 0.067578 0.079167
0.0 0.991016 0.047917 0.017969 0.047222
0.0 0.006999 0.632236 0.013998 0.075812
0.0 0.081055 0.632236 0.065105 0.075812
1.0 0.143555 0.581021 0.100262 0.175924
1.0 0.263020 0.576097 0.102215 0.173035
1.0 0.148113 0.479167 0.065754 0.065972
1.0 0.237469 0.473667 0.037434 0.053819
0.0 0.310352 0.535417 0.040234 0.047222
0.0 0.096680 0.535417 0.067578 0.079167
0.0 0.606445 0.632236 0.065105 0.075812
1.0 0.543945 0.581021 0.100262 0.175924
1.0 0.424480 0.576097 0.102215 0.173035
1.0 0.539387 0.479167 0.065754 0.065972
1.0 0.450031 0.473667 0.037434 0.053819
0.0 0.377148 0.535417 0.040234 0.047222
0.0 0.590820 0.535417 0.067578 0.079167
0.0 0.706055 0.632236 0.065105 0.075812
1.0 0.768555 0.581021 0.100262 0.175924
1.0 0.888020 0.576097 0.102215 0.173035
1.0 0.773113 0.479167 0.065754 0.065972
1.0 0.862469 0.473667 0.037434 0.053819
0.0 0.935352 0.535417 0.040234 0.047222
0.0 0.721680 0.535417 0.067578 0.079167
0.0 0.991016 0.535417 0.017969 0.047222
0.0 0.006999 0.784431 0.013998 0.075812
0.0 0.081055 0.784431 0.065105 0.075812
1.0 0.143555 0.835646 0.100262 0.175924
1.0 0.263020 0.840569 0.102215 0.173035
1.0 0.148113 0.937500 0.065754 0.065972
1.0 0.237469 0.943000 0.037434 0.053819
0.0 0.310352 0.881250 0.040234 0.047222
0.0 0.096680 0.881250 0.067578 0.079167
0.0 0.606445 0.784431 0.065105 0.075812
1.0 0.543945 0.835646 0.100262 0.175924
1.0 0.424480 0.840569 0.102215 0.173035
1.0 0.539387 0.937500 0.065754 0.065972
1.0 0.450031 0.943000 0.037434 0.053819
0.0 0.377148 0.881250 0.040234 0.047222
0.0 0.590820 0.881250 0.067578 0.079167
0.0 0.706055 0.784431 0.065105 0.075812
1.0 0.768555 0.835646 0.100262 0.175924
1.0 0.888020 0.840569 0.102215 0.173035
1.0 0.773113 0.937500 0.065754 0.065972
1.0 0.862469 0.943000 0.037434 0.053819
0.0 0.935352 0.881250 0.040234 0.047222
0.0 0.721680 0.881250 0.067578 0.079167
0.0 0.991016 0.881250 0.017969 0.047222
