1.0 0.054883 0.112847 0.109766 0.225694
1.0 0.213700 0.112847 0.207868 0.225694
1.0 0.526144 0.112847 0.207868 0.225694
1.0 0.734012 0.112847 0.207868 0.225694
1.0 0.971261 0.112847 0.057478 0.225694
0.0 0.075266 0.573737 0.068999 0.305090
1.0 0.054883 0.418936 0.109766 0.386484
0.0 0.054883 0.626169 0.109766 0.296272
0.0 0.144265 0.573737 0.068999 0.305090
1.0 0.213700 0.418936 0.207868 0.386484
0.0 0.177886 0.626169 0.136240 0.296272
0.0 0.595579 0.573737 0.068999 0.305090
1.0 0.526144 0.418936 0.207868 0.386484
0.0 0.561958 0.626169 0.136240 0.296272
0.0 0.664578 0.573737 0.068999 0.305090
1.0 0.734012 0.418936 0.207868 0.386484
0.0 0.698198 0.626169 0.136240 0.296272
1.0 0.971261 0.418936 0.057478 0.386484
0.0 0.075266 0.911165 0.068999 0.177671
0.0 0.054883 0.887153 0.109766 0.225694
0.0 0.144265 0.911165 0.068999 0.177671
1.0 0.213700 0.968216 0.207868 0.063567
0.0 0.177886 0.887153 0.136240 0.225694
0.0 0.595579 0.911165 0.068999 0.177671
1.0 0.526144 0.968216 0.207868 0.063567
0.0 0.561958 0.887153 0.136240 0.225694
0.0 0.664578 0.911165 0.068999 0.177671
1.0 0.734012 0.968216 0.207868 0.063567
0.0 0.698198 0.887153 0.136240 0.225694
