1.0 0.233997 0.070258 0.180423 0.140516
1.0 0.457409 0.070258 0.180423 0.140516
1.0 0.851185 0.070258 0.180423 0.140516
0.0 0.131683 0.673966 0.140514 0.114567
1.0 0.233997 0.564117 0.180423 0.334266
0.0 0.559724 0.673966 0.140514 0.114567
1.0 0.457409 0.564117 0.180423 0.334266
0.0 0.748870 0.673966 0.140514 0.114567
1.0 0.851185 0.564117 0.180423 0.334266
0.0 0.131683 0.788534 0.140514 0.114567
1.0 0.233997 0.865625 0.180423 0.268750
0.0 0.559724 0.788534 0.140514 0.114567
1.0 0.457409 0.865625 0.180423 0.268750
0.0 0.748870 0.788534 0.140514 0.114567
1.0 0.851185 0.865625 0.180423 0.268750
