1.0 0.562186 0.388623 0.317516 0.683444
1.0 0.753581 0.523946 0.352961 0.766910
1.0 0.906065 0.487111 0.187870 0.587057
1.0 0.417328 0.119244 0.141265 0.238487
1.0 0.289301 0.116210 0.177272 0.232421
1.0 0.081379 0.056495 0.162759 0.112991
1.0 0.203343 0.086756 0.151457 0.173511
1.0 0.498842 0.185267 0.192494 0.370535
1.0 0.639705 0.126644 0.127671 0.152695
1.0 0.542600 0.055898 0.094868 0.111796
1.0 0.363479 0.095946 0.102563 0.191892
0.0 0.641700 0.846000 0.171548 0.237877
0.0 0.945932 0.687752 0.108137 0.138703
0.0 0.150313 0.132595 0.062327 0.067050
