1.0 0.645796 0.019871 0.065247 0.039743
1.0 0.021343 0.235037 0.042687 0.405906
1.0 0.201846 0.329113 0.140712 0.405906
1.0 0.560948 0.495672 0.178740 0.394863
1.0 0.711329 0.572122 0.181631 0.408339
1.0 0.365850 0.398615 0.133184 0.400771
1.0 0.605814 0.299322 0.065247 0.097414
0.0 0.171973 0.520217 0.070359 0.101558
0.0 0.657024 0.716187 0.068773 0.093738
0.0 0.751566 0.732724 0.038239 0.069956
1.0 0.954912 0.690707 0.090176 0.408339
0.0 0.924910 0.803777 0.038239 0.069956
0.0 0.108141 0.980807 0.070359 0.038386
