1.0 0.023351 0.084144 0.046702 0.151551
1.0 0.029013 0.084187 0.058026 0.129823
0.0 0.017083 0.146955 0.026890 0.029829
1.0 0.405070 0.363264 0.193443 0.384463
1.0 0.518402 0.453697 0.223892 0.460864
1.0 0.638316 0.436328 0.158739 0.365701
1.0 0.333200 0.196500 0.080985 0.148497
1.0 0.268479 0.183899 0.098660 0.164670
1.0 0.168947 0.133995 0.096447 0.143409
1.0 0.093959 0.116852 0.109222 0.153599
1.0 0.228008 0.160700 0.083797 0.150711
1.0 0.374757 0.239066 0.112647 0.209059
1.0 0.454724 0.211408 0.074254 0.080954
1.0 0.068305 0.099050 0.072223 0.130631
1.0 0.401416 0.172485 0.053532 0.060503
1.0 0.783795 0.356258 0.050580 0.085446
1.0 0.306134 0.180911 0.059583 0.130959
0.0 0.447277 0.652927 0.110713 0.140735
0.0 0.654114 0.568985 0.081995 0.082816
0.0 0.198403 0.217071 0.032299 0.032424
0.0 0.043090 0.155382 0.026851 0.029929
1.0 0.914584 0.398185 0.049845 0.086841
0.0 0.972880 0.682679 0.054240 0.086821
