0.0 0.314473 0.038437 0.130758 0.074530
0.0 0.538590 0.036614 0.132797 0.073229
1.0 0.797145 0.467115 0.054672 0.097049
1.0 0.716206 0.467594 0.041119 0.096060
1.0 0.325577 0.357866 0.127783 0.318420
1.0 0.146807 0.476433 0.058954 0.097936
1.0 0.052672 0.476220 0.046114 0.096954
1.0 0.529904 0.360327 0.122770 0.313928
1.0 0.689830 0.469564 0.026823 0.089192
1.0 0.166770 0.475373 0.023258 0.089153
1.0 0.080839 0.475908 0.033942 0.086756
1.0 0.771811 0.463622 0.031061 0.080853
1.0 0.260533 0.472235 0.029407 0.034710
1.0 0.393515 0.468661 0.020463 0.100863
1.0 0.427025 0.467031 0.088942 0.105816
1.0 0.465551 0.470378 0.014726 0.094090
1.0 0.017133 0.484643 0.034266 0.039078
1.0 0.204871 0.464885 0.016443 0.008569
0.0 0.315259 0.197785 0.130758 0.074530
0.0 0.539383 0.195892 0.132797 0.075752
