1.0 0.099291 0.006944 0.059863 0.013889
1.0 0.222584 0.006944 0.059863 0.013889
1.0 0.370385 0.006944 0.059863 0.013889
1.0 0.493678 0.006944 0.059863 0.013889
1.0 0.641478 0.006944 0.059863 0.013889
1.0 0.764772 0.006944 0.059863 0.013889
1.0 0.912572 0.006944 0.059863 0.013889
1.0 0.128446 0.090755 0.064984 0.153732
1.0 0.099291 0.059789 0.059863 0.091800
0.0 0.151329 0.133578 0.019216 0.046492
0.0 0.100554 0.151862 0.052053 0.092168
1.0 0.193429 0.090755 0.064984 0.153732
1.0 0.222584 0.059789 0.059863 0.091800
0.0 0.170546 0.133578 0.019216 0.046492
0.0 0.221321 0.151862 0.052053 0.092168
1.0 0.399539 0.090755 0.064984 0.153732
1.0 0.370385 0.059789 0.059863 0.091800
0.0 0.422423 0.133578 0.019216 0.046492
0.0 0.371648 0.151862 0.052053 0.092168
1.0 0.464523 0.090755 0.064984 0.153732
1.0 0.493678 0.059789 0.059863 0.091800
0.0 0.441639 0.133578 0.019216 0.046492
0.0 0.492414 0.151862 0.052053 0.092168
1.0 0.670633 0.090755 0.064984 0.153732
1.0 0.641478 0.059789 0.059863 0.091800
0.0 0.693517 0.133578 0.019216 0.046492
0.0 0.642742 0.151862 0.052053 0.092168
1.0 0.735617 0.090755 0.064984 0.153732
1.0 0.764772 0.059789 0.059863 0.091800
0.0 0.712733 0.133578 0.019216 0.046492
0.0 0.763508 0.151862 0.052053 0.092168
1.0 0.941727 0.090755 0.064984 0.153732
1.0 0.912572 0.059789 0.059863 0.091800
0.0 0.964611 0.133578 0.019216 0.046492
0.0 0.913836 0.151862 0.052053 0.092168
1.0 0.987109 0.090755 0.025781 0.153732
0.0 0.983827 0.133578 0.019216 0.046492
1.0 0.128446 0.325912 0.064984 0.153732
1.0 0.099291 0.356878 0.059863 0.091800
0.0 0.151329 0.283088 0.019216 0.046492
0.0 0.100554 0.264805 0.052053 0.092168
1.0 0.193429 0.325912 0.064984 0.153732
1.0 0.222584 0.356878 0.059863 0.091800
0.0 0.170546 0.283088 0.019216 0.046492
0.0 0.221321 0.264805 0.052053 0.092168
1.0 0.399539 0.325912 0.064984 0.153732
1.0 0.370385 0.356878 0.059863 0.091800
0.0 0.422423 0.283088 0.019216 0.046492
0.0 0.371648 0.264805 0.052053 0.092168
1.0 0.464523 0.325912 0.064984 0.153732
1.0 0.493678 0.356878 0.059863 0.091800
0.0 0.441639 0.283088 0.019216 0.046492
0.0 0.492414 0.264805 0.052053 0.092168
1.0 0.670633 0.325912 0.064984 0.153732
1.0 0.641478 0.356878 0.059863 0.091800
0.0 0.693517 0.283088 0.019216 0.046492
0.0 0.642742 0.264805 0.052053 0.092168
1.0 0.735617 0.325912 0.064984 0.153732
1.0 0.764772 0.356878 0.059863 0.091800
0.0 0.712733 0.283088 0.019216 0.046492
0.0 0.763508 0.264805 0.052053 0.092168
1.0 0.941727 0.325912 0.064984 0.153732
1.0 0.912572 0.356878 0.059863 0.091800
0.0 0.964611 0.283088 0.019216 0.046492
0.0 0.913836 0.264805 0.052053 0.092168
1.0 0.987109 0.325912 0.025781 0.153732
0.0 0.983827 0.283088 0.019216 0.046492
1.0 0.128446 0.479644 0.064984 0.153732
1.0 0.099291 0.448678 0.059863 0.091800
0.0 0.151329 0.522467 0.019216 0.046492
0.0 0.100554 0.540751 0.052053 0.092168
1.0 0.193429 0.479644 0.064984 0.153732
1.0 0.222584 0.448678 0.059863 0.091800
0.0 0.170546 0.522467 0.019216 0.046492
0.0 0.221321 0.540751 0.052053 0.092168
1.0 0.399539 0.479644 0.064984 0.153732
1.0 0.370385 0.448678 0.059863 0.091800
0.0 0.422423 0.522467 0.019216 0.046492
0.0 0.371648 0.540751 0.052053 0.092168
1.0 0.464523 0.479644 0.064984 0.153732
1.0 0.493678 0.448678 0.059863 0.091800
0.0 0.441639 0.522467 0.019216 0.046492
0.0 0.492414 0.540751 0.052053 0.092168
1.0 0.670633 0.479644 0.064984 0.153732
1.0 0.641478 0.448678 0.059863 0.091800
0.0 0.693517 0.522467 0.019216 0.046492
0.0 0.642742 0.540751 0.052053 0.092168
1.0 0.735617 0.479644 0.064984 0.153732
1.0 0.764772 0.448678 0.059863 0.091800
0.0 0.712733 0.522467 0.019216 0.046492
0.0 0.763508 0.540751 0.052053 0.092168
1.0 0.941727 0.479644 0.064984 0.153732
1.0 0.912572 0.448678 0.059863 0.091800
0.0 0.964611 0.522467 0.019216 0.046492
0.0 0.913836 0.540751 0.052053 0.092168
1.0 0.987109 0.479644 0.025781 0.153732
0.0 0.983827 0.522467 0.019216 0.046492
1.0 0.128446 0.714801 0.064984 0.153732
1.0 0.099291 0.745767 0.059863 0.091800
0.0 0.151329 0.671977 0.019216 0.046492
0.0 0.100554 0.653694 0.052053 0.092168
1.0 0.193429 0.714801 0.064984 0.153732
1.0 0.222584 0.745767 0.059863 0.091800
0.0 0.170546 0.671977 0.019216 0.046492
0.0 0.221321 0.653694 0.052053 0.092168
1.0 0.399539 0.714801 0.064984 0.153732
1.0 0.370385 0.745767 0.059863 0.091800
0.0 0.422423 0.671977 0.019216 0.046492
0.0 0.371648 0.653694 0.052053 0.092168
1.0 0.464523 0.714801 0.064984 0.153732
1.0 0.493678 0.745767 0.059863 0.091800
0.0 0.441639 0.671977 0.019216 0.046492
0.0 0.492414 0.653694 0.052053 0.092168
1.0 0.670633 0.714801 0.064984 0.153732
1.0 0.641478 0.745767 0.059863 0.091800
0.0 0.693517 0.671977 0.019216 0.046492
0.0 0.642742 0.653694 0.052053 0.092168
1.0 0.735617 0.714801 0.064984 0.153732
1.0 0.764772 0.745767 0.059863 0.091800
0.0 0.712733 0.671977 0.019216 0.046492
0.0 0.763508 0.653694 0.052053 0.092168
1.0 0.941727 0.714801 0.064984 0.153732
1.0 0.912572 0.745767 0.059863 0.091800
0.0 0.964611 0.671977 0.019216 0.046492
0.0 0.913836 0.653694 0.052053 0.092168
1.0 0.987109 0.714801 0.025781 0.153732
0.0 0.983827 0.671977 0.019216 0.046492
1.0 0.128446 0.868533 0.064984 0.153732
1.0 0.099291 0.837567 0.059863 0.091800
0.0 0.151329 0.911356 0.019216 0.046492
0.0 0.100554 0.929640 0.052053 0.092168
1.0 0.193429 0.868533 0.064984 0.153732
1.0 0.222584 0.837567 0.059863 0.091800
0.0 0.170546 0.911356 0.019216 0.046492
0.0 0.221321 0.929640 0.052053 0.092168
1.0 0.399539 0.868533 0.064984 0.153732
1.0 0.370385 0.837567 0.059863 0.091800
0.0 0.422423 0.911356 0.019216 0.046492
0.0 0.371648 0.929640 0.052053 0.092168
1.0 0.464523 0.868533 0.064984 0.153732
1.0 0.493678 0.837567 0.059863 0.091800
0.0 0.441639 0.911356 0.019216 0.046492
0.0 0.492414 0.929640 0.052053 0.092168
1.0 0.670633 0.868533 0.064984 0.153732
1.0 0.641478 0.837567 0.059863 0.091800
0.0 0.693517 0.911356 0.019216 0.046492
0.0 0.642742 0.929640 0.052053 0.092168
1.0 0.735617 0.868533 0.064984 0.153732
1.0 0.764772 0.837567 0.059863 0.091800
0.0 0.712733 0.911356 0.019216 0.046492
0.0 0.763508 0.929640 0.052053 0.092168
1.0 0.941727 0.868533 0.064984 0.153732
1.0 0.912572 0.837567 0.059863 0.091800
0.0 0.964611 0.911356 0.019216 0.046492
0.0 0.913836 0.929640 0.052053 0.092168
1.0 0.987109 0.868533 0.025781 0.153732
0.0 0.983827 0.911356 0.019216 0.046492
