1.0 0.336504 0.755318 0.189978 0.489363
1.0 0.751608 0.437482 0.073807 0.156742
1.0 0.376235 0.575432 0.041051 0.147668
1.0 0.145320 0.654553 0.075469 0.157346
1.0 0.536602 0.707769 0.195582 0.542753
1.0 0.068036 0.682627 0.083779 0.160365
1.0 0.666604 0.466774 0.073323 0.153742
1.0 0.651403 0.470707 0.045277 0.135080
1.0 0.164433 0.647609 0.041953 0.133872
1.0 0.730245 0.446831 0.051441 0.134494
1.0 0.252173 0.618912 0.034343 0.057669
1.0 0.085623 0.677128 0.046668 0.134003
1.0 0.441643 0.550084 0.038905 0.144063
1.0 0.023737 0.697108 0.047474 0.090106
0.0 0.365996 0.958192 0.142266 0.083615
0.0 0.575969 0.911061 0.132488 0.142272
0.0 0.064920 0.751706 0.045586 0.040089
0.0 0.775367 0.496257 0.050085 0.046440
