1.0 0.037278 0.677606 0.074556 0.178121
1.0 0.127929 0.649023 0.069143 0.235287
1.0 0.034858 0.597882 0.044467 0.108453
1.0 0.105181 0.562328 0.042462 0.100922
1.0 0.011712 0.507586 0.006792 0.017438
1.0 0.018095 0.503182 0.006481 0.015100
0.0 0.019395 0.511424 0.006190 0.009707
1.0 0.297236 0.677606 0.093584 0.178121
1.0 0.197071 0.649023 0.069143 0.235287
1.0 0.290142 0.597882 0.044467 0.108453
1.0 0.219819 0.562328 0.042462 0.100922
1.0 0.313288 0.507586 0.006792 0.017438
1.0 0.306905 0.503182 0.006481 0.015100
0.0 0.305605 0.511424 0.006190 0.009707
1.0 0.477764 0.677606 0.093584 0.178121
1.0 0.577929 0.649023 0.069143 0.235287
1.0 0.484858 0.597882 0.044467 0.108453
1.0 0.555181 0.562328 0.042462 0.100922
1.0 0.461712 0.507586 0.006792 0.017438
1.0 0.468095 0.503182 0.006481 0.015100
0.0 0.469395 0.511424 0.006190 0.009707
1.0 0.747236 0.677606 0.093584 0.178121
1.0 0.647071 0.649023 0.069143 0.235287
1.0 0.740142 0.597882 0.044467 0.108453
1.0 0.669819 0.562328 0.042462 0.100922
1.0 0.763288 0.507586 0.006792 0.017438
1.0 0.756905 0.503182 0.006481 0.015100
0.0 0.755605 0.511424 0.006190 0.009707
1.0 0.927764 0.677606 0.093584 0.178121
1.0 0.934858 0.597882 0.044467 0.108453
1.0 0.991975 0.562328 0.016050 0.100922
1.0 0.911712 0.507586 0.006792 0.017438
1.0 0.918095 0.503182 0.006481 0.015100
0.0 0.919395 0.511424 0.006190 0.009707
1.0 0.037278 0.855727 0.074556 0.178121
1.0 0.127929 0.883333 0.069143 0.233333
1.0 0.034858 0.935452 0.044467 0.108453
1.0 0.105181 0.960272 0.042462 0.079456
1.0 0.297236 0.855727 0.093584 0.178121
1.0 0.197071 0.883333 0.069143 0.233333
1.0 0.290142 0.935452 0.044467 0.108453
1.0 0.219819 0.960272 0.042462 0.079456
1.0 0.477764 0.855727 0.093584 0.178121
1.0 0.577929 0.883333 0.069143 0.233333
1.0 0.484858 0.935452 0.044467 0.108453
1.0 0.555181 0.960272 0.042462 0.079456
1.0 0.747236 0.855727 0.093584 0.178121
1.0 0.647071 0.883333 0.069143 0.233333
1.0 0.740142 0.935452 0.044467 0.108453
1.0 0.669819 0.960272 0.042462 0.079456
1.0 0.927764 0.855727 0.093584 0.178121
1.0 0.934858 0.935452 0.044467 0.108453
1.0 0.991975 0.960272 0.016050 0.079456
