1.0 0.581250 0.006944 0.042188 0.013889
1.0 0.633594 0.006597 0.053125 0.013194
1.0 0.720703 0.009028 0.053906 0.018056
1.0 0.783594 0.008333 0.061719 0.016667
1.0 0.669336 0.008333 0.042578 0.016667
1.0 0.542383 0.006597 0.058984 0.013194
1.0 0.485352 0.002431 0.048828 0.004861
1.0 0.807812 0.009375 0.034375 0.018750
1.0 0.532227 0.006944 0.034766 0.013889
1.0 0.604883 0.007292 0.026953 0.014583
1.0 0.935547 0.009028 0.053906 0.018056
1.0 0.872656 0.008333 0.061719 0.016667
1.0 0.982812 0.008333 0.034375 0.016667
1.0 0.848438 0.009375 0.034375 0.018750
1.0 0.032813 0.453125 0.065625 0.199306
1.0 0.122461 0.381944 0.030859 0.044444
0.0 0.050293 0.527868 0.053711 0.033854
1.0 0.500391 0.455208 0.097656 0.213194
1.0 0.403711 0.484028 0.115234 0.247222
1.0 0.318555 0.453125 0.080859 0.199306
1.0 0.581250 0.372222 0.042188 0.086111
1.0 0.633594 0.377083 0.053125 0.094444
1.0 0.720703 0.365972 0.053906 0.081944
1.0 0.783594 0.370139 0.061719 0.087500
1.0 0.669336 0.370833 0.042578 0.088889
1.0 0.542383 0.389583 0.058984 0.119444
1.0 0.485352 0.357986 0.048828 0.039583
1.0 0.807812 0.364236 0.034375 0.079861
1.0 0.532227 0.344444 0.034766 0.030556
1.0 0.221289 0.381944 0.030859 0.044444
1.0 0.604883 0.368056 0.026953 0.079167
0.0 0.431641 0.612500 0.066406 0.062500
0.0 0.293457 0.527868 0.053711 0.033854
0.0 0.682863 0.411979 0.020996 0.015625
0.0 0.816895 0.405035 0.016602 0.015625
0.0 0.454492 0.574653 0.076172 0.071528
1.0 0.935547 0.365972 0.053906 0.081944
1.0 0.872656 0.370139 0.061719 0.087500
1.0 0.982812 0.370833 0.034375 0.088889
1.0 0.848438 0.364236 0.034375 0.079861
0.0 0.973387 0.411979 0.020996 0.015625
0.0 0.839355 0.405035 0.016602 0.015625
