1.0 0.383333 0.712500 0.116667 0.380000
1.0 0.825833 0.577500 0.051667 0.115000
1.0 0.449167 0.578750 0.018333 0.117500
1.0 0.218333 0.575000 0.053333 0.115000
1.0 0.580833 0.728750 0.115000 0.417500
1.0 0.140833 0.575000 0.061667 0.115000
1.0 0.740833 0.576250 0.051667 0.112500
1.0 0.725833 0.575000 0.025000 0.105000
1.0 0.237500 0.575000 0.021667 0.105000
1.0 0.804167 0.578750 0.031667 0.102500
1.0 0.325000 0.577500 0.026667 0.040000
1.0 0.158333 0.575700 0.026667 0.103600
1.0 0.515000 0.577500 0.016667 0.115000
1.0 0.091667 0.572225 0.046300 0.061100
0.0 0.375933 0.902775 0.125933 0.086100
0.0 0.587033 0.900000 0.116667 0.083325
0.0 0.127317 0.628475 0.041667 0.020825
0.0 0.839350 0.630550 0.045367 0.025000
0.0 0.200000 0.935000 0.066667 0.045000
