0.0 0.049414 0.229492 0.098828 0.209961
0.0 0.050000 0.159912 0.100000 0.175781
0.0 0.050000 0.087280 0.100000 0.115967
0.0 0.696875 0.699463 0.400391 0.395508
0.0 0.795508 0.903442 0.207031 0.193115
0.0 0.606055 0.522461 0.501953 0.346680
0.0 0.469824 0.404053 0.444336 0.278320
0.0 0.367285 0.313721 0.395508 0.244141
0.0 0.281836 0.229492 0.361328 0.209961
0.0 0.240234 0.159912 0.280469 0.175781
0.0 0.204590 0.087280 0.209180 0.115967
0.0 0.951465 0.699463 0.097070 0.395508
0.0 0.950488 0.903442 0.099023 0.193115
0.0 0.971484 0.522461 0.057031 0.346680
