1.0 0.036344 0.085912 0.072688 0.171825
1.0 0.181108 0.085912 0.134154 0.171825
1.0 0.295159 0.079234 0.120923 0.158467
1.0 0.547798 0.085912 0.134154 0.171825
1.0 0.433747 0.079234 0.120923 0.158467
1.0 0.723296 0.085912 0.134154 0.171825
1.0 0.837346 0.079234 0.120923 0.158467
1.0 0.957737 0.079234 0.084527 0.158467
1.0 0.036344 0.561935 0.072688 0.275852
1.0 0.181108 0.561935 0.134154 0.275852
1.0 0.295159 0.569377 0.120923 0.264023
1.0 0.547798 0.561935 0.134154 0.275852
1.0 0.433747 0.569377 0.120923 0.264023
1.0 0.723296 0.561935 0.134154 0.275852
1.0 0.837346 0.569377 0.120923 0.264023
1.0 0.957737 0.569377 0.084527 0.264023
1.0 0.036344 0.840843 0.072688 0.275852
1.0 0.181108 0.840843 0.134154 0.275852
1.0 0.295159 0.833400 0.120923 0.264023
1.0 0.547798 0.840843 0.134154 0.275852
1.0 0.433747 0.833400 0.120923 0.264023
1.0 0.723296 0.840843 0.134154 0.275852
1.0 0.837346 0.833400 0.120923 0.264023
1.0 0.957737 0.833400 0.084527 0.264023
