1.0 0.129102 0.145139 0.154297 0.290278
0.0 0.197754 0.039061 0.115559 0.078122
0.0 0.046388 0.067708 0.092775 0.131944
1.0 0.519336 0.145139 0.154297 0.290278
0.0 0.450684 0.039061 0.115559 0.078122
0.0 0.607258 0.067708 0.103191 0.131944
1.0 0.832227 0.145139 0.154297 0.290278
0.0 0.900879 0.039061 0.115559 0.078122
0.0 0.744305 0.067708 0.103191 0.131944
1.0 0.129102 0.454167 0.154297 0.322222
0.0 0.197754 0.606194 0.115559 0.201965
0.0 0.046388 0.515625 0.092775 0.131944
1.0 0.519336 0.454167 0.154297 0.322222
0.0 0.450684 0.606194 0.115559 0.201965
0.0 0.607258 0.515625 0.103191 0.131944
1.0 0.832227 0.454167 0.154297 0.322222
0.0 0.900879 0.606194 0.115559 0.201965
0.0 0.744305 0.515625 0.103191 0.131944
1.0 0.129102 0.900694 0.154297 0.198611
0.0 0.197754 0.810472 0.115559 0.201965
0.0 0.046388 0.901042 0.092775 0.131944
1.0 0.519336 0.900694 0.154297 0.198611
0.0 0.450684 0.810472 0.115559 0.201965
0.0 0.607258 0.901042 0.103191 0.131944
1.0 0.832227 0.900694 0.154297 0.198611
0.0 0.900879 0.810472 0.115559 0.201965
0.0 0.744305 0.901042 0.103191 0.131944
