1.0 0.069713 0.950124 0.065816 0.070044
1.0 0.069748 0.856303 0.064756 0.053856
1.0 0.050906 0.416278 0.101813 0.163327
1.0 0.073636 0.214415 0.064645 0.071103
1.0 0.073161 0.111292 0.063594 0.056488
1.0 0.051449 0.646363 0.102897 0.160117
1.0 0.070963 0.825807 0.059919 0.036817
1.0 0.072987 0.236381 0.058525 0.031346
1.0 0.073044 0.142056 0.056883 0.042658
1.0 0.067264 0.920776 0.054589 0.041426
1.0 0.071247 0.340177 0.023124 0.034887
1.0 0.069353 0.488784 0.066779 0.029553
1.0 0.068442 0.526618 0.070977 0.107056
1.0 0.070726 0.569878 0.062435 0.022799
1.0 0.078468 0.066421 0.025919 0.051525
1.0 0.066243 0.278731 0.005803 0.018718
1.0 0.539662 0.950124 0.065816 0.070044
1.0 0.539627 0.856303 0.064756 0.053856
1.0 0.601437 0.416278 0.187750 0.163327
1.0 0.535739 0.214415 0.064645 0.071103
1.0 0.536214 0.111292 0.063594 0.056488
1.0 0.600895 0.646363 0.188835 0.160117
1.0 0.538412 0.825807 0.059919 0.036817
1.0 0.536388 0.236381 0.058525 0.031346
1.0 0.536331 0.142056 0.056883 0.042658
1.0 0.542111 0.920776 0.054589 0.041426
1.0 0.538128 0.340177 0.023124 0.034887
1.0 0.540022 0.488784 0.066779 0.029553
1.0 0.540933 0.526618 0.070977 0.107056
1.0 0.538649 0.569878 0.062435 0.022799
1.0 0.530907 0.066421 0.025919 0.051525
1.0 0.543132 0.278731 0.005803 0.018718
1.0 0.850963 0.950124 0.065816 0.070044
1.0 0.850998 0.856303 0.064756 0.053856
1.0 0.789188 0.416278 0.187750 0.163327
1.0 0.854886 0.214415 0.064645 0.071103
1.0 0.854411 0.111292 0.063594 0.056488
1.0 0.789730 0.646363 0.188835 0.160117
1.0 0.852213 0.825807 0.059919 0.036817
1.0 0.854237 0.236381 0.058525 0.031346
1.0 0.854294 0.142056 0.056883 0.042658
1.0 0.848514 0.920776 0.054589 0.041426
1.0 0.852497 0.340177 0.023124 0.034887
1.0 0.850603 0.488784 0.066779 0.029553
1.0 0.849692 0.526618 0.070977 0.107056
1.0 0.851976 0.569878 0.062435 0.022799
1.0 0.859718 0.066421 0.025919 0.051525
1.0 0.847493 0.278731 0.005803 0.018718
