0.0 0.192816 0.099495 0.056604 0.106565
0.0 0.416559 0.099495 0.056604 0.106565
0.0 0.972882 0.099495 0.054236 0.106565
0.0 0.192816 0.206060 0.056604 0.106565
1.0 0.094312 0.456502 0.152429 0.207848
0.0 0.173822 0.406893 0.056604 0.167146
0.0 0.150277 0.542851 0.043514 0.141059
0.0 0.416559 0.206060 0.056604 0.106565
1.0 0.515063 0.456502 0.152429 0.207848
0.0 0.435553 0.406893 0.056604 0.167146
0.0 0.459098 0.542851 0.043514 0.141059
0.0 0.972882 0.206060 0.054236 0.106565
1.0 0.875562 0.456502 0.152429 0.207848
0.0 0.955072 0.406893 0.056604 0.167146
0.0 0.931527 0.542851 0.043514 0.141059
