1.0 0.794435 0.585823 0.042188 0.110403
1.0 0.417540 0.614173 0.039254 0.108748
1.0 0.366564 0.615936 0.041025 0.107456
1.0 0.640298 0.673615 0.044516 0.140585
1.0 0.571500 0.677476 0.044294 0.137710
1.0 0.835780 0.581911 0.021155 0.104495
0.0 0.651048 0.759850 0.070604 0.053063
0.0 0.576511 0.761580 0.063713 0.044603
0.0 0.363231 0.668804 0.037149 0.023495
0.0 0.454411 0.528443 0.154399 0.330971
0.0 0.274224 0.551176 0.156011 0.459675
0.0 0.650308 0.791870 0.178004 0.416261
1.0 0.890409 0.578420 0.042188 0.110403
1.0 0.848953 0.580895 0.021155 0.104495
