1.0 0.173928 0.567956 0.084649 0.128157
1.0 0.328254 0.584275 0.007554 0.027419
0.0 0.212599 0.603123 0.049994 0.056620
0.0 0.127991 0.610729 0.050335 0.057678
0.0 0.090221 0.787678 0.029881 0.020477
1.0 0.490135 0.567956 0.084649 0.128157
1.0 0.335808 0.584275 0.007554 0.027419
0.0 0.451464 0.603123 0.049994 0.056620
0.0 0.536072 0.610729 0.050335 0.057678
0.0 0.573842 0.787678 0.029881 0.020477
1.0 0.845022 0.567956 0.084649 0.128157
1.0 0.997785 0.584275 0.004429 0.027419
0.0 0.883693 0.603123 0.049994 0.056620
0.0 0.799084 0.610729 0.050335 0.057678
0.0 0.761315 0.787678 0.029881 0.020477
1.0 0.173928 0.981899 0.084649 0.036201
0.0 0.212599 0.982200 0.049994 0.035599
0.0 0.127991 0.978132 0.050335 0.043735
0.0 0.090221 0.808155 0.029881 0.020477
1.0 0.490135 0.981899 0.084649 0.036201
0.0 0.451464 0.982200 0.049994 0.035599
0.0 0.536072 0.978132 0.050335 0.043735
0.0 0.573842 0.808155 0.029881 0.020477
1.0 0.845022 0.981899 0.084649 0.036201
0.0 0.883693 0.982200 0.049994 0.035599
0.0 0.799084 0.978132 0.050335 0.043735
0.0 0.761315 0.808155 0.029881 0.020477
