1.0 0.006940 0.507448 0.013879 0.107263
1.0 0.027463 0.499596 0.035517 0.043507
1.0 0.793621 0.531485 0.043553 0.107456
1.0 0.730614 0.530123 0.032995 0.106227
1.0 0.425370 0.646964 0.102742 0.352034
1.0 0.287421 0.514517 0.046895 0.108477
1.0 0.214133 0.513781 0.036892 0.107263
1.0 0.584467 0.646359 0.098794 0.347034
1.0 0.710100 0.527680 0.021798 0.098515
1.0 0.302951 0.515890 0.019023 0.098435
1.0 0.236059 0.514416 0.027313 0.095905
1.0 0.773862 0.535071 0.025010 0.089374
1.0 0.375914 0.520314 0.023246 0.038534
1.0 0.479406 0.525621 0.016969 0.111304
1.0 0.505477 0.527762 0.070316 0.117466
1.0 0.535505 0.524473 0.012433 0.103785
1.0 0.182329 0.504080 0.035517 0.043507
1.0 0.332505 0.527836 0.012886 0.009607
0.0 0.415684 0.823192 0.102537 0.083437
0.0 0.590147 0.827588 0.104136 0.084804
0.0 0.413425 0.978496 0.102537 0.043009
0.0 0.587871 0.981008 0.104136 0.037985
