1.0 0.151691 0.006944 0.018493 0.013889
1.0 0.170184 0.006944 0.018493 0.013889
1.0 0.422785 0.006944 0.018493 0.013889
1.0 0.441278 0.006944 0.018493 0.013889
1.0 0.693878 0.006944 0.018493 0.013889
1.0 0.712372 0.006944 0.018493 0.013889
1.0 0.964972 0.006944 0.018493 0.013889
1.0 0.983465 0.006944 0.018493 0.013889
1.0 0.012695 0.125662 0.025391 0.165343
0.0 0.014061 0.177952 0.022660 0.045465
1.0 0.062405 0.125662 0.074029 0.165343
1.0 0.151691 0.034181 0.018493 0.040585
1.0 0.104275 0.085270 0.062922 0.138168
0.0 0.036721 0.177952 0.022660 0.045465
0.0 0.088269 0.184882 0.047221 0.046903
1.0 0.259470 0.125662 0.074029 0.165343
1.0 0.170184 0.034181 0.018493 0.040585
1.0 0.217600 0.085270 0.062922 0.138168
0.0 0.285154 0.177952 0.022660 0.045465
0.0 0.233606 0.184882 0.047221 0.046903
1.0 0.333499 0.125662 0.074029 0.165343
1.0 0.422785 0.034181 0.018493 0.040585
1.0 0.375368 0.085270 0.062922 0.138168
0.0 0.307814 0.177952 0.022660 0.045465
0.0 0.359363 0.184882 0.047221 0.046903
1.0 0.530564 0.125662 0.074029 0.165343
1.0 0.441278 0.034181 0.018493 0.040585
1.0 0.488694 0.085270 0.062922 0.138168
0.0 0.556248 0.177952 0.022660 0.045465
0.0 0.504700 0.184882 0.047221 0.046903
1.0 0.604593 0.125662 0.074029 0.165343
1.0 0.693878 0.034181 0.018493 0.040585
1.0 0.646462 0.085270 0.062922 0.138168
0.0 0.578908 0.177952 0.022660 0.045465
0.0 0.630456 0.184882 0.047221 0.046903
1.0 0.801657 0.125662 0.074029 0.165343
1.0 0.712372 0.034181 0.018493 0.040585
1.0 0.759788 0.085270 0.062922 0.138168
0.0 0.827342 0.177952 0.022660 0.045465
0.0 0.775794 0.184882 0.047221 0.046903
1.0 0.875686 0.125662 0.074029 0.165343
1.0 0.964972 0.034181 0.018493 0.040585
1.0 0.917556 0.085270 0.062922 0.138168
0.0 0.850002 0.177952 0.022660 0.045465
0.0 0.901550 0.184882 0.047221 0.046903
1.0 0.983465 0.034181 0.018493 0.040585
1.0 0.012695 0.291005 0.025391 0.165343
0.0 0.014061 0.238715 0.022660 0.045465
1.0 0.062405 0.291005 0.074029 0.165343
1.0 0.151691 0.382485 0.018493 0.040585
1.0 0.104275 0.331397 0.062922 0.138168
0.0 0.036721 0.238715 0.022660 0.045465
0.0 0.088269 0.231785 0.047221 0.046903
1.0 0.259470 0.291005 0.074029 0.165343
1.0 0.170184 0.382485 0.018493 0.040585
1.0 0.217600 0.331397 0.062922 0.138168
0.0 0.285154 0.238715 0.022660 0.045465
0.0 0.233606 0.231785 0.047221 0.046903
1.0 0.333499 0.291005 0.074029 0.165343
1.0 0.422785 0.382485 0.018493 0.040585
1.0 0.375368 0.331397 0.062922 0.138168
0.0 0.307814 0.238715 0.022660 0.045465
0.0 0.359363 0.231785 0.047221 0.046903
1.0 0.530564 0.291005 0.074029 0.165343
1.0 0.441278 0.382485 0.018493 0.040585
1.0 0.488694 0.331397 0.062922 0.138168
0.0 0.556248 0.238715 0.022660 0.045465
0.0 0.504700 0.231785 0.047221 0.046903
1.0 0.604593 0.291005 0.074029 0.165343
1.0 0.693878 0.382485 0.018493 0.040585
1.0 0.646462 0.331397 0.062922 0.138168
0.0 0.578908 0.238715 0.022660 0.045465
0.0 0.630456 0.231785 0.047221 0.046903
1.0 0.801657 0.291005 0.074029 0.165343
1.0 0.712372 0.382485 0.018493 0.040585
1.0 0.759788 0.331397 0.062922 0.138168
0.0 0.827342 0.238715 0.022660 0.045465
0.0 0.775794 0.231785 0.047221 0.046903
1.0 0.875686 0.291005 0.074029 0.165343
1.0 0.964972 0.382485 0.018493 0.040585
1.0 0.917556 0.331397 0.062922 0.138168
0.0 0.850002 0.238715 0.022660 0.045465
0.0 0.901550 0.231785 0.047221 0.046903
1.0 0.983465 0.382485 0.018493 0.040585
1.0 0.012695 0.514551 0.025391 0.165343
0.0 0.014061 0.566841 0.022660 0.045465
1.0 0.062405 0.514551 0.074029 0.165343
1.0 0.151691 0.423070 0.018493 0.040585
1.0 0.104275 0.474159 0.062922 0.138168
0.0 0.036721 0.566841 0.022660 0.045465
0.0 0.088269 0.573771 0.047221 0.046903
1.0 0.259470 0.514551 0.074029 0.165343
1.0 0.170184 0.423070 0.018493 0.040585
1.0 0.217600 0.474159 0.062922 0.138168
0.0 0.285154 0.566841 0.022660 0.045465
0.0 0.233606 0.573771 0.047221 0.046903
1.0 0.333499 0.514551 0.074029 0.165343
1.0 0.422785 0.423070 0.018493 0.040585
1.0 0.375368 0.474159 0.062922 0.138168
0.0 0.307814 0.566841 0.022660 0.045465
0.0 0.359363 0.573771 0.047221 0.046903
1.0 0.530564 0.514551 0.074029 0.165343
1.0 0.441278 0.423070 0.018493 0.040585
1.0 0.488694 0.474159 0.062922 0.138168
0.0 0.556248 0.566841 0.022660 0.045465
0.0 0.504700 0.573771 0.047221 0.046903
1.0 0.604593 0.514551 0.074029 0.165343
1.0 0.693878 0.423070 0.018493 0.040585
1.0 0.646462 0.474159 0.062922 0.138168
0.0 0.578908 0.566841 0.022660 0.045465
0.0 0.630456 0.573771 0.047221 0.046903
1.0 0.801657 0.514551 0.074029 0.165343
1.0 0.712372 0.423070 0.018493 0.040585
1.0 0.759788 0.474159 0.062922 0.138168
0.0 0.827342 0.566841 0.022660 0.045465
0.0 0.775794 0.573771 0.047221 0.046903
1.0 0.875686 0.514551 0.074029 0.165343
1.0 0.964972 0.423070 0.018493 0.040585
1.0 0.917556 0.474159 0.062922 0.138168
0.0 0.850002 0.566841 0.022660 0.045465
0.0 0.901550 0.573771 0.047221 0.046903
1.0 0.983465 0.423070 0.018493 0.040585
1.0 0.012695 0.679894 0.025391 0.165343
0.0 0.014061 0.627604 0.022660 0.045465
1.0 0.062405 0.679894 0.074029 0.165343
1.0 0.151691 0.771374 0.018493 0.040585
1.0 0.104275 0.720285 0.062922 0.138168
0.0 0.036721 0.627604 0.022660 0.045465
0.0 0.088269 0.620674 0.047221 0.046903
1.0 0.259470 0.679894 0.074029 0.165343
1.0 0.170184 0.771374 0.018493 0.040585
1.0 0.217600 0.720285 0.062922 0.138168
0.0 0.285154 0.627604 0.022660 0.045465
0.0 0.233606 0.620674 0.047221 0.046903
1.0 0.333499 0.679894 0.074029 0.165343
1.0 0.422785 0.771374 0.018493 0.040585
1.0 0.375368 0.720285 0.062922 0.138168
0.0 0.307814 0.627604 0.022660 0.045465
0.0 0.359363 0.620674 0.047221 0.046903
1.0 0.530564 0.679894 0.074029 0.165343
1.0 0.441278 0.771374 0.018493 0.040585
1.0 0.488694 0.720285 0.062922 0.138168
0.0 0.556248 0.627604 0.022660 0.045465
0.0 0.504700 0.620674 0.047221 0.046903
1.0 0.604593 0.679894 0.074029 0.165343
1.0 0.693878 0.771374 0.018493 0.040585
1.0 0.646462 0.720285 0.062922 0.138168
0.0 0.578908 0.627604 0.022660 0.045465
0.0 0.630456 0.620674 0.047221 0.046903
1.0 0.801657 0.679894 0.074029 0.165343
1.0 0.712372 0.771374 0.018493 0.040585
1.0 0.759788 0.720285 0.062922 0.138168
0.0 0.827342 0.627604 0.022660 0.045465
0.0 0.775794 0.620674 0.047221 0.046903
1.0 0.875686 0.679894 0.074029 0.165343
1.0 0.964972 0.771374 0.018493 0.040585
1.0 0.917556 0.720285 0.062922 0.138168
0.0 0.850002 0.627604 0.022660 0.045465
0.0 0.901550 0.620674 0.047221 0.046903
1.0 0.983465 0.771374 0.018493 0.040585
1.0 0.012695 0.903440 0.025391 0.165343
0.0 0.014061 0.955729 0.022660 0.045465
1.0 0.062405 0.903440 0.074029 0.165343
1.0 0.151691 0.811959 0.018493 0.040585
1.0 0.104275 0.863048 0.062922 0.138168
0.0 0.036721 0.955729 0.022660 0.045465
0.0 0.088269 0.962659 0.047221 0.046903
1.0 0.259470 0.903440 0.074029 0.165343
1.0 0.170184 0.811959 0.018493 0.040585
1.0 0.217600 0.863048 0.062922 0.138168
0.0 0.285154 0.955729 0.022660 0.045465
0.0 0.233606 0.962659 0.047221 0.046903
1.0 0.333499 0.903440 0.074029 0.165343
1.0 0.422785 0.811959 0.018493 0.040585
1.0 0.375368 0.863048 0.062922 0.138168
0.0 0.307814 0.955729 0.022660 0.045465
0.0 0.359363 0.962659 0.047221 0.046903
1.0 0.530564 0.903440 0.074029 0.165343
1.0 0.441278 0.811959 0.018493 0.040585
1.0 0.488694 0.863048 0.062922 0.138168
0.0 0.556248 0.955729 0.022660 0.045465
0.0 0.504700 0.962659 0.047221 0.046903
1.0 0.604593 0.903440 0.074029 0.165343
1.0 0.693878 0.811959 0.018493 0.040585
1.0 0.646462 0.863048 0.062922 0.138168
0.0 0.578908 0.955729 0.022660 0.045465
0.0 0.630456 0.962659 0.047221 0.046903
1.0 0.801657 0.903440 0.074029 0.165343
1.0 0.712372 0.811959 0.018493 0.040585
1.0 0.759788 0.863048 0.062922 0.138168
0.0 0.827342 0.955729 0.022660 0.045465
0.0 0.775794 0.962659 0.047221 0.046903
1.0 0.875686 0.903440 0.074029 0.165343
1.0 0.964972 0.811959 0.018493 0.040585
1.0 0.917556 0.863048 0.062922 0.138168
0.0 0.850002 0.955729 0.022660 0.045465
0.0 0.901550 0.962659 0.047221 0.046903
1.0 0.983465 0.811959 0.018493 0.040585
0.0 0.014061 0.996880 0.022660 0.006240
0.0 0.036721 0.996880 0.022660 0.006240
0.0 0.088269 0.993056 0.047221 0.013889
0.0 0.285154 0.996880 0.022660 0.006240
0.0 0.233606 0.993056 0.047221 0.013889
0.0 0.307814 0.996880 0.022660 0.006240
0.0 0.359363 0.993056 0.047221 0.013889
0.0 0.556248 0.996880 0.022660 0.006240
0.0 0.504700 0.993056 0.047221 0.013889
0.0 0.578908 0.996880 0.022660 0.006240
0.0 0.630456 0.993056 0.047221 0.013889
0.0 0.827342 0.996880 0.022660 0.006240
0.0 0.775794 0.993056 0.047221 0.013889
0.0 0.850002 0.996880 0.022660 0.006240
0.0 0.901550 0.993056 0.047221 0.013889
