1.0 0.079687 0.072293 0.159375 0.144585
1.0 0.239529 0.072293 0.160307 0.144585
1.0 0.533128 0.072293 0.160307 0.144585
1.0 0.693435 0.072293 0.160307 0.144585
1.0 0.953440 0.072293 0.093120 0.144585
1.0 0.079687 0.485027 0.159375 0.223112
1.0 0.079687 0.642215 0.159375 0.197514
1.0 0.239529 0.485027 0.160307 0.223112
1.0 0.247688 0.642215 0.176626 0.197514
1.0 0.533128 0.485027 0.160307 0.223112
1.0 0.524968 0.642215 0.176626 0.197514
1.0 0.693435 0.485027 0.160307 0.223112
1.0 0.701594 0.642215 0.176626 0.197514
1.0 0.953440 0.485027 0.093120 0.223112
1.0 0.945281 0.642215 0.109439 0.197514
1.0 0.079687 0.942681 0.159375 0.114638
1.0 0.079687 0.839729 0.159375 0.197514
1.0 0.239529 0.942681 0.160307 0.114638
1.0 0.247688 0.839729 0.176626 0.197514
1.0 0.533128 0.942681 0.160307 0.114638
1.0 0.524968 0.839729 0.176626 0.197514
1.0 0.693435 0.942681 0.160307 0.114638
1.0 0.701594 0.839729 0.176626 0.197514
1.0 0.953440 0.942681 0.093120 0.114638
1.0 0.945281 0.839729 0.109439 0.197514
