1.0 0.050579 0.612791 0.101159 0.250413
1.0 0.260291 0.653210 0.095042 0.215803
1.0 0.077350 0.626278 0.154701 0.236463
1.0 0.019341 0.498453 0.038681 0.050462
0.0 0.117987 0.727291 0.055803 0.053479
1.0 0.603132 0.612791 0.177330 0.250413
1.0 0.355334 0.653210 0.095042 0.215803
1.0 0.541175 0.626278 0.160502 0.236463
1.0 0.610321 0.498453 0.066754 0.050462
0.0 0.497638 0.727291 0.055803 0.053479
1.0 0.780462 0.612791 0.177330 0.250413
1.0 0.990369 0.653210 0.019261 0.215803
1.0 0.842418 0.626278 0.160502 0.236463
1.0 0.773273 0.498453 0.066754 0.050462
0.0 0.885956 0.727291 0.055803 0.053479
1.0 0.050579 0.892113 0.101159 0.215775
1.0 0.260291 0.869013 0.095042 0.215803
1.0 0.077350 0.888856 0.154701 0.222288
0.0 0.117987 0.794931 0.055803 0.053479
1.0 0.603132 0.892113 0.177330 0.215775
1.0 0.355334 0.869013 0.095042 0.215803
1.0 0.541175 0.888856 0.160502 0.222288
0.0 0.497638 0.794931 0.055803 0.053479
1.0 0.780462 0.892113 0.177330 0.215775
1.0 0.990369 0.869013 0.019261 0.215803
1.0 0.842418 0.888856 0.160502 0.222288
0.0 0.885956 0.794931 0.055803 0.053479
