1.0 0.172667 0.577500 0.050667 0.115000
1.0 0.248333 0.578000 0.038000 0.114000
1.0 0.613000 0.714000 0.118000 0.378000
1.0 0.780667 0.575000 0.054667 0.116000
1.0 0.868667 0.576500 0.042667 0.115000
1.0 0.422000 0.708360 0.113333 0.372710
1.0 0.273000 0.576000 0.024667 0.106000
1.0 0.762000 0.576000 0.021333 0.106000
1.0 0.842333 0.576500 0.031333 0.103000
1.0 0.196333 0.582000 0.028667 0.096000
1.0 0.674333 0.578500 0.027333 0.041000
1.0 0.550000 0.581000 0.018667 0.120000
1.0 0.518667 0.582500 0.082667 0.125000
1.0 0.482667 0.578000 0.013333 0.112000
1.0 0.907000 0.567000 0.042000 0.046000
1.0 0.726333 0.588000 0.015333 0.010000
0.0 0.621907 0.905000 0.121907 0.087140
0.0 0.412380 0.904290 0.123807 0.088570
