1.0 0.091602 0.062153 0.167578 0.124306
1.0 0.506055 0.062153 0.167578 0.124306
1.0 0.896289 0.062153 0.167578 0.124306
1.0 0.091602 0.485764 0.167578 0.295139
0.0 0.162891 0.595139 0.050781 0.081944
0.0 0.022461 0.597222 0.044922 0.079167
0.0 0.119531 0.603125 0.032031 0.046528
0.0 0.258594 0.613889 0.029687 0.048611
1.0 0.506055 0.485764 0.167578 0.295139
0.0 0.434766 0.595139 0.050781 0.081944
0.0 0.579492 0.597222 0.053516 0.079167
1.0 0.654492 0.510417 0.021484 0.029167
0.0 0.478125 0.603125 0.032031 0.046528
0.0 0.339063 0.613889 0.029687 0.048611
1.0 0.896289 0.485764 0.167578 0.295139
0.0 0.967578 0.595139 0.050781 0.081944
0.0 0.822852 0.597222 0.053516 0.079167
1.0 0.747852 0.510417 0.021484 0.029167
0.0 0.924219 0.603125 0.032031 0.046528
1.0 0.091602 0.951389 0.167578 0.097222
0.0 0.162891 0.940972 0.050781 0.081944
0.0 0.022461 0.938889 0.044922 0.079167
0.0 0.119531 0.932986 0.032031 0.046528
0.0 0.258594 0.922222 0.029687 0.048611
1.0 0.506055 0.951389 0.167578 0.097222
0.0 0.434766 0.940972 0.050781 0.081944
0.0 0.579492 0.938889 0.053516 0.079167
0.0 0.478125 0.932986 0.032031 0.046528
0.0 0.339063 0.922222 0.029687 0.048611
1.0 0.896289 0.951389 0.167578 0.097222
0.0 0.967578 0.940972 0.050781 0.081944
0.0 0.822852 0.938889 0.053516 0.079167
0.0 0.924219 0.932986 0.032031 0.046528
