1.0 0.128084 0.145833 0.153095 0.291667
0.0 0.196816 0.051430 0.111864 0.102859
0.0 0.058246 0.068204 0.096456 0.136408
1.0 0.520354 0.145833 0.153095 0.291667
0.0 0.451621 0.051430 0.111864 0.102859
0.0 0.590192 0.068204 0.096456 0.136408
1.0 0.831209 0.145833 0.153095 0.291667
0.0 0.899941 0.051430 0.111864 0.102859
0.0 0.761371 0.068204 0.096456 0.136408
1.0 0.128084 0.464350 0.153095 0.345366
0.0 0.196816 0.594404 0.111864 0.227859
0.0 0.058246 0.528702 0.096456 0.163552
1.0 0.520354 0.464350 0.153095 0.345366
0.0 0.451621 0.594404 0.111864 0.227859
0.0 0.590192 0.528702 0.096456 0.163552
1.0 0.831209 0.464350 0.153095 0.345366
0.0 0.899941 0.594404 0.111864 0.227859
0.0 0.761371 0.528702 0.096456 0.163552
1.0 0.128084 0.889817 0.153095 0.220366
0.0 0.196816 0.822263 0.111864 0.227859
0.0 0.058246 0.887965 0.096456 0.163552
1.0 0.520354 0.889817 0.153095 0.220366
0.0 0.451621 0.822263 0.111864 0.227859
0.0 0.590192 0.887965 0.096456 0.163552
1.0 0.831209 0.889817 0.153095 0.220366
0.0 0.899941 0.822263 0.111864 0.227859
0.0 0.761371 0.887965 0.096456 0.163552
