1.0 0.678030 0.685229 0.157542 0.366890
1.0 0.225519 0.456932 0.064866 0.115028
1.0 0.621165 0.550044 0.030073 0.109113
1.0 0.864044 0.603084 0.066617 0.115435
1.0 0.469023 0.651461 0.159241 0.399877
1.0 0.945473 0.622013 0.075373 0.117471
1.0 0.314943 0.476579 0.064636 0.112802
1.0 0.330819 0.479130 0.035928 0.099610
1.0 0.843906 0.598403 0.032425 0.098796
1.0 0.248169 0.463337 0.042702 0.099012
1.0 0.751741 0.579257 0.031699 0.042134
1.0 0.927021 0.618362 0.037550 0.098770
1.0 0.552109 0.532851 0.028092 0.106480
1.0 0.985127 0.631550 0.029747 0.065719
0.0 0.668299 0.856479 0.140239 0.107432
0.0 0.446753 0.802447 0.130247 0.102697
0.0 0.954755 0.672934 0.045695 0.028722
0.0 0.206437 0.500872 0.049966 0.033343
0.0 0.428352 0.964601 0.130247 0.070799
