0.0 0.130780 0.667161 0.065284 0.110137
0.0 0.108483 0.620603 0.057912 0.080540
0.0 0.193671 0.698060 0.062695 0.096250
0.0 0.179619 0.643875 0.028229 0.057736
0.0 0.034259 0.777007 0.068518 0.096733
0.0 0.122462 0.795764 0.062717 0.072361
1.0 0.136782 0.778615 0.036087 0.054146
1.0 0.595809 0.794098 0.034226 0.061675
0.0 0.607760 0.678079 0.059428 0.109361
0.0 0.361407 0.667161 0.065284 0.110137
0.0 0.547641 0.697242 0.063998 0.111069
0.0 0.626128 0.620874 0.057270 0.078842
0.0 0.549502 0.655580 0.044459 0.075591
0.0 0.383705 0.620603 0.057912 0.080540
0.0 0.298516 0.698060 0.062695 0.096250
0.0 0.312568 0.643875 0.028229 0.057736
0.0 0.459794 0.777007 0.072249 0.096733
0.0 0.369726 0.795764 0.062717 0.072361
1.0 0.355406 0.778615 0.036087 0.054146
1.0 0.912003 0.794098 0.034226 0.061675
0.0 0.900052 0.678079 0.059428 0.109361
0.0 0.960171 0.697242 0.063998 0.111069
0.0 0.881685 0.620874 0.057270 0.078842
0.0 0.958311 0.655580 0.044459 0.075591
0.0 0.130780 0.970830 0.065284 0.058340
0.0 0.193671 0.958852 0.062695 0.082296
0.0 0.179619 0.995573 0.028229 0.008854
0.0 0.034259 0.886881 0.068518 0.096733
0.0 0.122462 0.868125 0.062717 0.072361
1.0 0.136782 0.885274 0.036087 0.054146
1.0 0.595809 0.869791 0.034226 0.061675
0.0 0.607760 0.965565 0.059428 0.068871
0.0 0.361407 0.970830 0.065284 0.058340
0.0 0.547641 0.955556 0.063998 0.088888
0.0 0.549502 0.985257 0.044459 0.029487
0.0 0.298516 0.958852 0.062695 0.082296
0.0 0.312568 0.995573 0.028229 0.008854
0.0 0.459794 0.886881 0.072249 0.096733
0.0 0.369726 0.868125 0.062717 0.072361
1.0 0.355406 0.885274 0.036087 0.054146
1.0 0.912003 0.869791 0.034226 0.061675
0.0 0.900052 0.965565 0.059428 0.068871
0.0 0.960171 0.955556 0.063998 0.088888
0.0 0.958311 0.985257 0.044459 0.029487
