0.0 0.112374 0.089543 0.224748 0.179086
0.0 0.438421 0.089543 0.263838 0.179086
0.0 0.949205 0.089543 0.101590 0.179086
0.0 0.112374 0.512888 0.224748 0.564503
0.0 0.014981 0.610013 0.029962 0.370252
0.0 0.438421 0.512888 0.263838 0.564503
0.0 0.617832 0.610013 0.233087 0.370252
0.0 0.949205 0.512888 0.101590 0.564503
0.0 0.850918 0.610013 0.233087 0.370252
0.0 0.112374 0.897569 0.224748 0.204861
0.0 0.438421 0.897569 0.263838 0.204861
0.0 0.617832 0.897569 0.233087 0.204861
0.0 0.949205 0.897569 0.101590 0.204861
0.0 0.850918 0.897569 0.233087 0.204861
