1.0 0.087331 0.098545 0.161420 0.197089
1.0 0.510325 0.098545 0.161420 0.197089
1.0 0.892018 0.098545 0.161420 0.197089
0.0 0.261982 0.690108 0.073692 0.155895
1.0 0.087331 0.469950 0.161420 0.409078
0.0 0.118397 0.631733 0.075577 0.161406
0.0 0.022970 0.569340 0.045940 0.133093
0.0 0.335674 0.690108 0.073692 0.155895
1.0 0.510325 0.469950 0.161420 0.409078
0.0 0.479259 0.631733 0.075577 0.161406
0.0 0.581215 0.569340 0.058997 0.133093
1.0 0.892018 0.469950 0.161420 0.409078
0.0 0.923084 0.631733 0.075577 0.161406
0.0 0.821129 0.569340 0.058997 0.133093
0.0 0.261982 0.846003 0.073692 0.155895
1.0 0.087331 0.930811 0.161420 0.138378
0.0 0.118397 0.904378 0.075577 0.161406
0.0 0.022970 0.950112 0.045940 0.099775
0.0 0.335674 0.846003 0.073692 0.155895
1.0 0.510325 0.930811 0.161420 0.138378
0.0 0.479259 0.904378 0.075577 0.161406
0.0 0.581215 0.950112 0.058997 0.099775
1.0 0.892018 0.930811 0.161420 0.138378
0.0 0.923084 0.904378 0.075577 0.161406
0.0 0.821129 0.950112 0.058997 0.099775
