1.0 0.100737 0.115625 0.201474 0.231250
0.0 0.027664 0.024915 0.055328 0.049830
0.0 0.178271 0.007351 0.080210 0.014701
1.0 0.502161 0.115625 0.211957 0.231250
0.0 0.594462 0.024915 0.104269 0.049830
0.0 0.419386 0.007351 0.080210 0.014701
1.0 0.897102 0.115625 0.205796 0.231250
0.0 0.807881 0.024915 0.104269 0.049830
1.0 0.100737 0.397191 0.201474 0.331882
0.0 0.027664 0.486568 0.055328 0.147795
0.0 0.178271 0.508762 0.080210 0.121927
1.0 0.502161 0.397191 0.211957 0.331882
0.0 0.594462 0.486568 0.104269 0.147795
0.0 0.419386 0.508762 0.080210 0.121927
1.0 0.897102 0.397191 0.205796 0.331882
0.0 0.807881 0.486568 0.104269 0.147795
0.0 0.971427 0.508762 0.057147 0.121927
0.0 0.178271 0.983193 0.080210 0.033615
0.0 0.594462 0.987823 0.104269 0.024354
0.0 0.419386 0.983193 0.080210 0.033615
0.0 0.807881 0.987823 0.104269 0.024354
0.0 0.971427 0.983193 0.057147 0.033615
