0.0 0.079095 0.133400 0.158191 0.108200
0.0 0.064110 0.034394 0.128220 0.068789
0.0 0.504551 0.133400 0.262983 0.108200
0.0 0.534522 0.034394 0.262983 0.068789
0.0 0.916354 0.133400 0.167292 0.108200
0.0 0.901368 0.034394 0.197264 0.068789
0.0 0.079095 0.241600 0.158191 0.108200
0.0 0.064110 0.433446 0.128220 0.254469
0.0 0.052736 0.644557 0.105473 0.263754
0.0 0.504551 0.241600 0.262983 0.108200
0.0 0.534522 0.433446 0.262983 0.254469
0.0 0.560761 0.644557 0.269968 0.263754
0.0 0.916354 0.241600 0.167292 0.108200
0.0 0.901368 0.433446 0.197264 0.254469
0.0 0.886503 0.644557 0.226995 0.263754
0.0 0.052736 0.924283 0.105473 0.151434
0.0 0.560761 0.924283 0.269968 0.151434
0.0 0.886503 0.924283 0.226995 0.151434
