0.0 0.027549 0.036240 0.055098 0.072479
0.0 0.223891 0.036240 0.151727 0.072479
0.0 0.510484 0.036240 0.151727 0.072479
0.0 0.755141 0.036240 0.151727 0.072479
0.0 0.982936 0.036240 0.034129 0.072479
0.0 0.024466 0.282639 0.048932 0.064326
0.0 0.027549 0.168604 0.055098 0.087722
0.0 0.221012 0.282639 0.133637 0.064326
0.0 0.223891 0.168604 0.151727 0.087722
0.0 0.513363 0.282639 0.133637 0.064326
0.0 0.510484 0.168604 0.151727 0.087722
0.0 0.752262 0.282639 0.133637 0.064326
0.0 0.755141 0.168604 0.151727 0.087722
0.0 0.988897 0.282639 0.022205 0.064326
0.0 0.982936 0.168604 0.034129 0.087722
0.0 0.024466 0.449306 0.048932 0.064326
0.0 0.027549 0.563340 0.055098 0.087722
0.0 0.221012 0.449306 0.133637 0.064326
0.0 0.223891 0.563340 0.151727 0.087722
0.0 0.513363 0.449306 0.133637 0.064326
0.0 0.510484 0.563340 0.151727 0.087722
0.0 0.752262 0.449306 0.133637 0.064326
0.0 0.755141 0.563340 0.151727 0.087722
0.0 0.988897 0.449306 0.022205 0.064326
0.0 0.982936 0.563340 0.034129 0.087722
0.0 0.024466 0.817361 0.048932 0.064326
0.0 0.027549 0.703326 0.055098 0.087722
0.0 0.221012 0.817361 0.133637 0.064326
0.0 0.223891 0.703326 0.151727 0.087722
0.0 0.513363 0.817361 0.133637 0.064326
0.0 0.510484 0.703326 0.151727 0.087722
0.0 0.752262 0.817361 0.133637 0.064326
0.0 0.755141 0.703326 0.151727 0.087722
0.0 0.988897 0.817361 0.022205 0.064326
0.0 0.982936 0.703326 0.034129 0.087722
0.0 0.024466 0.975932 0.048932 0.048135
0.0 0.221012 0.975932 0.133637 0.048135
0.0 0.513363 0.975932 0.133637 0.048135
0.0 0.752262 0.975932 0.133637 0.048135
0.0 0.988897 0.975932 0.022205 0.048135
