0.0 0.088639 0.763806 0.140878 0.246812
0.0 0.041260 0.697102 0.082519 0.297034
0.0 0.007892 0.822222 0.015783 0.136111
0.0 0.325423 0.763806 0.140878 0.246812
0.0 0.472649 0.697102 0.282212 0.297034
0.0 0.471905 0.822222 0.147251 0.136111
0.0 0.619062 0.766597 0.225713 0.224024
0.0 0.606965 0.728571 0.302793 0.318317
0.0 0.606268 0.574481 0.114475 0.113411
0.0 0.927010 0.766597 0.145981 0.224024
0.0 0.913788 0.728571 0.172424 0.318317
0.0 0.961216 0.574481 0.077568 0.113411
0.0 0.088639 0.946672 0.140878 0.106656
0.0 0.325423 0.946672 0.140878 0.106656
0.0 0.472649 0.967468 0.282212 0.065064
0.0 0.471905 0.945139 0.147251 0.109722
0.0 0.619062 0.950974 0.225713 0.098053
0.0 0.606965 0.946413 0.302793 0.107174
0.0 0.927010 0.950974 0.145981 0.098053
0.0 0.913788 0.946413 0.172424 0.107174
