1.0 0.531362 0.546754 0.175783 0.354435
1.0 0.676527 0.545406 0.208300 0.367053
1.0 0.039970 0.528936 0.079940 0.286230
1.0 0.828066 0.435982 0.076695 0.126310
1.0 0.972019 0.449930 0.055961 0.049640
1.0 0.363368 0.469819 0.033048 0.029943
1.0 0.230593 0.489408 0.037553 0.037169
1.0 0.075715 0.489690 0.030026 0.071224
1.0 0.183313 0.490938 0.037447 0.033704
1.0 0.435228 0.463119 0.035512 0.040486
1.0 0.781489 0.425311 0.024355 0.025885
1.0 0.900297 0.441409 0.041316 0.020142
1.0 0.851454 0.462144 0.033789 0.054197
0.0 0.757602 0.699350 0.138976 0.055170
0.0 0.628463 0.728791 0.156632 0.059536
