1.0 0.006055 0.036458 0.012109 0.072917
0.0 0.001683 0.071924 0.003365 0.032736
1.0 0.300195 0.040972 0.046484 0.081944
1.0 0.269922 0.036458 0.031250 0.072917
0.0 0.276898 0.071924 0.027715 0.032736
0.0 0.324980 0.069937 0.026043 0.029431
1.0 0.455273 0.040972 0.046484 0.081944
1.0 0.485547 0.036458 0.031250 0.072917
0.0 0.478570 0.071924 0.027715 0.032736
0.0 0.430488 0.069937 0.026043 0.029431
1.0 0.789258 0.040972 0.046484 0.081944
1.0 0.758984 0.036458 0.031250 0.072917
0.0 0.765961 0.071924 0.027715 0.032736
0.0 0.814043 0.069937 0.026043 0.029431
1.0 0.944336 0.040972 0.046484 0.081944
1.0 0.974609 0.036458 0.031250 0.072917
0.0 0.967633 0.071924 0.027715 0.032736
0.0 0.919551 0.069937 0.026043 0.029431
1.0 0.006055 0.238542 0.012109 0.089583
1.0 0.128320 0.309722 0.009766 0.018056
0.0 0.001683 0.194743 0.003365 0.032736
1.0 0.300195 0.230903 0.046484 0.092361
1.0 0.269922 0.238542 0.031250 0.089583
1.0 0.138086 0.309722 0.009766 0.018056
0.0 0.276898 0.194743 0.027715 0.032736
0.0 0.324980 0.196729 0.026043 0.029431
1.0 0.455273 0.230903 0.046484 0.092361
1.0 0.485547 0.238542 0.031250 0.089583
1.0 0.617383 0.309722 0.009766 0.018056
0.0 0.478570 0.194743 0.027715 0.032736
0.0 0.430488 0.196729 0.026043 0.029431
1.0 0.789258 0.230903 0.046484 0.092361
1.0 0.758984 0.238542 0.031250 0.089583
1.0 0.627148 0.309722 0.009766 0.018056
0.0 0.765961 0.194743 0.027715 0.032736
0.0 0.814043 0.196729 0.026043 0.029431
1.0 0.944336 0.230903 0.046484 0.092361
1.0 0.974609 0.238542 0.031250 0.089583
0.0 0.967633 0.194743 0.027715 0.032736
0.0 0.919551 0.196729 0.026043 0.029431
1.0 0.006055 0.517014 0.012109 0.089583
1.0 0.128320 0.445833 0.009766 0.018056
0.0 0.001683 0.560812 0.003365 0.032736
1.0 0.300195 0.524653 0.046484 0.092361
1.0 0.269922 0.517014 0.031250 0.089583
1.0 0.138086 0.445833 0.009766 0.018056
0.0 0.276898 0.560812 0.027715 0.032736
0.0 0.324980 0.558826 0.026043 0.029431
1.0 0.455273 0.524653 0.046484 0.092361
1.0 0.485547 0.517014 0.031250 0.089583
1.0 0.617383 0.445833 0.009766 0.018056
0.0 0.478570 0.560812 0.027715 0.032736
0.0 0.430488 0.558826 0.026043 0.029431
1.0 0.789258 0.524653 0.046484 0.092361
1.0 0.758984 0.517014 0.031250 0.089583
1.0 0.627148 0.445833 0.009766 0.018056
0.0 0.765961 0.560812 0.027715 0.032736
0.0 0.814043 0.558826 0.026043 0.029431
1.0 0.944336 0.524653 0.046484 0.092361
1.0 0.974609 0.517014 0.031250 0.089583
0.0 0.967633 0.560812 0.027715 0.032736
0.0 0.919551 0.558826 0.026043 0.029431
1.0 0.006055 0.727431 0.012109 0.089583
1.0 0.128320 0.798611 0.009766 0.018056
0.0 0.001683 0.683632 0.003365 0.032736
1.0 0.300195 0.719792 0.046484 0.092361
1.0 0.269922 0.727431 0.031250 0.089583
1.0 0.138086 0.798611 0.009766 0.018056
0.0 0.276898 0.683632 0.027715 0.032736
0.0 0.324980 0.685618 0.026043 0.029431
1.0 0.455273 0.719792 0.046484 0.092361
1.0 0.485547 0.727431 0.031250 0.089583
1.0 0.617383 0.798611 0.009766 0.018056
0.0 0.478570 0.683632 0.027715 0.032736
0.0 0.430488 0.685618 0.026043 0.029431
1.0 0.789258 0.719792 0.046484 0.092361
1.0 0.758984 0.727431 0.031250 0.089583
1.0 0.627148 0.798611 0.009766 0.018056
0.0 0.765961 0.683632 0.027715 0.032736
0.0 0.814043 0.685618 0.026043 0.029431
1.0 0.944336 0.719792 0.046484 0.092361
1.0 0.974609 0.727431 0.031250 0.089583
0.0 0.967633 0.683632 0.027715 0.032736
0.0 0.919551 0.685618 0.026043 0.029431
1.0 0.006055 0.980556 0.012109 0.038889
1.0 0.128320 0.934722 0.009766 0.018056
1.0 0.300195 0.983681 0.046484 0.032639
1.0 0.269922 0.980556 0.031250 0.038889
1.0 0.138086 0.934722 0.009766 0.018056
1.0 0.455273 0.983681 0.046484 0.032639
1.0 0.485547 0.980556 0.031250 0.038889
1.0 0.617383 0.934722 0.009766 0.018056
1.0 0.789258 0.983681 0.046484 0.032639
1.0 0.758984 0.980556 0.031250 0.038889
1.0 0.627148 0.934722 0.009766 0.018056
1.0 0.944336 0.983681 0.046484 0.032639
1.0 0.974609 0.980556 0.031250 0.038889
