1.0 0.143339 0.238365 0.171258 0.106603
1.0 0.161438 0.110208 0.171258 0.220416
0.0 0.238119 0.039555 0.126069 0.079110
0.0 0.077499 0.039916 0.109882 0.079833
1.0 0.505098 0.238365 0.171258 0.106603
1.0 0.487000 0.110208 0.171258 0.220416
0.0 0.410318 0.039555 0.126069 0.079110
0.0 0.570939 0.039916 0.109882 0.079833
1.0 0.846464 0.238365 0.171258 0.106603
1.0 0.864563 0.110208 0.171258 0.220416
0.0 0.939105 0.039555 0.121791 0.079110
0.0 0.780624 0.039916 0.109882 0.079833
1.0 0.143339 0.344968 0.171258 0.106603
1.0 0.161438 0.497966 0.171258 0.270096
0.0 0.238119 0.591152 0.126069 0.173856
0.0 0.077499 0.563644 0.109882 0.120287
0.0 0.249495 0.680052 0.126069 0.056562
1.0 0.505098 0.344968 0.171258 0.106603
1.0 0.487000 0.497966 0.171258 0.270096
0.0 0.410318 0.591152 0.126069 0.173856
0.0 0.570939 0.563644 0.109882 0.120287
0.0 0.398943 0.680052 0.126069 0.056562
1.0 0.846464 0.344968 0.171258 0.106603
1.0 0.864563 0.497966 0.171258 0.270096
0.0 0.939105 0.591152 0.121791 0.173856
0.0 0.780624 0.563644 0.109882 0.120287
0.0 0.944793 0.680052 0.110415 0.056562
1.0 0.161438 0.891827 0.171258 0.216347
0.0 0.238119 0.825515 0.126069 0.173856
0.0 0.077499 0.853023 0.109882 0.120287
0.0 0.249495 0.736615 0.126069 0.056562
1.0 0.487000 0.891827 0.171258 0.216347
0.0 0.410318 0.825515 0.126069 0.173856
0.0 0.570939 0.853023 0.109882 0.120287
0.0 0.398943 0.736615 0.126069 0.056562
1.0 0.864563 0.891827 0.171258 0.216347
0.0 0.939105 0.825515 0.121791 0.173856
0.0 0.780624 0.853023 0.109882 0.120287
0.0 0.944793 0.736615 0.110415 0.056562
