1.0 0.216332 0.599814 0.432664 0.190116
1.0 0.396342 0.077387 0.123603 0.058595
1.0 0.364064 0.499103 0.145521 0.032924
1.0 0.343162 0.839162 0.163804 0.095500
1.0 0.223734 0.348804 0.447468 0.166229
1.0 0.333209 0.956912 0.171965 0.086175
1.0 0.391474 0.161186 0.125273 0.061788
1.0 0.392046 0.176292 0.115891 0.034255
1.0 0.346116 0.807426 0.144853 0.042041
1.0 0.393743 0.098182 0.110109 0.039010
1.0 0.352764 0.672330 0.054805 0.042306
1.0 0.335311 0.940874 0.149705 0.053285
1.0 0.371823 0.414989 0.138087 0.029461
0.0 0.035885 0.355043 0.071770 0.141295
0.0 0.255851 0.980674 0.036937 0.038653
0.0 0.342719 0.068814 0.029959 0.044817
