1.0 0.039658 0.488180 0.058512 0.032850
1.0 0.528604 0.553111 0.148224 0.237745
1.0 0.402315 0.553692 0.176394 0.245939
1.0 0.961455 0.535725 0.077090 0.192022
1.0 0.268956 0.481360 0.065073 0.084581
1.0 0.138733 0.492318 0.058512 0.032850
1.0 0.673647 0.499434 0.028386 0.019897
1.0 0.789417 0.511297 0.032212 0.024735
1.0 0.924139 0.509897 0.025167 0.047830
1.0 0.830564 0.511845 0.032168 0.022394
1.0 0.611046 0.495648 0.030386 0.026997
1.0 0.309320 0.473675 0.020866 0.017244
1.0 0.206203 0.485766 0.035734 0.013187
1.0 0.248981 0.499266 0.028689 0.036282
0.0 0.333965 0.658477 0.120377 0.035855
0.0 0.446711 0.677031 0.135707 0.038624
0.0 0.867396 0.644566 0.159630 0.046429
