1.0 0.053906 0.110764 0.107813 0.221528
1.0 0.525977 0.110764 0.205078 0.221528
0.0 0.651477 0.010417 0.122395 0.020833
1.0 0.920117 0.110764 0.159766 0.221528
0.0 0.817273 0.010417 0.122395 0.020833
1.0 0.053906 0.437500 0.107813 0.429167
0.0 0.105469 0.642361 0.172742 0.270833
0.0 0.051758 0.632986 0.103516 0.186806
1.0 0.525977 0.437500 0.205078 0.429167
0.0 0.425781 0.642361 0.172742 0.270833
0.0 0.651477 0.517361 0.122395 0.187500
0.0 0.488672 0.632986 0.121875 0.186806
1.0 0.920117 0.437500 0.159766 0.429167
0.0 0.978299 0.642361 0.043402 0.270833
0.0 0.817273 0.517361 0.122395 0.187500
0.0 0.959570 0.632986 0.080859 0.186806
1.0 0.053906 0.951736 0.107813 0.096528
0.0 0.105469 0.888889 0.172742 0.222222
0.0 0.051758 0.914583 0.103516 0.170833
1.0 0.525977 0.951736 0.205078 0.096528
0.0 0.425781 0.888889 0.172742 0.222222
0.0 0.651477 0.972222 0.122395 0.055556
0.0 0.488672 0.914583 0.121875 0.170833
1.0 0.920117 0.951736 0.159766 0.096528
0.0 0.978299 0.888889 0.043402 0.222222
0.0 0.817273 0.972222 0.122395 0.055556
0.0 0.959570 0.914583 0.080859 0.170833
