1.0 0.181090 0.094099 0.090588 0.150011
0.0 0.222561 0.048922 0.025694 0.043465
1.0 0.506410 0.094099 0.090588 0.150011
0.0 0.464939 0.048922 0.025694 0.043465
1.0 0.806090 0.094099 0.090588 0.150011
0.0 0.847561 0.048922 0.025694 0.043465
1.0 0.181090 0.535068 0.090588 0.150011
0.0 0.222561 0.580244 0.025694 0.043465
1.0 0.506410 0.535068 0.090588 0.150011
0.0 0.464939 0.580244 0.025694 0.043465
1.0 0.806090 0.535068 0.090588 0.150011
0.0 0.847561 0.580244 0.025694 0.043465
1.0 0.181090 0.835766 0.090588 0.150011
0.0 0.222561 0.790589 0.025694 0.043465
1.0 0.506410 0.835766 0.090588 0.150011
0.0 0.464939 0.790589 0.025694 0.043465
1.0 0.806090 0.835766 0.090588 0.150011
0.0 0.847561 0.790589 0.025694 0.043465
