1.0 0.220908 0.113618 0.058185 0.227235
1.0 0.111584 0.098066 0.071931 0.196133
1.0 0.031308 0.085395 0.062616 0.170790
1.0 0.279092 0.113618 0.058185 0.227235
1.0 0.388416 0.098066 0.071931 0.196133
1.0 0.570183 0.062045 0.091130 0.124090
1.0 0.646290 0.048754 0.092618 0.097507
1.0 0.471442 0.085395 0.068115 0.170790
1.0 0.593282 0.139641 0.033173 0.067053
1.0 0.929817 0.062045 0.091130 0.124090
1.0 0.853710 0.048754 0.092618 0.097507
1.0 0.906718 0.139641 0.033173 0.067053
1.0 0.220908 0.425716 0.058185 0.305904
0.0 0.235247 0.580353 0.029507 0.069433
1.0 0.111584 0.456819 0.071931 0.305904
1.0 0.031308 0.480808 0.062616 0.303196
0.0 0.127072 0.610147 0.035765 0.069433
1.0 0.279092 0.425716 0.058185 0.305904
0.0 0.264753 0.580353 0.029507 0.069433
1.0 0.388416 0.456819 0.071931 0.305904
1.0 0.570183 0.520471 0.091130 0.289123
1.0 0.646290 0.552312 0.092618 0.299638
1.0 0.471442 0.480808 0.068115 0.303196
1.0 0.593282 0.360359 0.033173 0.067053
0.0 0.372928 0.610147 0.035765 0.069433
0.0 0.618500 0.673674 0.034948 0.063312
0.0 0.666403 0.669294 0.019467 0.049895
1.0 0.929817 0.520471 0.091130 0.289123
1.0 0.853710 0.552312 0.092618 0.299638
1.0 0.906718 0.360359 0.033173 0.067053
0.0 0.881500 0.673674 0.034948 0.063312
0.0 0.833597 0.669294 0.019467 0.049895
1.0 0.220908 0.960666 0.058185 0.078668
0.0 0.235247 0.919647 0.029507 0.069433
1.0 0.111584 0.945114 0.071931 0.109771
1.0 0.031308 0.933797 0.062616 0.132406
0.0 0.127072 0.889853 0.035765 0.069433
1.0 0.279092 0.960666 0.058185 0.078668
0.0 0.264753 0.919647 0.029507 0.069433
1.0 0.388416 0.945114 0.071931 0.109771
1.0 0.570183 0.917484 0.091130 0.165033
1.0 0.646290 0.898935 0.092618 0.202131
1.0 0.471442 0.933797 0.068115 0.132406
0.0 0.372928 0.889853 0.035765 0.069433
0.0 0.618500 0.826326 0.034948 0.063312
0.0 0.666403 0.830706 0.019467 0.049895
1.0 0.929817 0.917484 0.091130 0.165033
1.0 0.853710 0.898935 0.092618 0.202131
0.0 0.881500 0.826326 0.034948 0.063312
0.0 0.833597 0.830706 0.019467 0.049895
