1.0 0.286006 0.524376 0.158863 0.333412
1.0 0.720602 0.577713 0.063503 0.106708
1.0 0.365277 0.444969 0.032394 0.096797
1.0 0.148104 0.360148 0.065074 0.107300
1.0 0.470142 0.606969 0.162112 0.361637
1.0 0.075028 0.332638 0.072932 0.110258
1.0 0.640615 0.546580 0.063181 0.104787
1.0 0.626632 0.540295 0.037072 0.089558
1.0 0.166176 0.366952 0.033929 0.088375
1.0 0.700011 0.570983 0.043037 0.090004
1.0 0.248360 0.399933 0.030287 0.040203
1.0 0.091439 0.339388 0.038464 0.089074
1.0 0.427513 0.467377 0.030501 0.094284
1.0 0.029025 0.313053 0.051512 0.063385
0.0 0.254565 0.667960 0.129814 0.110863
0.0 0.453971 0.740762 0.120719 0.105442
0.0 0.055408 0.368932 0.041965 0.030793
0.0 0.726526 0.623276 0.045991 0.035314
1.0 0.212079 0.899755 0.158863 0.200489
1.0 0.038820 0.979827 0.065074 0.040345
1.0 0.400394 0.921509 0.162112 0.156982
0.0 0.229565 0.817379 0.129814 0.110863
0.0 0.428257 0.894446 0.120719 0.105442
