0.0 0.017178 0.192809 0.034356 0.251883
0.0 0.009774 0.126138 0.019547 0.150697
0.0 0.070712 0.175794 0.099400 0.253506
0.0 0.140826 0.193152 0.103355 0.235006
0.0 0.069537 0.106174 0.058268 0.148485
0.0 0.060173 0.110880 0.066061 0.150697
0.0 0.375986 0.192809 0.044122 0.251883
0.0 0.383390 0.126138 0.029313 0.150697
0.0 0.317570 0.175794 0.099400 0.253506
0.0 0.247455 0.193152 0.103355 0.235006
0.0 0.318744 0.106174 0.058268 0.148485
0.0 0.328108 0.110880 0.066061 0.150697
0.0 0.420108 0.192809 0.044122 0.251883
0.0 0.412703 0.126138 0.029313 0.150697
0.0 0.478524 0.175794 0.099400 0.253506
0.0 0.548639 0.193152 0.103355 0.235006
0.0 0.477349 0.106174 0.058268 0.148485
0.0 0.467986 0.110880 0.066061 0.150697
0.0 0.783799 0.192809 0.044122 0.251883
0.0 0.791203 0.126138 0.029313 0.150697
0.0 0.725382 0.175794 0.099400 0.253506
0.0 0.655267 0.193152 0.103355 0.235006
0.0 0.726557 0.106174 0.058268 0.148485
0.0 0.735921 0.110880 0.066061 0.150697
0.0 0.827920 0.192809 0.044122 0.251883
0.0 0.820516 0.126138 0.029313 0.150697
0.0 0.886337 0.175794 0.099400 0.253506
0.0 0.952387 0.193152 0.095226 0.235006
0.0 0.885162 0.106174 0.058268 0.148485
0.0 0.875798 0.110880 0.066061 0.150697
0.0 0.017178 0.444691 0.034356 0.251883
0.0 0.009774 0.511362 0.019547 0.150697
0.0 0.070712 0.461706 0.099400 0.253506
0.0 0.140826 0.444348 0.103355 0.235006
0.0 0.069537 0.531326 0.058268 0.148485
0.0 0.060173 0.526620 0.066061 0.150697
0.0 0.375986 0.444691 0.044122 0.251883
0.0 0.383390 0.511362 0.029313 0.150697
0.0 0.317570 0.461706 0.099400 0.253506
0.0 0.247455 0.444348 0.103355 0.235006
0.0 0.318744 0.531326 0.058268 0.148485
0.0 0.328108 0.526620 0.066061 0.150697
0.0 0.420108 0.444691 0.044122 0.251883
0.0 0.412703 0.511362 0.029313 0.150697
0.0 0.478524 0.461706 0.099400 0.253506
0.0 0.548639 0.444348 0.103355 0.235006
0.0 0.477349 0.531326 0.058268 0.148485
0.0 0.467986 0.526620 0.066061 0.150697
0.0 0.783799 0.444691 0.044122 0.251883
0.0 0.791203 0.511362 0.029313 0.150697
0.0 0.725382 0.461706 0.099400 0.253506
0.0 0.655267 0.444348 0.103355 0.235006
0.0 0.726557 0.531326 0.058268 0.148485
0.0 0.735921 0.526620 0.066061 0.150697
0.0 0.827920 0.444691 0.044122 0.251883
0.0 0.820516 0.511362 0.029313 0.150697
0.0 0.886337 0.461706 0.099400 0.253506
0.0 0.952387 0.444348 0.095226 0.235006
0.0 0.885162 0.531326 0.058268 0.148485
0.0 0.875798 0.526620 0.066061 0.150697
0.0 0.017178 0.895934 0.034356 0.208133
0.0 0.009774 0.851138 0.019547 0.150697
0.0 0.070712 0.887020 0.099400 0.225959
0.0 0.140826 0.900324 0.103355 0.199351
0.0 0.069537 0.831174 0.058268 0.148485
0.0 0.060173 0.835880 0.066061 0.150697
0.0 0.375986 0.895934 0.044122 0.208133
0.0 0.383390 0.851138 0.029313 0.150697
0.0 0.317570 0.887020 0.099400 0.225959
0.0 0.247455 0.900324 0.103355 0.199351
0.0 0.318744 0.831174 0.058268 0.148485
0.0 0.328108 0.835880 0.066061 0.150697
0.0 0.420108 0.895934 0.044122 0.208133
0.0 0.412703 0.851138 0.029313 0.150697
0.0 0.478524 0.887020 0.099400 0.225959
0.0 0.548639 0.900324 0.103355 0.199351
0.0 0.477349 0.831174 0.058268 0.148485
0.0 0.467986 0.835880 0.066061 0.150697
0.0 0.783799 0.895934 0.044122 0.208133
0.0 0.791203 0.851138 0.029313 0.150697
0.0 0.725382 0.887020 0.099400 0.225959
0.0 0.655267 0.900324 0.103355 0.199351
0.0 0.726557 0.831174 0.058268 0.148485
0.0 0.735921 0.835880 0.066061 0.150697
0.0 0.827920 0.895934 0.044122 0.208133
0.0 0.820516 0.851138 0.029313 0.150697
0.0 0.886337 0.887020 0.099400 0.225959
0.0 0.952387 0.900324 0.095226 0.199351
0.0 0.885162 0.831174 0.058268 0.148485
0.0 0.875798 0.835880 0.066061 0.150697
