1.0 0.234345 0.028407 0.018213 0.056814
1.0 0.215905 0.028913 0.019002 0.054377
1.0 0.236825 0.085634 0.010694 0.032073
1.0 0.221424 0.092289 0.006914 0.018862
0.0 0.165872 0.025907 0.025365 0.032575
0.0 0.207053 0.004574 0.025974 0.009147
0.0 0.346109 0.010448 0.021845 0.020897
0.0 0.302176 0.013789 0.019651 0.027577
0.0 0.234775 0.019887 0.017823 0.039775
0.0 0.192950 0.018372 0.027445 0.036745
0.0 0.321570 0.019141 0.026786 0.038282
1.0 0.479717 0.028407 0.018213 0.056814
1.0 0.498158 0.028913 0.019002 0.054377
1.0 0.477237 0.085634 0.010694 0.032073
1.0 0.492639 0.092289 0.006914 0.018862
0.0 0.548190 0.025907 0.025365 0.032575
0.0 0.507010 0.004574 0.025974 0.009147
0.0 0.367954 0.010448 0.021845 0.020897
0.0 0.411887 0.013789 0.019651 0.027577
0.0 0.479287 0.019887 0.017823 0.039775
0.0 0.521113 0.018372 0.027445 0.036745
0.0 0.392493 0.019141 0.026786 0.038282
1.0 0.806220 0.028407 0.018213 0.056814
1.0 0.787780 0.028913 0.019002 0.054377
1.0 0.808700 0.085634 0.010694 0.032073
1.0 0.793299 0.092289 0.006914 0.018862
0.0 0.737747 0.025907 0.025365 0.032575
0.0 0.778928 0.004574 0.025974 0.009147
0.0 0.917984 0.010448 0.021845 0.020897
0.0 0.874051 0.013789 0.019651 0.027577
0.0 0.806650 0.019887 0.017823 0.039775
0.0 0.764825 0.018372 0.027445 0.036745
0.0 0.893445 0.019141 0.026786 0.038282
0.0 0.939829 0.010448 0.021845 0.020897
0.0 0.983762 0.013789 0.019651 0.027577
0.0 0.964368 0.019141 0.026786 0.038282
1.0 0.234345 0.602829 0.018213 0.058174
1.0 0.215905 0.601643 0.019002 0.054377
1.0 0.236825 0.544921 0.010694 0.032073
1.0 0.221424 0.538266 0.006914 0.018862
0.0 0.165872 0.604649 0.025365 0.032575
0.0 0.207053 0.631871 0.025974 0.020925
0.0 0.346109 0.625854 0.021845 0.032389
0.0 0.302176 0.624181 0.019651 0.042406
0.0 0.234775 0.610913 0.017823 0.040264
0.0 0.192950 0.625240 0.027445 0.062859
0.0 0.321570 0.621307 0.026786 0.058066
1.0 0.479717 0.602829 0.018213 0.058174
1.0 0.498158 0.601643 0.019002 0.054377
1.0 0.477237 0.544921 0.010694 0.032073
1.0 0.492639 0.538266 0.006914 0.018862
0.0 0.548190 0.604649 0.025365 0.032575
0.0 0.507010 0.631871 0.025974 0.020925
0.0 0.367954 0.625854 0.021845 0.032389
0.0 0.411887 0.624181 0.019651 0.042406
0.0 0.479287 0.610913 0.017823 0.040264
0.0 0.521113 0.625240 0.027445 0.062859
0.0 0.392493 0.621307 0.026786 0.058066
1.0 0.806220 0.602829 0.018213 0.058174
1.0 0.787780 0.601643 0.019002 0.054377
1.0 0.808700 0.544921 0.010694 0.032073
1.0 0.793299 0.538266 0.006914 0.018862
0.0 0.737747 0.604649 0.025365 0.032575
0.0 0.778928 0.631871 0.025974 0.020925
0.0 0.917984 0.625854 0.021845 0.032389
0.0 0.874051 0.624181 0.019651 0.042406
0.0 0.806650 0.610913 0.017823 0.040264
0.0 0.764825 0.625240 0.027445 0.062859
0.0 0.893445 0.621307 0.026786 0.058066
0.0 0.939829 0.625854 0.021845 0.032389
0.0 0.983762 0.624181 0.019651 0.042406
0.0 0.964368 0.621307 0.026786 0.058066
1.0 0.234345 0.765227 0.018213 0.058174
1.0 0.215905 0.766413 0.019002 0.054377
1.0 0.236825 0.823134 0.010694 0.032073
1.0 0.221424 0.829789 0.006914 0.018862
0.0 0.165872 0.763407 0.025365 0.032575
0.0 0.207053 0.736185 0.025974 0.020925
0.0 0.346109 0.742202 0.021845 0.032389
0.0 0.302176 0.743874 0.019651 0.042406
0.0 0.234775 0.757143 0.017823 0.040264
0.0 0.192950 0.742815 0.027445 0.062859
0.0 0.321570 0.746749 0.026786 0.058066
1.0 0.479717 0.765227 0.018213 0.058174
1.0 0.498158 0.766413 0.019002 0.054377
1.0 0.477237 0.823134 0.010694 0.032073
1.0 0.492639 0.829789 0.006914 0.018862
0.0 0.548190 0.763407 0.025365 0.032575
0.0 0.507010 0.736185 0.025974 0.020925
0.0 0.367954 0.742202 0.021845 0.032389
0.0 0.411887 0.743874 0.019651 0.042406
0.0 0.479287 0.757143 0.017823 0.040264
0.0 0.521113 0.742815 0.027445 0.062859
0.0 0.392493 0.746749 0.026786 0.058066
1.0 0.806220 0.765227 0.018213 0.058174
1.0 0.787780 0.766413 0.019002 0.054377
1.0 0.808700 0.823134 0.010694 0.032073
1.0 0.793299 0.829789 0.006914 0.018862
0.0 0.737747 0.763407 0.025365 0.032575
0.0 0.778928 0.736185 0.025974 0.020925
0.0 0.917984 0.742202 0.021845 0.032389
0.0 0.874051 0.743874 0.019651 0.042406
0.0 0.806650 0.757143 0.017823 0.040264
0.0 0.764825 0.742815 0.027445 0.062859
0.0 0.893445 0.746749 0.026786 0.058066
0.0 0.939829 0.742202 0.021845 0.032389
0.0 0.983762 0.743874 0.019651 0.042406
0.0 0.964368 0.746749 0.026786 0.058066
