0.0 0.142738 0.141759 0.102805 0.231414
0.0 0.061914 0.179355 0.123827 0.213671
0.0 0.245543 0.141759 0.102805 0.231414
0.0 0.329920 0.179355 0.130932 0.213671
0.0 0.550550 0.141759 0.102805 0.231414
0.0 0.466174 0.179355 0.130932 0.213671
0.0 0.653356 0.141759 0.102805 0.231414
0.0 0.737732 0.179355 0.130932 0.213671
0.0 0.953480 0.141759 0.093040 0.231414
0.0 0.873987 0.179355 0.130932 0.213671
0.0 0.142738 0.495741 0.102805 0.231414
0.0 0.061914 0.458145 0.123827 0.213671
0.0 0.245543 0.495741 0.102805 0.231414
0.0 0.329920 0.458145 0.130932 0.213671
0.0 0.550550 0.495741 0.102805 0.231414
0.0 0.466174 0.458145 0.130932 0.213671
0.0 0.653356 0.495741 0.102805 0.231414
0.0 0.737732 0.458145 0.130932 0.213671
0.0 0.953480 0.495741 0.093040 0.231414
0.0 0.873987 0.458145 0.130932 0.213671
0.0 0.142738 0.866759 0.102805 0.231414
0.0 0.061914 0.898760 0.123827 0.202481
0.0 0.245543 0.866759 0.102805 0.231414
0.0 0.329920 0.898760 0.130932 0.202481
0.0 0.550550 0.866759 0.102805 0.231414
0.0 0.466174 0.898760 0.130932 0.202481
0.0 0.653356 0.866759 0.102805 0.231414
0.0 0.737732 0.898760 0.130932 0.202481
0.0 0.953480 0.866759 0.093040 0.231414
0.0 0.873987 0.898760 0.130932 0.202481
