1.0 0.104906 0.018981 0.036325 0.037962
1.0 0.076503 0.023744 0.042774 0.047488
1.0 0.045005 0.009854 0.015704 0.019707
1.0 0.015930 0.019499 0.013590 0.009804
1.0 0.053928 0.004763 0.004914 0.004713
1.0 0.030976 0.013851 0.008215 0.004474
1.0 0.040879 0.014149 0.006911 0.009247
0.0 0.063284 0.043833 0.027568 0.013187
0.0 0.089035 0.040878 0.031057 0.014471
0.0 0.136871 0.039682 0.045104 0.020781
0.0 0.144577 0.140307 0.045104 0.015219
1.0 0.299781 0.018981 0.036325 0.037962
1.0 0.328185 0.023744 0.042774 0.047488
1.0 0.359683 0.009854 0.015704 0.019707
1.0 0.388758 0.019499 0.013590 0.009804
1.0 0.350759 0.004763 0.004914 0.004713
1.0 0.373712 0.013851 0.008215 0.004474
1.0 0.363808 0.014149 0.006911 0.009247
0.0 0.341404 0.043833 0.027568 0.013187
0.0 0.315653 0.040878 0.031057 0.014471
0.0 0.267816 0.039682 0.045104 0.020781
0.0 0.260111 0.140307 0.045104 0.015219
1.0 0.501781 0.018981 0.036325 0.037962
1.0 0.473378 0.023744 0.042774 0.047488
1.0 0.441880 0.009854 0.015704 0.019707
1.0 0.412805 0.019499 0.013590 0.009804
1.0 0.450803 0.004763 0.004914 0.004713
1.0 0.427851 0.013851 0.008215 0.004474
1.0 0.437754 0.014149 0.006911 0.009247
0.0 0.460159 0.043833 0.027568 0.013187
0.0 0.485910 0.040878 0.031057 0.014471
0.0 0.533746 0.039682 0.045104 0.020781
0.0 0.541452 0.140307 0.045104 0.015219
1.0 0.696656 0.018981 0.036325 0.037962
1.0 0.725060 0.023744 0.042774 0.047488
1.0 0.756558 0.009854 0.015704 0.019707
1.0 0.785633 0.019499 0.013590 0.009804
1.0 0.747634 0.004763 0.004914 0.004713
1.0 0.770587 0.013851 0.008215 0.004474
1.0 0.760683 0.014149 0.006911 0.009247
0.0 0.738279 0.043833 0.027568 0.013187
0.0 0.712528 0.040878 0.031057 0.014471
0.0 0.664691 0.039682 0.045104 0.020781
0.0 0.656986 0.140307 0.045104 0.015219
1.0 0.898656 0.018981 0.036325 0.037962
1.0 0.870253 0.023744 0.042774 0.047488
1.0 0.838755 0.009854 0.015704 0.019707
1.0 0.809680 0.019499 0.013590 0.009804
1.0 0.847678 0.004763 0.004914 0.004713
1.0 0.824726 0.013851 0.008215 0.004474
1.0 0.834629 0.014149 0.006911 0.009247
0.0 0.857034 0.043833 0.027568 0.013187
0.0 0.882785 0.040878 0.031057 0.014471
0.0 0.930621 0.039682 0.045104 0.020781
0.0 0.938327 0.140307 0.045104 0.015219
1.0 0.104906 0.287293 0.036325 0.058843
1.0 0.076503 0.279288 0.042774 0.061885
1.0 0.197206 0.319370 0.010276 0.047428
1.0 0.045005 0.286864 0.015704 0.021477
1.0 0.015930 0.276334 0.013590 0.009804
1.0 0.136435 0.308134 0.006642 0.005628
1.0 0.162728 0.312747 0.007563 0.006861
1.0 0.193012 0.321458 0.006259 0.011633
1.0 0.171998 0.315193 0.007525 0.006344
1.0 0.122271 0.305061 0.007179 0.007278
1.0 0.053928 0.291070 0.004914 0.004713
1.0 0.030976 0.281982 0.008215 0.004474
1.0 0.040879 0.281684 0.006911 0.009247
0.0 0.063284 0.252001 0.027568 0.013187
0.0 0.089035 0.254956 0.031057 0.014471
0.0 0.136871 0.256152 0.045104 0.020781
0.0 0.144577 0.155526 0.045104 0.015219
1.0 0.299781 0.287293 0.036325 0.058843
1.0 0.328185 0.279288 0.042774 0.061885
1.0 0.207482 0.319370 0.010276 0.047428
1.0 0.359683 0.286864 0.015704 0.021477
1.0 0.388758 0.276334 0.013590 0.009804
1.0 0.268253 0.308134 0.006642 0.005628
1.0 0.241959 0.312747 0.007563 0.006861
1.0 0.211675 0.321458 0.006259 0.011633
1.0 0.232690 0.315193 0.007525 0.006344
1.0 0.282416 0.305061 0.007179 0.007278
1.0 0.350759 0.291070 0.004914 0.004713
1.0 0.373712 0.281982 0.008215 0.004474
1.0 0.363808 0.281684 0.006911 0.009247
0.0 0.341404 0.252001 0.027568 0.013187
0.0 0.315653 0.254956 0.031057 0.014471
0.0 0.267816 0.256152 0.045104 0.020781
0.0 0.260111 0.155526 0.045104 0.015219
1.0 0.501781 0.287293 0.036325 0.058843
1.0 0.473378 0.279288 0.042774 0.061885
1.0 0.594081 0.319370 0.010276 0.047428
1.0 0.441880 0.286864 0.015704 0.021477
1.0 0.412805 0.276334 0.013590 0.009804
1.0 0.533310 0.308134 0.006642 0.005628
1.0 0.559603 0.312747 0.007563 0.006861
1.0 0.589887 0.321458 0.006259 0.011633
1.0 0.568873 0.315193 0.007525 0.006344
1.0 0.519146 0.305061 0.007179 0.007278
1.0 0.450803 0.291070 0.004914 0.004713
1.0 0.427851 0.281982 0.008215 0.004474
1.0 0.437754 0.281684 0.006911 0.009247
0.0 0.460159 0.252001 0.027568 0.013187
0.0 0.485910 0.254956 0.031057 0.014471
0.0 0.533746 0.256152 0.045104 0.020781
0.0 0.541452 0.155526 0.045104 0.015219
1.0 0.696656 0.287293 0.036325 0.058843
1.0 0.725060 0.279288 0.042774 0.061885
1.0 0.604357 0.319370 0.010276 0.047428
1.0 0.756558 0.286864 0.015704 0.021477
1.0 0.785633 0.276334 0.013590 0.009804
1.0 0.665128 0.308134 0.006642 0.005628
1.0 0.638834 0.312747 0.007563 0.006861
1.0 0.608550 0.321458 0.006259 0.011633
1.0 0.629565 0.315193 0.007525 0.006344
1.0 0.679291 0.305061 0.007179 0.007278
1.0 0.747634 0.291070 0.004914 0.004713
1.0 0.770587 0.281982 0.008215 0.004474
1.0 0.760683 0.281684 0.006911 0.009247
0.0 0.738279 0.252001 0.027568 0.013187
0.0 0.712528 0.254956 0.031057 0.014471
0.0 0.664691 0.256152 0.045104 0.020781
0.0 0.656986 0.155526 0.045104 0.015219
1.0 0.898656 0.287293 0.036325 0.058843
1.0 0.870253 0.279288 0.042774 0.061885
1.0 0.990956 0.319370 0.010276 0.047428
1.0 0.838755 0.286864 0.015704 0.021477
1.0 0.809680 0.276334 0.013590 0.009804
1.0 0.930185 0.308134 0.006642 0.005628
1.0 0.956478 0.312747 0.007563 0.006861
1.0 0.986762 0.321458 0.006259 0.011633
1.0 0.965748 0.315193 0.007525 0.006344
1.0 0.916021 0.305061 0.007179 0.007278
1.0 0.847678 0.291070 0.004914 0.004713
1.0 0.824726 0.281982 0.008215 0.004474
1.0 0.834629 0.281684 0.006911 0.009247
0.0 0.857034 0.252001 0.027568 0.013187
0.0 0.882785 0.254956 0.031057 0.014471
0.0 0.930621 0.256152 0.045104 0.020781
0.0 0.938327 0.155526 0.045104 0.015219
1.0 0.998047 0.319370 0.003906 0.047428
1.0 0.104906 0.477985 0.036325 0.058843
1.0 0.076503 0.485990 0.042774 0.061885
1.0 0.197206 0.445908 0.010276 0.047428
1.0 0.045005 0.478413 0.015704 0.021477
1.0 0.015930 0.488943 0.013590 0.009804
1.0 0.136435 0.457144 0.006642 0.005628
1.0 0.162728 0.452530 0.007563 0.006861
1.0 0.193012 0.443820 0.006259 0.011633
1.0 0.171998 0.450084 0.007525 0.006344
1.0 0.122271 0.460217 0.007179 0.007278
1.0 0.053928 0.474207 0.004914 0.004713
1.0 0.030976 0.483296 0.008215 0.004474
1.0 0.040879 0.483594 0.006911 0.009247
0.0 0.063284 0.513277 0.027568 0.013187
0.0 0.089035 0.510322 0.031057 0.014471
0.0 0.136871 0.509126 0.045104 0.020781
0.0 0.144577 0.609752 0.045104 0.015219
1.0 0.299781 0.477985 0.036325 0.058843
1.0 0.328185 0.485990 0.042774 0.061885
1.0 0.207482 0.445908 0.010276 0.047428
1.0 0.359683 0.478413 0.015704 0.021477
1.0 0.388758 0.488943 0.013590 0.009804
1.0 0.268253 0.457144 0.006642 0.005628
1.0 0.241959 0.452530 0.007563 0.006861
1.0 0.211675 0.443820 0.006259 0.011633
1.0 0.232690 0.450084 0.007525 0.006344
1.0 0.282416 0.460217 0.007179 0.007278
1.0 0.350759 0.474207 0.004914 0.004713
1.0 0.373712 0.483296 0.008215 0.004474
1.0 0.363808 0.483594 0.006911 0.009247
0.0 0.341404 0.513277 0.027568 0.013187
0.0 0.315653 0.510322 0.031057 0.014471
0.0 0.267816 0.509126 0.045104 0.020781
0.0 0.260111 0.609752 0.045104 0.015219
1.0 0.501781 0.477985 0.036325 0.058843
1.0 0.473378 0.485990 0.042774 0.061885
1.0 0.594081 0.445908 0.010276 0.047428
1.0 0.441880 0.478413 0.015704 0.021477
1.0 0.412805 0.488943 0.013590 0.009804
1.0 0.533310 0.457144 0.006642 0.005628
1.0 0.559603 0.452530 0.007563 0.006861
1.0 0.589887 0.443820 0.006259 0.011633
1.0 0.568873 0.450084 0.007525 0.006344
1.0 0.519146 0.460217 0.007179 0.007278
1.0 0.450803 0.474207 0.004914 0.004713
1.0 0.427851 0.483296 0.008215 0.004474
1.0 0.437754 0.483594 0.006911 0.009247
0.0 0.460159 0.513277 0.027568 0.013187
0.0 0.485910 0.510322 0.031057 0.014471
0.0 0.533746 0.509126 0.045104 0.020781
0.0 0.541452 0.609752 0.045104 0.015219
1.0 0.696656 0.477985 0.036325 0.058843
1.0 0.725060 0.485990 0.042774 0.061885
1.0 0.604357 0.445908 0.010276 0.047428
1.0 0.756558 0.478413 0.015704 0.021477
1.0 0.785633 0.488943 0.013590 0.009804
1.0 0.665128 0.457144 0.006642 0.005628
1.0 0.638834 0.452530 0.007563 0.006861
1.0 0.608550 0.443820 0.006259 0.011633
1.0 0.629565 0.450084 0.007525 0.006344
1.0 0.679291 0.460217 0.007179 0.007278
1.0 0.747634 0.474207 0.004914 0.004713
1.0 0.770587 0.483296 0.008215 0.004474
1.0 0.760683 0.483594 0.006911 0.009247
0.0 0.738279 0.513277 0.027568 0.013187
0.0 0.712528 0.510322 0.031057 0.014471
0.0 0.664691 0.509126 0.045104 0.020781
0.0 0.656986 0.609752 0.045104 0.015219
1.0 0.898656 0.477985 0.036325 0.058843
1.0 0.870253 0.485990 0.042774 0.061885
1.0 0.990956 0.445908 0.010276 0.047428
1.0 0.838755 0.478413 0.015704 0.021477
1.0 0.809680 0.488943 0.013590 0.009804
1.0 0.930185 0.457144 0.006642 0.005628
1.0 0.956478 0.452530 0.007563 0.006861
1.0 0.986762 0.443820 0.006259 0.011633
1.0 0.965748 0.450084 0.007525 0.006344
1.0 0.916021 0.460217 0.007179 0.007278
1.0 0.847678 0.474207 0.004914 0.004713
1.0 0.824726 0.483296 0.008215 0.004474
1.0 0.834629 0.483594 0.006911 0.009247
0.0 0.857034 0.513277 0.027568 0.013187
0.0 0.882785 0.510322 0.031057 0.014471
0.0 0.930621 0.509126 0.045104 0.020781
0.0 0.938327 0.609752 0.045104 0.015219
1.0 0.998047 0.445908 0.003906 0.047428
1.0 0.104906 0.756737 0.036325 0.058843
1.0 0.076503 0.748733 0.042774 0.061885
1.0 0.197206 0.788814 0.010276 0.047428
1.0 0.045005 0.756309 0.015704 0.021477
1.0 0.015930 0.745779 0.013590 0.009804
1.0 0.136435 0.777578 0.006642 0.005628
1.0 0.162728 0.782192 0.007563 0.006861
1.0 0.193012 0.790902 0.006259 0.011633
1.0 0.171998 0.784638 0.007525 0.006344
1.0 0.122271 0.774505 0.007179 0.007278
1.0 0.053928 0.760515 0.004914 0.004713
1.0 0.030976 0.751427 0.008215 0.004474
1.0 0.040879 0.751129 0.006911 0.009247
0.0 0.063284 0.721445 0.027568 0.013187
0.0 0.089035 0.724400 0.031057 0.014471
0.0 0.136871 0.725596 0.045104 0.020781
0.0 0.144577 0.624971 0.045104 0.015219
1.0 0.299781 0.756737 0.036325 0.058843
1.0 0.328185 0.748733 0.042774 0.061885
1.0 0.207482 0.788814 0.010276 0.047428
1.0 0.359683 0.756309 0.015704 0.021477
1.0 0.388758 0.745779 0.013590 0.009804
1.0 0.268253 0.777578 0.006642 0.005628
1.0 0.241959 0.782192 0.007563 0.006861
1.0 0.211675 0.790902 0.006259 0.011633
1.0 0.232690 0.784638 0.007525 0.006344
1.0 0.282416 0.774505 0.007179 0.007278
1.0 0.350759 0.760515 0.004914 0.004713
1.0 0.373712 0.751427 0.008215 0.004474
1.0 0.363808 0.751129 0.006911 0.009247
0.0 0.341404 0.721445 0.027568 0.013187
0.0 0.315653 0.724400 0.031057 0.014471
0.0 0.267816 0.725596 0.045104 0.020781
0.0 0.260111 0.624971 0.045104 0.015219
1.0 0.501781 0.756737 0.036325 0.058843
1.0 0.473378 0.748733 0.042774 0.061885
1.0 0.594081 0.788814 0.010276 0.047428
1.0 0.441880 0.756309 0.015704 0.021477
1.0 0.412805 0.745779 0.013590 0.009804
1.0 0.533310 0.777578 0.006642 0.005628
1.0 0.559603 0.782192 0.007563 0.006861
1.0 0.589887 0.790902 0.006259 0.011633
1.0 0.568873 0.784638 0.007525 0.006344
1.0 0.519146 0.774505 0.007179 0.007278
1.0 0.450803 0.760515 0.004914 0.004713
1.0 0.427851 0.751427 0.008215 0.004474
1.0 0.437754 0.751129 0.006911 0.009247
0.0 0.460159 0.721445 0.027568 0.013187
0.0 0.485910 0.724400 0.031057 0.014471
0.0 0.533746 0.725596 0.045104 0.020781
0.0 0.541452 0.624971 0.045104 0.015219
1.0 0.696656 0.756737 0.036325 0.058843
1.0 0.725060 0.748733 0.042774 0.061885
1.0 0.604357 0.788814 0.010276 0.047428
1.0 0.756558 0.756309 0.015704 0.021477
1.0 0.785633 0.745779 0.013590 0.009804
1.0 0.665128 0.777578 0.006642 0.005628
1.0 0.638834 0.782192 0.007563 0.006861
1.0 0.608550 0.790902 0.006259 0.011633
1.0 0.629565 0.784638 0.007525 0.006344
1.0 0.679291 0.774505 0.007179 0.007278
1.0 0.747634 0.760515 0.004914 0.004713
1.0 0.770587 0.751427 0.008215 0.004474
1.0 0.760683 0.751129 0.006911 0.009247
0.0 0.738279 0.721445 0.027568 0.013187
0.0 0.712528 0.724400 0.031057 0.014471
0.0 0.664691 0.725596 0.045104 0.020781
0.0 0.656986 0.624971 0.045104 0.015219
1.0 0.898656 0.756737 0.036325 0.058843
1.0 0.870253 0.748733 0.042774 0.061885
1.0 0.990956 0.788814 0.010276 0.047428
1.0 0.838755 0.756309 0.015704 0.021477
1.0 0.809680 0.745779 0.013590 0.009804
1.0 0.930185 0.777578 0.006642 0.005628
1.0 0.956478 0.782192 0.007563 0.006861
1.0 0.986762 0.790902 0.006259 0.011633
1.0 0.965748 0.784638 0.007525 0.006344
1.0 0.916021 0.774505 0.007179 0.007278
1.0 0.847678 0.760515 0.004914 0.004713
1.0 0.824726 0.751427 0.008215 0.004474
1.0 0.834629 0.751129 0.006911 0.009247
0.0 0.857034 0.721445 0.027568 0.013187
0.0 0.882785 0.724400 0.031057 0.014471
0.0 0.930621 0.725596 0.045104 0.020781
0.0 0.938327 0.624971 0.045104 0.015219
1.0 0.998047 0.788814 0.003906 0.047428
1.0 0.104906 0.947430 0.036325 0.058843
1.0 0.076503 0.955434 0.042774 0.061885
1.0 0.197206 0.915352 0.010276 0.047428
1.0 0.045005 0.947858 0.015704 0.021477
1.0 0.015930 0.958388 0.013590 0.009804
1.0 0.136435 0.926589 0.006642 0.005628
1.0 0.162728 0.921975 0.007563 0.006861
1.0 0.193012 0.913264 0.006259 0.011633
1.0 0.171998 0.919529 0.007525 0.006344
1.0 0.122271 0.929661 0.007179 0.007278
1.0 0.053928 0.943652 0.004914 0.004713
1.0 0.030976 0.952740 0.008215 0.004474
1.0 0.040879 0.953038 0.006911 0.009247
0.0 0.063284 0.982722 0.027568 0.013187
0.0 0.089035 0.979766 0.031057 0.014471
0.0 0.136871 0.978571 0.045104 0.020781
1.0 0.299781 0.947430 0.036325 0.058843
1.0 0.328185 0.955434 0.042774 0.061885
1.0 0.207482 0.915352 0.010276 0.047428
1.0 0.359683 0.947858 0.015704 0.021477
1.0 0.388758 0.958388 0.013590 0.009804
1.0 0.268253 0.926589 0.006642 0.005628
1.0 0.241959 0.921975 0.007563 0.006861
1.0 0.211675 0.913264 0.006259 0.011633
1.0 0.232690 0.919529 0.007525 0.006344
1.0 0.282416 0.929661 0.007179 0.007278
1.0 0.350759 0.943652 0.004914 0.004713
1.0 0.373712 0.952740 0.008215 0.004474
1.0 0.363808 0.953038 0.006911 0.009247
0.0 0.341404 0.982722 0.027568 0.013187
0.0 0.315653 0.979766 0.031057 0.014471
0.0 0.267816 0.978571 0.045104 0.020781
1.0 0.501781 0.947430 0.036325 0.058843
1.0 0.473378 0.955434 0.042774 0.061885
1.0 0.594081 0.915352 0.010276 0.047428
1.0 0.441880 0.947858 0.015704 0.021477
1.0 0.412805 0.958388 0.013590 0.009804
1.0 0.533310 0.926589 0.006642 0.005628
1.0 0.559603 0.921975 0.007563 0.006861
1.0 0.589887 0.913264 0.006259 0.011633
1.0 0.568873 0.919529 0.007525 0.006344
1.0 0.519146 0.929661 0.007179 0.007278
1.0 0.450803 0.943652 0.004914 0.004713
1.0 0.427851 0.952740 0.008215 0.004474
1.0 0.437754 0.953038 0.006911 0.009247
0.0 0.460159 0.982722 0.027568 0.013187
0.0 0.485910 0.979766 0.031057 0.014471
0.0 0.533746 0.978571 0.045104 0.020781
1.0 0.696656 0.947430 0.036325 0.058843
1.0 0.725060 0.955434 0.042774 0.061885
1.0 0.604357 0.915352 0.010276 0.047428
1.0 0.756558 0.947858 0.015704 0.021477
1.0 0.785633 0.958388 0.013590 0.009804
1.0 0.665128 0.926589 0.006642 0.005628
1.0 0.638834 0.921975 0.007563 0.006861
1.0 0.608550 0.913264 0.006259 0.011633
1.0 0.629565 0.919529 0.007525 0.006344
1.0 0.679291 0.929661 0.007179 0.007278
1.0 0.747634 0.943652 0.004914 0.004713
1.0 0.770587 0.952740 0.008215 0.004474
1.0 0.760683 0.953038 0.006911 0.009247
0.0 0.738279 0.982722 0.027568 0.013187
0.0 0.712528 0.979766 0.031057 0.014471
0.0 0.664691 0.978571 0.045104 0.020781
1.0 0.898656 0.947430 0.036325 0.058843
1.0 0.870253 0.955434 0.042774 0.061885
1.0 0.990956 0.915352 0.010276 0.047428
1.0 0.838755 0.947858 0.015704 0.021477
1.0 0.809680 0.958388 0.013590 0.009804
1.0 0.930185 0.926589 0.006642 0.005628
1.0 0.956478 0.921975 0.007563 0.006861
1.0 0.986762 0.913264 0.006259 0.011633
1.0 0.965748 0.919529 0.007525 0.006344
1.0 0.916021 0.929661 0.007179 0.007278
1.0 0.847678 0.943652 0.004914 0.004713
1.0 0.824726 0.952740 0.008215 0.004474
1.0 0.834629 0.953038 0.006911 0.009247
0.0 0.857034 0.982722 0.027568 0.013187
0.0 0.882785 0.979766 0.031057 0.014471
0.0 0.930621 0.978571 0.045104 0.020781
1.0 0.998047 0.915352 0.003906 0.047428
