1.0 0.463583 0.486686 0.151575 0.292899
1.0 0.330709 0.494083 0.181102 0.301775
1.0 0.939961 0.440828 0.120079 0.236686
1.0 0.188976 0.409763 0.066929 0.103550
1.0 0.052165 0.430473 0.061024 0.038462
1.0 0.615157 0.411243 0.029528 0.023669
1.0 0.737205 0.420118 0.033465 0.029586
1.0 0.878937 0.411243 0.025591 0.059172
1.0 0.780512 0.418639 0.033465 0.026627
1.0 0.549213 0.409763 0.031496 0.032544
1.0 0.231299 0.397929 0.021654 0.020710
1.0 0.123032 0.418639 0.037402 0.014793
1.0 0.168307 0.433432 0.029528 0.044379
0.0 0.260827 0.630030 0.126161 0.038994
0.0 0.379823 0.647515 0.142264 0.041686
0.0 0.817913 0.760355 0.143701 0.041420
0.0 0.114173 0.544379 0.122047 0.035503
