1.0 0.046504 0.390947 0.093009 0.536531
0.0 0.042234 0.602433 0.084468 0.124581
0.0 0.075123 0.743578 0.150247 0.253288
1.0 0.468366 0.390947 0.294624 0.536531
0.0 0.581911 0.559530 0.123716 0.183278
1.0 0.599140 0.326610 0.128210 0.341426
0.0 0.375757 0.602433 0.092325 0.124581
0.0 0.349326 0.743578 0.171021 0.253288
0.0 0.607438 0.709061 0.131905 0.177535
1.0 0.985130 0.390947 0.029740 0.536531
0.0 0.971084 0.559530 0.057832 0.183278
1.0 0.961346 0.326610 0.077307 0.341426
0.0 0.956274 0.709061 0.087453 0.177535
