0.0 0.064608 0.643689 0.129215 0.338056
0.0 0.029158 0.568247 0.058315 0.337427
0.0 0.439159 0.643689 0.308623 0.338056
0.0 0.613970 0.600398 0.272924 0.214546
0.0 0.698318 0.691574 0.185586 0.243795
0.0 0.728906 0.818245 0.104889 0.144065
0.0 0.432012 0.568247 0.152530 0.337427
0.0 0.917753 0.600398 0.164495 0.214546
0.0 0.887620 0.691574 0.185586 0.243795
0.0 0.857032 0.818245 0.104889 0.144065
0.0 0.698318 0.983542 0.185586 0.032915
0.0 0.728906 0.945139 0.104889 0.109722
0.0 0.887620 0.983542 0.185586 0.032915
0.0 0.857032 0.945139 0.104889 0.109722
