1.0 0.174219 0.002431 0.025781 0.004861
1.0 0.200781 0.002431 0.025781 0.004861
1.0 0.174219 0.331250 0.025781 0.047222
0.0 0.045117 0.561806 0.079297 0.088889
1.0 0.611914 0.529167 0.126953 0.240278
1.0 0.539258 0.515972 0.082422 0.234722
1.0 0.200781 0.331250 0.025781 0.047222
0.0 0.553012 0.625493 0.070312 0.079368
0.0 0.683316 0.619049 0.051898 0.076389
0.0 0.329883 0.561806 0.079297 0.088889
0.0 0.544336 0.658681 0.030078 0.043750
0.0 0.457422 0.570139 0.097656 0.109722
1.0 0.974805 0.529167 0.050391 0.240278
0.0 0.941684 0.619049 0.051898 0.076389
