1.0 0.022409 0.121257 0.044819 0.242513
1.0 0.039062 0.121875 0.078125 0.243750
1.0 0.235399 0.121257 0.247936 0.242513
1.0 0.126597 0.121875 0.096944 0.243750
0.0 0.327739 0.028781 0.063272 0.057561
1.0 0.483351 0.121257 0.247936 0.242513
1.0 0.592153 0.121875 0.096944 0.243750
0.0 0.391011 0.028781 0.063272 0.057561
1.0 0.797899 0.121257 0.247936 0.242513
1.0 0.689097 0.121875 0.096944 0.243750
0.0 0.890239 0.028781 0.063272 0.057561
1.0 0.960941 0.121257 0.078118 0.242513
0.0 0.953511 0.028781 0.063272 0.057561
1.0 0.022409 0.449107 0.044819 0.408240
1.0 0.039062 0.391773 0.078125 0.296047
0.0 0.039062 0.651409 0.078125 0.208293
0.0 0.059550 0.617954 0.037150 0.129022
0.0 0.039062 0.648346 0.078125 0.213495
1.0 0.235399 0.449107 0.247936 0.408240
1.0 0.126597 0.391773 0.096944 0.296047
0.0 0.155140 0.651409 0.154031 0.208293
0.0 0.327739 0.502034 0.063272 0.144190
0.0 0.096700 0.617954 0.037150 0.129022
0.0 0.126798 0.648346 0.097345 0.213495
1.0 0.483351 0.449107 0.247936 0.408240
1.0 0.592153 0.391773 0.096944 0.296047
0.0 0.563610 0.651409 0.154031 0.208293
0.0 0.391011 0.502034 0.063272 0.144190
0.0 0.622050 0.617954 0.037150 0.129022
0.0 0.591952 0.648346 0.097345 0.213495
1.0 0.797899 0.449107 0.247936 0.408240
1.0 0.689097 0.391773 0.096944 0.296047
0.0 0.717640 0.651409 0.154031 0.208293
0.0 0.890239 0.502034 0.063272 0.144190
0.0 0.659200 0.617954 0.037150 0.129022
0.0 0.689298 0.648346 0.097345 0.213495
1.0 0.960941 0.449107 0.078118 0.408240
0.0 0.953511 0.502034 0.063272 0.144190
0.0 0.039062 0.859702 0.078125 0.208293
0.0 0.059550 0.893157 0.037150 0.129022
0.0 0.039062 0.862765 0.078125 0.213495
1.0 0.235399 0.928942 0.247936 0.142116
0.0 0.155140 0.859702 0.154031 0.208293
0.0 0.327739 0.968491 0.063272 0.063017
0.0 0.096700 0.893157 0.037150 0.129022
0.0 0.126798 0.862765 0.097345 0.213495
1.0 0.483351 0.928942 0.247936 0.142116
0.0 0.563610 0.859702 0.154031 0.208293
0.0 0.391011 0.968491 0.063272 0.063017
0.0 0.622050 0.893157 0.037150 0.129022
0.0 0.591952 0.862765 0.097345 0.213495
1.0 0.797899 0.928942 0.247936 0.142116
0.0 0.717640 0.859702 0.154031 0.208293
0.0 0.890239 0.968491 0.063272 0.063017
0.0 0.659200 0.893157 0.037150 0.129022
0.0 0.689298 0.862765 0.097345 0.213495
1.0 0.960941 0.928942 0.078118 0.142116
0.0 0.953511 0.968491 0.063272 0.063017
