1.0 0.110536 0.465433 0.074973 0.145140
1.0 0.149575 0.478698 0.052926 0.132154
1.0 0.265735 0.513034 0.068495 0.105544
1.0 0.282944 0.517107 0.037061 0.090336
0.0 0.129456 0.528664 0.038365 0.043260
0.0 0.082937 0.512019 0.033540 0.037457
0.0 0.066311 0.931425 0.043637 0.049168
0.0 0.011253 0.876944 0.018676 0.020733
1.0 0.544151 0.465433 0.074973 0.145140
1.0 0.505113 0.478698 0.052926 0.132154
1.0 0.388952 0.513034 0.068495 0.105544
1.0 0.371743 0.517107 0.037061 0.090336
0.0 0.525232 0.528664 0.038365 0.043260
0.0 0.571751 0.512019 0.033540 0.037457
0.0 0.588377 0.931425 0.043637 0.049168
0.0 0.643435 0.876944 0.018676 0.020733
1.0 0.801161 0.465433 0.074973 0.145140
1.0 0.840200 0.478698 0.052926 0.132154
1.0 0.956360 0.513034 0.068495 0.105544
1.0 0.973569 0.517107 0.037061 0.090336
0.0 0.820081 0.528664 0.038365 0.043260
0.0 0.773562 0.512019 0.033540 0.037457
0.0 0.756936 0.931425 0.043637 0.049168
0.0 0.701878 0.876944 0.018676 0.020733
