1.0 0.146172 0.638075 0.153390 0.418295
0.0 0.193333 0.821253 0.129282 0.051938
0.0 0.086769 0.803379 0.105612 0.087687
1.0 0.463203 0.638075 0.153390 0.418295
0.0 0.416042 0.821253 0.129282 0.051938
0.0 0.522606 0.803379 0.105612 0.087687
1.0 0.925364 0.638075 0.149273 0.418295
0.0 0.954971 0.821253 0.090058 0.051938
0.0 0.868019 0.803379 0.105612 0.087687
1.0 0.146172 0.923611 0.153390 0.152778
0.0 0.193333 0.873191 0.129282 0.051938
0.0 0.086769 0.891066 0.105612 0.087687
1.0 0.463203 0.923611 0.153390 0.152778
0.0 0.416042 0.873191 0.129282 0.051938
0.0 0.522606 0.891066 0.105612 0.087687
1.0 0.925364 0.923611 0.149273 0.152778
0.0 0.954971 0.873191 0.090058 0.051938
0.0 0.868019 0.891066 0.105612 0.087687
