1.0 0.046680 0.148958 0.093359 0.297917
1.0 0.357827 0.268069 0.013251 0.059696
1.0 0.154898 0.148958 0.123078 0.297917
1.0 0.262839 0.090768 0.170326 0.181536
1.0 0.356184 0.234655 0.016539 0.062186
1.0 0.371079 0.268069 0.013251 0.059696
1.0 0.574008 0.148958 0.123078 0.297917
1.0 0.466067 0.090768 0.170326 0.181536
1.0 0.372722 0.234655 0.016539 0.062186
1.0 0.900015 0.268069 0.013251 0.059696
1.0 0.697086 0.148958 0.123078 0.297917
1.0 0.805026 0.090768 0.170326 0.181536
1.0 0.898371 0.234655 0.016539 0.062186
1.0 0.913266 0.268069 0.013251 0.059696
1.0 0.961546 0.090768 0.076908 0.181536
1.0 0.914910 0.234655 0.016539 0.062186
1.0 0.046680 0.499653 0.093359 0.403472
1.0 0.357827 0.327765 0.013251 0.059696
1.0 0.154898 0.499653 0.123078 0.403472
1.0 0.262839 0.557843 0.170326 0.287092
1.0 0.356184 0.361179 0.016539 0.062186
1.0 0.371079 0.327765 0.013251 0.059696
1.0 0.574008 0.499653 0.123078 0.403472
1.0 0.466067 0.557843 0.170326 0.287092
1.0 0.372722 0.361179 0.016539 0.062186
1.0 0.900015 0.327765 0.013251 0.059696
1.0 0.697086 0.499653 0.123078 0.403472
1.0 0.805026 0.557843 0.170326 0.287092
1.0 0.898371 0.361179 0.016539 0.062186
1.0 0.913266 0.327765 0.013251 0.059696
1.0 0.961546 0.557843 0.076908 0.287092
1.0 0.914910 0.361179 0.016539 0.062186
1.0 0.046680 0.850694 0.093359 0.298611
1.0 0.154898 0.850694 0.123078 0.298611
1.0 0.262839 0.844935 0.170326 0.287092
1.0 0.574008 0.850694 0.123078 0.298611
1.0 0.466067 0.844935 0.170326 0.287092
1.0 0.697086 0.850694 0.123078 0.298611
1.0 0.805026 0.844935 0.170326 0.287092
1.0 0.961546 0.844935 0.076908 0.287092
