1.0 0.012840 0.746698 0.025681 0.050096
1.0 0.817925 0.561499 0.057097 0.106850
1.0 0.753333 0.577347 0.046286 0.103012
1.0 0.451972 0.765882 0.149620 0.344934
1.0 0.286993 0.686025 0.063229 0.111292
1.0 0.208253 0.706120 0.052883 0.107652
1.0 0.619011 0.720432 0.143064 0.336724
1.0 0.731937 0.580771 0.033897 0.093065
1.0 0.303830 0.682905 0.032122 0.094034
1.0 0.231951 0.700476 0.041048 0.094490
1.0 0.798288 0.569991 0.036047 0.085698
1.0 0.382103 0.666365 0.029203 0.041296
1.0 0.492048 0.642281 0.030625 0.104096
1.0 0.519652 0.636905 0.087248 0.124995
1.0 0.550652 0.625737 0.024927 0.095804
1.0 0.172612 0.706390 0.043752 0.049755
1.0 0.337047 0.685300 0.014873 0.012387
0.0 0.466957 0.926777 0.118272 0.104072
0.0 0.650678 0.880017 0.118423 0.105013
