0.0 0.026135 0.125000 0.052269 0.250000
0.0 0.231678 0.125000 0.255394 0.250000
0.0 0.487072 0.125000 0.255394 0.250000
0.0 0.794178 0.125000 0.255394 0.250000
0.0 0.960938 0.125000 0.078125 0.250000
0.0 0.026135 0.479852 0.052269 0.459704
0.0 0.231678 0.479852 0.255394 0.459704
0.0 0.487072 0.479852 0.255394 0.459704
0.0 0.794178 0.479852 0.255394 0.459704
0.0 0.960938 0.479852 0.078125 0.459704
0.0 0.231678 0.895148 0.255394 0.209704
0.0 0.487072 0.895148 0.255394 0.209704
0.0 0.794178 0.895148 0.255394 0.209704
0.0 0.960938 0.895148 0.078125 0.209704
