1.0 0.733532 0.096458 0.144007 0.111836
1.0 0.505461 0.068728 0.233150 0.137457
0.0 0.787424 0.061010 0.045043 0.039861
1.0 0.947035 0.093520 0.105930 0.111836
0.0 0.911610 0.059441 0.045043 0.039861
1.0 0.319616 0.477655 0.341317 0.452236
1.0 0.734610 0.227444 0.144007 0.111836
1.0 0.508780 0.366536 0.233150 0.348712
0.0 0.215625 0.601794 0.147232 0.128798
0.0 0.468917 0.707428 0.206014 0.270598
0.0 0.789074 0.261523 0.045043 0.039861
1.0 0.947574 0.224505 0.104853 0.111836
0.0 0.913260 0.259953 0.045043 0.039861
