1.0 0.103711 0.062153 0.167578 0.124306
1.0 0.493945 0.062153 0.167578 0.124306
1.0 0.908398 0.062153 0.167578 0.124306
1.0 0.103711 0.485764 0.167578 0.295139
0.0 0.032422 0.595139 0.050781 0.081944
0.0 0.177148 0.597222 0.053516 0.079167
1.0 0.252148 0.510417 0.021484 0.029167
1.0 0.493945 0.485764 0.167578 0.295139
0.0 0.565234 0.595139 0.050781 0.081944
0.0 0.420508 0.597222 0.053516 0.079167
1.0 0.345508 0.510417 0.021484 0.029167
1.0 0.908398 0.485764 0.167578 0.295139
0.0 0.837109 0.595139 0.050781 0.081944
0.0 0.977539 0.597222 0.044922 0.079167
1.0 0.103711 0.951389 0.167578 0.097222
0.0 0.032422 0.940972 0.050781 0.081944
0.0 0.177148 0.938889 0.053516 0.079167
1.0 0.493945 0.951389 0.167578 0.097222
0.0 0.565234 0.940972 0.050781 0.081944
0.0 0.420508 0.938889 0.053516 0.079167
1.0 0.908398 0.951389 0.167578 0.097222
0.0 0.837109 0.940972 0.050781 0.081944
0.0 0.977539 0.938889 0.044922 0.079167
