1.0 0.161052 0.027778 0.219352 0.055556
0.0 0.179727 0.027778 0.103384 0.055556
1.0 0.497542 0.027778 0.219352 0.055556
0.0 0.478867 0.027778 0.103384 0.055556
1.0 0.843083 0.027778 0.219352 0.055556
0.0 0.861758 0.027778 0.103384 0.055556
1.0 0.161052 0.241260 0.219352 0.371409
1.0 0.142692 0.449164 0.179945 0.289406
0.0 0.042222 0.738449 0.084443 0.242416
0.0 0.179727 0.108696 0.103384 0.106280
0.0 0.092401 0.534347 0.141165 0.320512
1.0 0.497542 0.241260 0.219352 0.371409
1.0 0.515902 0.449164 0.179945 0.289406
0.0 0.622231 0.738449 0.096162 0.242416
0.0 0.478867 0.108696 0.103384 0.106280
0.0 0.566193 0.534347 0.141165 0.320512
1.0 0.843083 0.241260 0.219352 0.371409
1.0 0.824723 0.449164 0.179945 0.289406
0.0 0.718394 0.738449 0.096162 0.242416
0.0 0.861758 0.108696 0.103384 0.106280
0.0 0.774432 0.534347 0.141165 0.320512
