1.0 0.291486 0.174315 0.014685 0.085227
1.0 0.262984 0.156280 0.041817 0.085227
1.0 0.126515 0.092843 0.010560 0.022083
1.0 0.156971 0.105489 0.012577 0.023680
1.0 0.191113 0.119304 0.011047 0.023024
1.0 0.115959 0.091605 0.009202 0.020038
0.0 0.104800 0.048818 0.209601 0.097635
1.0 0.041136 0.108408 0.082272 0.216817
1.0 0.306171 0.174315 0.014685 0.085227
1.0 0.334672 0.156280 0.041817 0.085227
1.0 0.471141 0.092843 0.010560 0.022083
1.0 0.440685 0.105489 0.012577 0.023680
1.0 0.406544 0.119304 0.011047 0.023024
1.0 0.481697 0.091605 0.009202 0.020038
0.0 0.494332 0.048818 0.212554 0.097635
1.0 0.608278 0.108408 0.185787 0.216817
1.0 0.931203 0.092843 0.010560 0.022083
1.0 0.961658 0.105489 0.012577 0.023680
1.0 0.995138 0.119304 0.009724 0.023024
1.0 0.920647 0.091605 0.009202 0.020038
0.0 0.900867 0.048818 0.198266 0.097635
1.0 0.794066 0.108408 0.185787 0.216817
1.0 0.291486 0.288185 0.014685 0.085227
1.0 0.262984 0.306220 0.041817 0.085227
1.0 0.126515 0.369657 0.010560 0.022083
1.0 0.156971 0.357011 0.012577 0.023680
1.0 0.191113 0.343196 0.011047 0.023024
1.0 0.115959 0.370895 0.009202 0.020038
0.0 0.104800 0.540271 0.209601 0.350813
1.0 0.041136 0.484726 0.082272 0.478085
1.0 0.306171 0.288185 0.014685 0.085227
1.0 0.334672 0.306220 0.041817 0.085227
1.0 0.471141 0.369657 0.010560 0.022083
1.0 0.440685 0.357011 0.012577 0.023680
1.0 0.406544 0.343196 0.011047 0.023024
1.0 0.481697 0.370895 0.009202 0.020038
0.0 0.494332 0.540271 0.212554 0.350813
1.0 0.608278 0.484726 0.185787 0.478085
1.0 0.931203 0.369657 0.010560 0.022083
1.0 0.961658 0.357011 0.012577 0.023680
1.0 0.995138 0.343196 0.009724 0.023024
1.0 0.920647 0.370895 0.009202 0.020038
0.0 0.900867 0.540271 0.198266 0.350813
1.0 0.794066 0.484726 0.185787 0.478085
0.0 0.104800 0.910217 0.209601 0.179566
1.0 0.041136 0.906171 0.082272 0.187658
0.0 0.494332 0.910217 0.212554 0.179566
1.0 0.608278 0.906171 0.185787 0.187658
0.0 0.900867 0.910217 0.198266 0.179566
1.0 0.794066 0.906171 0.185787 0.187658
