1.0 0.109326 0.307121 0.036379 0.085981
1.0 0.073951 0.569155 0.103210 0.442721
1.0 0.069169 0.314312 0.026140 0.045338
1.0 0.227185 0.339945 0.024536 0.196618
0.0 0.082887 0.762459 0.165773 0.113018
0.0 0.084454 0.846204 0.168908 0.174259
0.0 0.107320 0.432417 0.156443 0.140245
0.0 0.039016 0.536092 0.078033 0.093138
1.0 0.532863 0.535526 0.101163 0.448386
1.0 0.369580 0.307121 0.036379 0.085981
1.0 0.404955 0.569155 0.103210 0.442721
1.0 0.409737 0.314312 0.026140 0.045338
1.0 0.251721 0.339945 0.024536 0.196618
0.0 0.400551 0.762459 0.174836 0.113018
0.0 0.407693 0.846204 0.195390 0.174259
0.0 0.570693 0.716358 0.172929 0.109845
0.0 0.592890 0.796078 0.195139 0.175184
0.0 0.554749 0.882707 0.145269 0.093056
0.0 0.371586 0.432417 0.156443 0.140245
0.0 0.452414 0.536092 0.103081 0.093138
1.0 0.968825 0.535526 0.062351 0.448386
0.0 0.931968 0.716358 0.136063 0.109845
0.0 0.915317 0.796078 0.169366 0.175184
0.0 0.946855 0.882707 0.106290 0.093056
0.0 0.084454 0.966667 0.168908 0.066667
0.0 0.407693 0.966667 0.195390 0.066667
0.0 0.554749 0.968716 0.145269 0.062569
0.0 0.946855 0.968716 0.106290 0.062569
