0.0 0.129381 0.060808 0.067489 0.121617
0.0 0.243062 0.111434 0.047006 0.102101
1.0 0.184562 0.154132 0.192463 0.275070
0.0 0.558119 0.060808 0.067489 0.121617
0.0 0.444438 0.111434 0.047006 0.102101
1.0 0.502938 0.154132 0.192463 0.275070
0.0 0.754381 0.060808 0.067489 0.121617
0.0 0.868062 0.111434 0.047006 0.102101
1.0 0.809562 0.154132 0.192463 0.275070
0.0 0.129381 0.528571 0.067489 0.133708
0.0 0.243062 0.471899 0.047006 0.102101
1.0 0.184562 0.429202 0.192463 0.275070
0.0 0.558119 0.528571 0.067489 0.133708
0.0 0.444438 0.471899 0.047006 0.102101
1.0 0.502938 0.429202 0.192463 0.275070
0.0 0.754381 0.528571 0.067489 0.133708
0.0 0.868062 0.471899 0.047006 0.102101
1.0 0.809562 0.429202 0.192463 0.275070
0.0 0.129381 0.888096 0.067489 0.133708
0.0 0.243062 0.944768 0.047006 0.102101
1.0 0.184562 0.924965 0.192463 0.150070
0.0 0.558119 0.888096 0.067489 0.133708
0.0 0.444438 0.944768 0.047006 0.102101
1.0 0.502938 0.924965 0.192463 0.150070
0.0 0.754381 0.888096 0.067489 0.133708
0.0 0.868062 0.944768 0.047006 0.102101
1.0 0.809562 0.924965 0.192463 0.150070
