0.0 0.028269 0.412110 0.056538 0.386604
0.0 0.050000 0.291911 0.100000 0.352819
0.0 0.050000 0.196876 0.100000 0.296134
0.0 0.050000 0.101501 0.100000 0.203002
0.0 0.693769 0.806804 0.412461 0.386391
0.0 0.623363 0.680034 0.553275 0.498096
0.0 0.502373 0.533314 0.539250 0.426048
0.0 0.395635 0.412110 0.504346 0.386604
0.0 0.322243 0.291911 0.444487 0.352819
0.0 0.278133 0.196876 0.356266 0.296134
0.0 0.236808 0.101501 0.273617 0.203002
0.0 0.582882 0.772365 0.634236 0.455269
0.0 0.950000 0.806804 0.100000 0.386391
0.0 0.950000 0.680034 0.100000 0.498096
0.0 0.950000 0.772365 0.100000 0.455269
