1.0 0.106983 0.631517 0.213965 0.342927
1.0 0.142377 0.329724 0.094216 0.173415
0.0 0.241986 0.756547 0.071497 0.197469
0.0 0.047531 0.358616 0.044055 0.082482
1.0 0.463371 0.631517 0.243734 0.342927
1.0 0.413092 0.329724 0.094216 0.173415
0.0 0.654931 0.668912 0.133889 0.207468
0.0 0.313483 0.756547 0.071497 0.197469
0.0 0.507937 0.358616 0.044055 0.082482
1.0 0.929256 0.631517 0.141488 0.342927
1.0 0.991775 0.329724 0.016450 0.173415
0.0 0.788819 0.668912 0.133889 0.207468
0.0 0.935813 0.358616 0.044055 0.082482
