1.0 0.097956 0.063670 0.195912 0.127341
1.0 0.206497 0.055703 0.087006 0.111406
1.0 0.083057 0.139741 0.085949 0.065080
1.0 0.422440 0.063670 0.236705 0.127341
1.0 0.293503 0.055703 0.087006 0.111406
1.0 0.680443 0.077727 0.139114 0.155454
1.0 0.416943 0.139741 0.085949 0.065080
1.0 0.819557 0.077727 0.139114 0.155454
1.0 0.097956 0.514991 0.195912 0.284662
1.0 0.206497 0.540594 0.087006 0.304000
1.0 0.083057 0.360259 0.085949 0.065080
0.0 0.228764 0.663662 0.042471 0.065945
1.0 0.422440 0.514991 0.236705 0.284662
1.0 0.293503 0.540594 0.087006 0.304000
1.0 0.680443 0.487032 0.139114 0.284971
1.0 0.416943 0.360259 0.085949 0.065080
0.0 0.271236 0.663662 0.042471 0.065945
1.0 0.979603 0.514991 0.040793 0.284662
1.0 0.819557 0.487032 0.139114 0.284971
1.0 0.097956 0.921339 0.195912 0.157322
1.0 0.206497 0.903703 0.087006 0.192595
0.0 0.228764 0.836338 0.042471 0.065945
1.0 0.422440 0.921339 0.236705 0.157322
1.0 0.293503 0.903703 0.087006 0.192595
1.0 0.680443 0.935241 0.139114 0.129518
0.0 0.271236 0.836338 0.042471 0.065945
1.0 0.819557 0.935241 0.139114 0.129518
