1.0 0.197149 0.609451 0.029274 0.045612
0.0 0.144129 0.638759 0.049601 0.077003
0.0 0.099814 0.335736 0.049070 0.077767
0.0 0.143341 0.561439 0.050486 0.083104
0.0 0.120718 0.668530 0.034556 0.072852
0.0 0.124310 0.569292 0.033760 0.057405
0.0 0.082487 0.371004 0.034954 0.069513
0.0 0.103669 0.252898 0.043141 0.073398
0.0 0.081584 0.280287 0.025620 0.032252
0.0 0.166335 0.439140 0.044688 0.092372
0.0 0.162872 0.321147 0.038803 0.077799
1.0 0.149684 0.307280 0.025088 0.044080
0.0 0.155277 0.751610 0.023928 0.048146
0.0 0.183632 0.513690 0.036071 0.044676
0.0 0.195189 0.278503 0.024955 0.041505
1.0 0.428633 0.609451 0.029274 0.045612
0.0 0.481652 0.638759 0.049601 0.077003
0.0 0.525968 0.335736 0.049070 0.077767
0.0 0.482441 0.561439 0.050486 0.083104
0.0 0.505063 0.668530 0.034556 0.072852
0.0 0.501471 0.569292 0.033760 0.057405
0.0 0.543295 0.371004 0.034954 0.069513
0.0 0.522112 0.252898 0.043141 0.073398
0.0 0.544198 0.280287 0.025620 0.032252
0.0 0.459446 0.439140 0.044688 0.092372
0.0 0.462909 0.321147 0.038803 0.077799
1.0 0.476097 0.307280 0.025088 0.044080
0.0 0.470504 0.751610 0.023928 0.048146
0.0 0.442149 0.513690 0.036071 0.044676
0.0 0.430592 0.278503 0.024955 0.041505
1.0 0.944805 0.609451 0.029274 0.045612
0.0 0.891786 0.638759 0.049601 0.077003
0.0 0.847470 0.335736 0.049070 0.077767
0.0 0.890997 0.561439 0.050486 0.083104
0.0 0.868375 0.668530 0.034556 0.072852
0.0 0.871966 0.569292 0.033760 0.057405
0.0 0.830143 0.371004 0.034954 0.069513
0.0 0.851325 0.252898 0.043141 0.073398
0.0 0.829240 0.280287 0.025620 0.032252
0.0 0.913992 0.439140 0.044688 0.092372
0.0 0.910528 0.321147 0.038803 0.077799
1.0 0.897340 0.307280 0.025088 0.044080
0.0 0.902934 0.751610 0.023928 0.048146
0.0 0.931288 0.513690 0.036071 0.044676
0.0 0.942846 0.278503 0.024955 0.041505
