1.0 0.646305 0.765159 0.167755 0.427640
1.0 0.190318 0.756847 0.066937 0.134272
1.0 0.562777 0.646363 0.034337 0.126966
1.0 0.790409 0.573984 0.068585 0.134767
1.0 0.453344 0.803805 0.171283 0.392391
1.0 0.867008 0.550986 0.076821 0.137240
1.0 0.274157 0.730330 0.066592 0.131686
1.0 0.288810 0.724586 0.039201 0.116016
1.0 0.771465 0.579672 0.035906 0.115027
1.0 0.211905 0.751710 0.045445 0.115409
1.0 0.685328 0.608223 0.031877 0.049284
1.0 0.849808 0.556903 0.040655 0.115063
1.0 0.497537 0.664606 0.032344 0.123886
1.0 0.915220 0.533525 0.054194 0.076933
0.0 0.679879 0.948273 0.136352 0.103454
0.0 0.470851 0.979565 0.126810 0.040869
0.0 0.887748 0.602282 0.044056 0.033903
0.0 0.184280 0.815726 0.048289 0.039319
