1.0 0.083706 0.489187 0.167412 0.362104
0.0 0.166852 0.622618 0.068082 0.138889
0.0 0.038281 0.653819 0.076563 0.131250
1.0 0.438895 0.489187 0.228238 0.362104
0.0 0.608258 0.584924 0.108258 0.164681
0.0 0.325336 0.622618 0.068082 0.138889
0.0 0.662500 0.540625 0.066406 0.135417
0.0 0.458789 0.653819 0.086328 0.131250
0.0 0.632031 0.607986 0.092969 0.140972
1.0 0.977399 0.489187 0.045201 0.362104
0.0 0.899555 0.584924 0.108258 0.164681
0.0 0.845313 0.540625 0.066406 0.135417
0.0 0.875781 0.607986 0.092969 0.140972
0.0 0.038281 0.988194 0.076563 0.023611
0.0 0.458789 0.988194 0.086328 0.023611
