1.0 0.494588 0.547174 0.176297 0.266144
1.0 0.365269 0.589455 0.206039 0.281080
1.0 0.943161 0.380772 0.113679 0.214403
1.0 0.218522 0.563919 0.075383 0.097768
1.0 0.086621 0.617484 0.063389 0.046279
1.0 0.635709 0.447612 0.031155 0.026268
1.0 0.755988 0.420779 0.035573 0.031886
1.0 0.893834 0.374923 0.030693 0.052380
1.0 0.798225 0.407712 0.035290 0.029619
1.0 0.571036 0.464650 0.033929 0.033610
1.0 0.258807 0.543190 0.023167 0.021832
1.0 0.154838 0.588890 0.038013 0.021639
1.0 0.200556 0.587746 0.033133 0.042133
0.0 0.309867 0.712854 0.127181 0.064637
0.0 0.427982 0.693457 0.143195 0.071137
0.0 0.434654 0.626219 0.144576 0.071329
