1.0 0.574754 0.429112 0.184107 0.311050
1.0 0.754095 0.463940 0.217177 0.360827
1.0 0.911155 0.414188 0.152807 0.290100
1.0 0.423815 0.315845 0.079438 0.125816
1.0 0.327046 0.326230 0.099809 0.138442
1.0 0.165697 0.316076 0.101053 0.120632
1.0 0.053601 0.326162 0.107202 0.129084
1.0 0.260815 0.319648 0.080206 0.129811
1.0 0.496006 0.338099 0.111051 0.174550
1.0 0.601019 0.289202 0.090978 0.059769
1.0 0.018470 0.319319 0.036940 0.116372
1.0 0.514073 0.272932 0.064814 0.045945
1.0 0.380023 0.311444 0.051140 0.114892
0.0 0.704481 0.649349 0.123869 0.093669
0.0 0.954416 0.519340 0.091169 0.051903
0.0 0.236447 0.379330 0.039098 0.023706
0.0 0.831508 0.532665 0.035704 0.027057
