1.0 0.075294 0.545733 0.057996 0.123004
1.0 0.161215 0.545533 0.043609 0.121816
1.0 0.575842 0.686888 0.135515 0.403839
1.0 0.765665 0.537183 0.062542 0.124108
1.0 0.865595 0.537929 0.048912 0.122927
1.0 0.358939 0.682729 0.130194 0.398158
1.0 0.189216 0.543163 0.028437 0.113164
1.0 0.744473 0.538429 0.024652 0.113132
1.0 0.835694 0.538184 0.035995 0.110033
1.0 0.102185 0.550298 0.032938 0.102550
1.0 0.644938 0.541941 0.031202 0.043943
1.0 0.503768 0.545808 0.021680 0.128021
1.0 0.468196 0.547709 0.094372 0.133967
1.0 0.427300 0.543264 0.015592 0.119447
1.0 0.909084 0.527437 0.047877 0.049412
1.0 0.704023 0.551558 0.017451 0.010802
0.0 0.586726 0.890281 0.138776 0.094014
0.0 0.348807 0.891553 0.140940 0.095555
0.0 0.787526 0.812395 0.152540 0.102504
