0.0 0.067313 0.036886 0.134626 0.073773
0.0 0.470350 0.036886 0.147454 0.073773
0.0 0.594300 0.038946 0.157614 0.077892
0.0 0.962336 0.036886 0.075327 0.073773
0.0 0.874450 0.038946 0.157614 0.077892
0.0 0.242635 0.567158 0.045979 0.299047
0.0 0.067313 0.485473 0.134626 0.299047
0.0 0.288615 0.567158 0.045979 0.299047
0.0 0.470350 0.485473 0.147454 0.299047
0.0 0.594300 0.466804 0.157614 0.269948
0.0 0.962336 0.485473 0.075327 0.299047
0.0 0.874450 0.466804 0.157614 0.269948
0.0 0.242635 0.936798 0.045979 0.126403
0.0 0.067313 0.977641 0.134626 0.044718
0.0 0.288615 0.936798 0.045979 0.126403
0.0 0.470350 0.977641 0.147454 0.044718
