1.0 0.604234 0.021160 0.208992 0.042319
1.0 0.485156 0.022137 0.123708 0.044274
1.0 0.895635 0.021160 0.208730 0.042319
1.0 0.038349 0.527007 0.076697 0.356452
0.0 0.167189 0.687105 0.106681 0.199520
1.0 0.604234 0.557241 0.208992 0.413009
1.0 0.485156 0.527007 0.123708 0.356452
0.0 0.332811 0.687105 0.106681 0.199520
1.0 0.895635 0.557241 0.208730 0.413009
1.0 0.976495 0.527007 0.047010 0.356452
1.0 0.038349 0.950161 0.076697 0.099677
0.0 0.167189 0.909345 0.106681 0.181310
1.0 0.604234 0.920905 0.208992 0.158190
1.0 0.485156 0.950161 0.123708 0.099677
0.0 0.332811 0.909345 0.106681 0.181310
1.0 0.895635 0.920905 0.208730 0.158190
1.0 0.976495 0.950161 0.047010 0.099677
