1.0 0.022601 0.489187 0.045201 0.362104
0.0 0.100445 0.584924 0.108258 0.164681
0.0 0.156055 0.570833 0.047266 0.095833
1.0 0.561105 0.489187 0.228238 0.362104
0.0 0.391742 0.584924 0.108258 0.164681
0.0 0.674664 0.622618 0.068082 0.138889
0.0 0.591016 0.709375 0.136719 0.207639
0.0 0.336133 0.570833 0.047266 0.095833
1.0 0.916294 0.489187 0.167412 0.362104
0.0 0.833148 0.622618 0.068082 0.138889
0.0 0.916797 0.709375 0.136719 0.207639
0.0 0.591016 0.941319 0.136719 0.117361
0.0 0.916797 0.941319 0.136719 0.117361
