1.0 0.064453 0.633333 0.053906 0.081944
1.0 0.127344 0.629167 0.061719 0.087500
1.0 0.017188 0.628472 0.034375 0.088889
1.0 0.151562 0.635069 0.034375 0.079861
0.0 0.026613 0.587326 0.020996 0.015625
0.0 0.160645 0.594271 0.016602 0.015625
1.0 0.499609 0.544097 0.097656 0.213194
1.0 0.596289 0.515278 0.115234 0.247222
1.0 0.681445 0.546181 0.080859 0.199306
1.0 0.418750 0.627083 0.042188 0.086111
1.0 0.366406 0.622222 0.053125 0.094444
1.0 0.279297 0.633333 0.053906 0.081944
1.0 0.216406 0.629167 0.061719 0.087500
1.0 0.330664 0.628472 0.042578 0.088889
1.0 0.457617 0.609722 0.058984 0.119444
1.0 0.514648 0.641319 0.048828 0.039583
1.0 0.192188 0.635069 0.034375 0.079861
1.0 0.467773 0.654861 0.034766 0.030556
1.0 0.778711 0.617361 0.030859 0.044444
1.0 0.395117 0.631250 0.026953 0.079167
0.0 0.568359 0.386806 0.066406 0.062500
0.0 0.706543 0.471437 0.053711 0.033854
0.0 0.317137 0.587326 0.020996 0.015625
0.0 0.183105 0.594271 0.016602 0.015625
1.0 0.967188 0.546181 0.065625 0.199306
1.0 0.877539 0.617361 0.030859 0.044444
0.0 0.949707 0.471437 0.053711 0.033854
1.0 0.064453 0.990625 0.053906 0.018750
1.0 0.127344 0.991319 0.061719 0.017361
1.0 0.017188 0.991319 0.034375 0.017361
1.0 0.151562 0.990278 0.034375 0.019444
1.0 0.418750 0.992708 0.042188 0.014583
1.0 0.366406 0.993056 0.053125 0.013889
1.0 0.279297 0.990625 0.053906 0.018750
1.0 0.216406 0.991319 0.061719 0.017361
1.0 0.330664 0.991319 0.042578 0.017361
1.0 0.457617 0.993056 0.058984 0.013889
1.0 0.514648 0.997222 0.048828 0.005556
1.0 0.192188 0.990278 0.034375 0.019444
1.0 0.467773 0.992708 0.034766 0.014583
1.0 0.395117 0.992361 0.026953 0.015278
