1.0 0.053462 0.589829 0.025109 0.041223
0.0 0.058219 0.516946 0.042395 0.069824
0.0 0.020200 0.532535 0.040399 0.071467
0.0 0.069135 0.481155 0.039765 0.050258
0.0 0.017876 0.506946 0.031515 0.047944
1.0 0.438726 0.589829 0.025109 0.041223
0.0 0.433968 0.516946 0.042395 0.069824
0.0 0.601533 0.526259 0.042787 0.069210
0.0 0.474623 0.532535 0.045669 0.071467
0.0 0.423052 0.481155 0.039765 0.050258
0.0 0.474311 0.506946 0.031515 0.047944
0.0 0.586522 0.496931 0.037998 0.050486
0.0 0.644150 0.548865 0.040295 0.061269
0.0 0.634217 0.515250 0.017892 0.035434
0.0 0.534084 0.587644 0.050444 0.064839
0.0 0.596576 0.608596 0.042518 0.056099
1.0 0.606473 0.595004 0.024176 0.035748
0.0 0.906280 0.526259 0.042787 0.069210
0.0 0.921290 0.496931 0.037998 0.050486
0.0 0.863663 0.548865 0.040295 0.061269
0.0 0.873595 0.515250 0.017892 0.035434
0.0 0.973729 0.587644 0.050444 0.064839
0.0 0.911237 0.608596 0.042518 0.056099
1.0 0.901339 0.595004 0.024176 0.035748
