1.0 0.760782 0.623690 0.046213 0.103925
1.0 0.407869 0.571546 0.043375 0.102216
1.0 0.360562 0.562618 0.044945 0.101149
1.0 0.600803 0.671346 0.050267 0.131729
1.0 0.536653 0.660638 0.049881 0.129081
1.0 0.799661 0.628684 0.026242 0.097125
0.0 0.592992 0.751632 0.069113 0.053269
0.0 0.523994 0.737810 0.062163 0.045063
0.0 0.346634 0.609791 0.036088 0.023975
0.0 0.459431 0.501548 0.164564 0.313393
0.0 0.288824 0.484928 0.174106 0.431407
1.0 0.850687 0.636801 0.046213 0.103925
1.0 0.982629 0.728163 0.034742 0.131729
1.0 0.812001 0.630484 0.026242 0.097125
0.0 0.970195 0.807335 0.059609 0.053269
