1.0 0.057989 0.292201 0.053891 0.135626
1.0 0.627470 0.476691 0.121014 0.309467
1.0 0.361868 0.289693 0.056302 0.056312
1.0 0.385246 0.478564 0.125968 0.304964
1.0 0.435062 0.301494 0.043248 0.028452
1.0 0.119634 0.290992 0.053891 0.135626
0.0 0.346019 0.612745 0.321577 0.051354
0.0 0.345492 0.673663 0.350623 0.095054
0.0 0.668444 0.609298 0.318399 0.049376
0.0 0.696729 0.668690 0.350591 0.093139
0.0 0.342923 0.523993 0.415018 0.109930
0.0 0.358587 0.556775 0.369540 0.098111
0.0 0.631822 0.455313 0.406689 0.064335
1.0 0.637326 0.948041 0.121014 0.103918
1.0 0.395200 0.952980 0.125968 0.094040
0.0 0.351395 0.925890 0.321577 0.051354
0.0 0.348777 0.865034 0.350623 0.095054
0.0 0.673721 0.916690 0.318399 0.049376
0.0 0.699948 0.856229 0.350591 0.093139
0.0 0.351347 0.979869 0.415018 0.040262
0.0 0.365875 0.966137 0.369540 0.067727
