1.0 0.171916 0.587932 0.020380 0.058351
1.0 0.143034 0.589337 0.021012 0.057139
1.0 0.303375 0.618995 0.024849 0.078720
1.0 0.261125 0.621382 0.024095 0.076105
0.0 0.308322 0.667172 0.043256 0.030589
0.0 0.262459 0.667694 0.037992 0.025415
0.0 0.140101 0.617413 0.020506 0.012608
0.0 0.195438 0.540714 0.083407 0.180549
0.0 0.093893 0.556068 0.076179 0.242232
1.0 0.515584 0.587932 0.020380 0.058351
1.0 0.544466 0.589337 0.021012 0.057139
1.0 0.384125 0.618995 0.024849 0.078720
1.0 0.426375 0.621382 0.024095 0.076105
0.0 0.379178 0.667172 0.043256 0.030589
0.0 0.425041 0.667694 0.037992 0.025415
0.0 0.547399 0.617413 0.020506 0.012608
0.0 0.492062 0.540714 0.083407 0.180549
0.0 0.593607 0.556068 0.076179 0.242232
1.0 0.796916 0.587932 0.020380 0.058351
1.0 0.768034 0.589337 0.021012 0.057139
1.0 0.928375 0.618995 0.024849 0.078720
1.0 0.886125 0.621382 0.024095 0.076105
0.0 0.933322 0.667172 0.043256 0.030589
0.0 0.887459 0.667694 0.037992 0.025415
0.0 0.765101 0.617413 0.020506 0.012608
0.0 0.820438 0.540714 0.083407 0.180549
0.0 0.718893 0.556068 0.076179 0.242232
1.0 0.998350 0.618995 0.003300 0.078720
0.0 0.991275 0.667172 0.017450 0.030589
1.0 0.171916 0.967624 0.020380 0.058351
1.0 0.143034 0.966218 0.021012 0.057139
1.0 0.303375 0.936560 0.024849 0.078720
1.0 0.261125 0.934173 0.024095 0.076105
0.0 0.308322 0.888384 0.043256 0.030589
0.0 0.262459 0.887861 0.037992 0.025415
0.0 0.140101 0.938142 0.020506 0.012608
0.0 0.195438 0.962283 0.083407 0.075433
0.0 0.093893 0.939186 0.076179 0.121628
1.0 0.515584 0.967624 0.020380 0.058351
1.0 0.544466 0.966218 0.021012 0.057139
1.0 0.384125 0.936560 0.024849 0.078720
1.0 0.426375 0.934173 0.024095 0.076105
0.0 0.379178 0.888384 0.043256 0.030589
0.0 0.425041 0.887861 0.037992 0.025415
0.0 0.547399 0.938142 0.020506 0.012608
0.0 0.492062 0.962283 0.083407 0.075433
0.0 0.593607 0.939186 0.076179 0.121628
1.0 0.796916 0.967624 0.020380 0.058351
1.0 0.768034 0.966218 0.021012 0.057139
1.0 0.928375 0.936560 0.024849 0.078720
1.0 0.886125 0.934173 0.024095 0.076105
0.0 0.933322 0.888384 0.043256 0.030589
0.0 0.887459 0.887861 0.037992 0.025415
0.0 0.765101 0.938142 0.020506 0.012608
0.0 0.820438 0.962283 0.083407 0.075433
0.0 0.718893 0.939186 0.076179 0.121628
1.0 0.998350 0.936560 0.003300 0.078720
0.0 0.991275 0.888384 0.017450 0.030589
