1.0 0.073754 0.037153 0.147508 0.074306
1.0 0.500544 0.037153 0.467980 0.074306
1.0 0.925702 0.037153 0.148597 0.074306
1.0 0.073754 0.139133 0.147508 0.129654
1.0 0.050181 0.384783 0.100361 0.495166
0.0 0.055489 0.570845 0.110978 0.131416
1.0 0.500544 0.139133 0.467980 0.129654
1.0 0.553335 0.384783 0.479267 0.495166
0.0 0.723886 0.501573 0.138166 0.182971
1.0 0.749538 0.307906 0.086862 0.288094
0.0 0.389413 0.570845 0.172658 0.131416
1.0 0.925702 0.139133 0.148597 0.129654
1.0 0.896484 0.384783 0.207031 0.495166
0.0 0.862052 0.501573 0.138166 0.182971
1.0 0.836400 0.307906 0.086862 0.288094
