1.0 0.089052 0.182459 0.159061 0.097582
1.0 0.083341 0.035204 0.159061 0.070408
1.0 0.508605 0.182459 0.159061 0.097582
1.0 0.514316 0.035204 0.159061 0.070408
1.0 0.893739 0.182459 0.159061 0.097582
1.0 0.888028 0.035204 0.159061 0.070408
1.0 0.089052 0.280041 0.159061 0.097582
1.0 0.083341 0.498863 0.159061 0.213543
0.0 0.026675 0.573633 0.053350 0.082379
0.0 0.156564 0.572687 0.061123 0.068453
1.0 0.508605 0.280041 0.159061 0.097582
1.0 0.514316 0.498863 0.159061 0.213543
0.0 0.584283 0.573633 0.079954 0.082379
0.0 0.441092 0.572687 0.061123 0.068453
1.0 0.893739 0.280041 0.159061 0.097582
1.0 0.888028 0.498863 0.159061 0.213543
0.0 0.818060 0.573633 0.079954 0.082379
0.0 0.961252 0.572687 0.061123 0.068453
1.0 0.083341 0.965238 0.159061 0.069523
0.0 0.026675 0.960644 0.053350 0.078712
0.0 0.156564 0.963425 0.061123 0.068453
1.0 0.514316 0.965238 0.159061 0.069523
0.0 0.584283 0.960644 0.079954 0.078712
0.0 0.441092 0.963425 0.061123 0.068453
1.0 0.888028 0.965238 0.159061 0.069523
0.0 0.818060 0.960644 0.079954 0.078712
0.0 0.961252 0.963425 0.061123 0.068453
