1.0 0.067485 0.603045 0.095991 0.240081
1.0 0.181337 0.600170 0.071061 0.224432
0.0 0.133227 0.724814 0.236568 0.050372
0.0 0.084406 0.709035 0.168813 0.070777
1.0 0.557515 0.603045 0.095991 0.240081
1.0 0.443663 0.600170 0.071061 0.224432
0.0 0.491773 0.724814 0.236568 0.050372
0.0 0.563042 0.709035 0.213710 0.070777
1.0 0.817485 0.603045 0.095991 0.240081
1.0 0.931337 0.600170 0.071061 0.224432
0.0 0.882472 0.724814 0.235057 0.050372
0.0 0.811958 0.709035 0.213710 0.070777
1.0 0.067485 0.888457 0.095991 0.223085
1.0 0.181337 0.893807 0.071061 0.212386
0.0 0.133227 0.775186 0.236568 0.050372
0.0 0.084406 0.790965 0.168813 0.070777
1.0 0.557515 0.888457 0.095991 0.223085
1.0 0.443663 0.893807 0.071061 0.212386
0.0 0.491773 0.775186 0.236568 0.050372
0.0 0.563042 0.790965 0.213710 0.070777
1.0 0.817485 0.888457 0.095991 0.223085
1.0 0.931337 0.893807 0.071061 0.212386
0.0 0.882472 0.775186 0.235057 0.050372
0.0 0.811958 0.790965 0.213710 0.070777
