1.0 0.014844 0.217361 0.029688 0.112500
0.0 0.131055 0.179514 0.022266 0.025694
1.0 0.135352 0.213194 0.016016 0.086111
0.0 0.025781 0.169444 0.024219 0.026389
1.0 0.290039 0.217361 0.064453 0.112500
0.0 0.156445 0.179514 0.022266 0.025694
1.0 0.152148 0.213194 0.016016 0.086111
0.0 0.261719 0.169444 0.024219 0.026389
0.0 0.322289 0.170465 0.024355 0.028188
1.0 0.472461 0.217361 0.064453 0.112500
0.0 0.606055 0.179514 0.022266 0.025694
1.0 0.610352 0.213194 0.016016 0.086111
0.0 0.500781 0.169444 0.024219 0.026389
0.0 0.440211 0.170465 0.024355 0.028188
1.0 0.765039 0.217361 0.064453 0.112500
0.0 0.631445 0.179514 0.022266 0.025694
1.0 0.627148 0.213194 0.016016 0.086111
0.0 0.736719 0.169444 0.024219 0.026389
0.0 0.797289 0.170465 0.024355 0.028188
1.0 0.947461 0.217361 0.064453 0.112500
0.0 0.975781 0.169444 0.024219 0.026389
0.0 0.915211 0.170465 0.024355 0.028188
1.0 0.014844 0.482639 0.029688 0.112500
0.0 0.131055 0.520486 0.022266 0.025694
1.0 0.135352 0.486806 0.016016 0.086111
0.0 0.025781 0.530556 0.024219 0.026389
1.0 0.290039 0.482639 0.064453 0.112500
0.0 0.156445 0.520486 0.022266 0.025694
1.0 0.152148 0.486806 0.016016 0.086111
0.0 0.261719 0.530556 0.024219 0.026389
0.0 0.322289 0.529535 0.024355 0.028188
1.0 0.472461 0.482639 0.064453 0.112500
0.0 0.606055 0.520486 0.022266 0.025694
1.0 0.610352 0.486806 0.016016 0.086111
0.0 0.500781 0.530556 0.024219 0.026389
0.0 0.440211 0.529535 0.024355 0.028188
1.0 0.765039 0.482639 0.064453 0.112500
0.0 0.631445 0.520486 0.022266 0.025694
1.0 0.627148 0.486806 0.016016 0.086111
0.0 0.736719 0.530556 0.024219 0.026389
0.0 0.797289 0.529535 0.024355 0.028188
1.0 0.947461 0.482639 0.064453 0.112500
0.0 0.975781 0.530556 0.024219 0.026389
0.0 0.915211 0.529535 0.024355 0.028188
1.0 0.014844 0.817361 0.029688 0.112500
0.0 0.131055 0.779514 0.022266 0.025694
1.0 0.135352 0.813194 0.016016 0.086111
0.0 0.025781 0.769444 0.024219 0.026389
1.0 0.290039 0.817361 0.064453 0.112500
0.0 0.156445 0.779514 0.022266 0.025694
1.0 0.152148 0.813194 0.016016 0.086111
0.0 0.261719 0.769444 0.024219 0.026389
0.0 0.322289 0.770465 0.024355 0.028188
1.0 0.472461 0.817361 0.064453 0.112500
0.0 0.606055 0.779514 0.022266 0.025694
1.0 0.610352 0.813194 0.016016 0.086111
0.0 0.500781 0.769444 0.024219 0.026389
0.0 0.440211 0.770465 0.024355 0.028188
1.0 0.765039 0.817361 0.064453 0.112500
0.0 0.631445 0.779514 0.022266 0.025694
1.0 0.627148 0.813194 0.016016 0.086111
0.0 0.736719 0.769444 0.024219 0.026389
0.0 0.797289 0.770465 0.024355 0.028188
1.0 0.947461 0.817361 0.064453 0.112500
0.0 0.975781 0.769444 0.024219 0.026389
0.0 0.915211 0.770465 0.024355 0.028188
