0.0 0.015625 0.084332 0.031250 0.168663
0.0 0.078022 0.084332 0.093543 0.168663
0.0 0.282804 0.063226 0.100868 0.126451
1.0 0.187500 0.145833 0.312500 0.291667
0.0 0.609478 0.084332 0.093543 0.168663
0.0 0.404696 0.063226 0.100868 0.126451
1.0 0.500000 0.145833 0.312500 0.291667
0.0 0.703022 0.084332 0.093543 0.168663
0.0 0.907804 0.063226 0.100868 0.126451
1.0 0.812500 0.145833 0.312500 0.291667
0.0 0.989631 0.063226 0.020738 0.126451
0.0 0.015625 0.504396 0.031250 0.179452
0.0 0.078022 0.504396 0.093543 0.179452
0.0 0.282804 0.526471 0.100868 0.139177
1.0 0.187500 0.472164 0.312500 0.360995
0.0 0.609478 0.504396 0.093543 0.179452
0.0 0.404696 0.526471 0.100868 0.139177
1.0 0.500000 0.472164 0.312500 0.360995
0.0 0.703022 0.504396 0.093543 0.179452
0.0 0.907804 0.526471 0.100868 0.139177
1.0 0.812500 0.472164 0.312500 0.360995
0.0 0.989631 0.526471 0.020738 0.139177
0.0 0.015625 0.911272 0.031250 0.177455
0.0 0.078022 0.911272 0.093543 0.177455
0.0 0.282804 0.890196 0.100868 0.139177
1.0 0.187500 0.882003 0.312500 0.235995
0.0 0.609478 0.911272 0.093543 0.177455
0.0 0.404696 0.890196 0.100868 0.139177
1.0 0.500000 0.882003 0.312500 0.235995
0.0 0.703022 0.911272 0.093543 0.177455
0.0 0.907804 0.890196 0.100868 0.139177
1.0 0.812500 0.882003 0.312500 0.235995
0.0 0.989631 0.890196 0.020738 0.139177
