1.0 0.603411 0.455303 0.222363 0.380055
1.0 0.416211 0.424673 0.261602 0.442201
1.0 0.261498 0.316594 0.188234 0.347508
1.0 0.770621 0.396083 0.094978 0.155555
1.0 0.868275 0.442152 0.117073 0.175725
1.0 0.936686 0.459822 0.096216 0.159849
1.0 0.694319 0.392090 0.132622 0.216118
1.0 0.592674 0.304001 0.099069 0.093473
1.0 0.683359 0.319474 0.070966 0.069971
1.0 0.091269 0.141445 0.066123 0.087067
1.0 0.815861 0.407717 0.065046 0.134180
0.0 0.445566 0.630621 0.136300 0.139611
0.0 0.200744 0.405553 0.107225 0.088863
0.0 0.954713 0.529201 0.042347 0.038182
