1.0 0.110333 0.214081 0.220665 0.109339
1.0 0.010864 0.206822 0.021728 0.123856
1.0 0.123656 0.115344 0.247312 0.230688
0.0 0.233250 0.024484 0.047454 0.048967
1.0 0.022203 0.084136 0.044406 0.168272
1.0 0.516953 0.214081 0.256487 0.109339
1.0 0.635660 0.206822 0.096026 0.123856
1.0 0.656715 0.014641 0.028605 0.029282
1.0 0.490306 0.115344 0.256487 0.230688
0.0 0.376125 0.024484 0.047454 0.048967
1.0 0.612982 0.084136 0.096026 0.168272
1.0 0.678053 0.011240 0.028605 0.022481
1.0 0.872714 0.214081 0.254571 0.109339
1.0 0.754965 0.206822 0.096026 0.123856
1.0 0.733910 0.014641 0.028605 0.029282
1.0 0.886038 0.115344 0.227925 0.230688
0.0 0.995387 0.024484 0.009227 0.048967
1.0 0.777643 0.084136 0.096026 0.168272
1.0 0.712572 0.011240 0.028605 0.022481
1.0 0.110333 0.323419 0.220665 0.109339
1.0 0.010864 0.330678 0.021728 0.123856
1.0 0.123656 0.474567 0.247312 0.335510
0.0 0.233250 0.530227 0.047454 0.083388
1.0 0.022203 0.493357 0.044406 0.248257
0.0 0.054999 0.627148 0.109999 0.151168
0.0 0.080832 0.626018 0.038831 0.068273
1.0 0.516953 0.323419 0.256487 0.109339
1.0 0.635660 0.330678 0.096026 0.123856
1.0 0.656715 0.547651 0.028605 0.078864
1.0 0.490306 0.474567 0.256487 0.335510
0.0 0.376125 0.530227 0.047454 0.083388
1.0 0.612982 0.493357 0.096026 0.248257
0.0 0.558041 0.627148 0.117329 0.151168
0.0 0.528543 0.626018 0.038831 0.068273
1.0 0.678053 0.554451 0.028605 0.078864
1.0 0.872714 0.323419 0.254571 0.109339
1.0 0.754965 0.330678 0.096026 0.123856
1.0 0.733910 0.547651 0.028605 0.078864
1.0 0.886038 0.474567 0.227925 0.335510
0.0 0.995387 0.530227 0.009227 0.083388
1.0 0.777643 0.493357 0.096026 0.248257
0.0 0.832584 0.627148 0.117329 0.151168
0.0 0.862082 0.626018 0.038831 0.068273
1.0 0.712572 0.554451 0.028605 0.078864
1.0 0.123656 0.909395 0.247312 0.181211
0.0 0.233250 0.930884 0.047454 0.083388
1.0 0.022203 0.921813 0.044406 0.156374
0.0 0.054999 0.833963 0.109999 0.151168
0.0 0.080832 0.835093 0.038831 0.068273
1.0 0.656715 0.913460 0.028605 0.078864
1.0 0.490306 0.909395 0.256487 0.181211
0.0 0.376125 0.930884 0.047454 0.083388
1.0 0.612982 0.921813 0.096026 0.156374
0.0 0.558041 0.833963 0.117329 0.151168
0.0 0.528543 0.835093 0.038831 0.068273
1.0 0.678053 0.906660 0.028605 0.078864
1.0 0.733910 0.913460 0.028605 0.078864
1.0 0.886038 0.909395 0.227925 0.181211
0.0 0.995387 0.930884 0.009227 0.083388
1.0 0.777643 0.921813 0.096026 0.156374
0.0 0.832584 0.833963 0.117329 0.151168
0.0 0.862082 0.835093 0.038831 0.068273
1.0 0.712572 0.906660 0.028605 0.078864
