1.0 0.018062 0.073016 0.036123 0.120634
1.0 0.039870 0.068496 0.036805 0.124465
0.0 0.035057 0.119115 0.030207 0.028436
0.0 0.006398 0.088219 0.012797 0.061801
1.0 0.257155 0.073016 0.053744 0.120634
1.0 0.226537 0.068496 0.036805 0.124465
0.0 0.231349 0.119115 0.030207 0.028436
0.0 0.281974 0.119162 0.029891 0.028342
0.0 0.273951 0.088219 0.040682 0.061801
1.0 0.498314 0.073016 0.053744 0.120634
1.0 0.528932 0.068496 0.036805 0.124465
0.0 0.524120 0.119115 0.030207 0.028436
0.0 0.473495 0.119162 0.029891 0.028342
0.0 0.481518 0.088219 0.040682 0.061801
1.0 0.746217 0.073016 0.053744 0.120634
1.0 0.715599 0.068496 0.036805 0.124465
0.0 0.720412 0.119115 0.030207 0.028436
0.0 0.771036 0.119162 0.029891 0.028342
0.0 0.763013 0.088219 0.040682 0.061801
1.0 0.980252 0.073016 0.039495 0.120634
0.0 0.962557 0.119162 0.029891 0.028342
0.0 0.970581 0.088219 0.040682 0.061801
1.0 0.018062 0.193650 0.036123 0.120634
1.0 0.039870 0.198171 0.036805 0.124465
0.0 0.035057 0.147551 0.030207 0.028436
0.0 0.006398 0.178448 0.012797 0.061801
1.0 0.257155 0.193650 0.053744 0.120634
1.0 0.226537 0.198171 0.036805 0.124465
0.0 0.231349 0.147551 0.030207 0.028436
0.0 0.281974 0.147504 0.029891 0.028342
0.0 0.273951 0.178448 0.040682 0.061801
1.0 0.498314 0.193650 0.053744 0.120634
1.0 0.528932 0.198171 0.036805 0.124465
0.0 0.524120 0.147551 0.030207 0.028436
0.0 0.473495 0.147504 0.029891 0.028342
0.0 0.481518 0.178448 0.040682 0.061801
1.0 0.746217 0.193650 0.053744 0.120634
1.0 0.715599 0.198171 0.036805 0.124465
0.0 0.720412 0.147551 0.030207 0.028436
0.0 0.771036 0.147504 0.029891 0.028342
0.0 0.763013 0.178448 0.040682 0.061801
1.0 0.980252 0.193650 0.039495 0.120634
0.0 0.962557 0.147504 0.029891 0.028342
0.0 0.970581 0.178448 0.040682 0.061801
1.0 0.018062 0.561905 0.036123 0.120634
1.0 0.039870 0.557385 0.036805 0.124465
0.0 0.035057 0.608004 0.030207 0.028436
0.0 0.006398 0.577107 0.012797 0.061801
1.0 0.257155 0.561905 0.053744 0.120634
1.0 0.226537 0.557385 0.036805 0.124465
0.0 0.231349 0.608004 0.030207 0.028436
0.0 0.281974 0.608051 0.029891 0.028342
0.0 0.273951 0.577107 0.040682 0.061801
1.0 0.498314 0.561905 0.053744 0.120634
1.0 0.528932 0.557385 0.036805 0.124465
0.0 0.524120 0.608004 0.030207 0.028436
0.0 0.473495 0.608051 0.029891 0.028342
0.0 0.481518 0.577107 0.040682 0.061801
1.0 0.746217 0.561905 0.053744 0.120634
1.0 0.715599 0.557385 0.036805 0.124465
0.0 0.720412 0.608004 0.030207 0.028436
0.0 0.771036 0.608051 0.029891 0.028342
0.0 0.763013 0.577107 0.040682 0.061801
1.0 0.980252 0.561905 0.039495 0.120634
0.0 0.962557 0.608051 0.029891 0.028342
0.0 0.970581 0.577107 0.040682 0.061801
1.0 0.018062 0.682539 0.036123 0.120634
1.0 0.039870 0.687060 0.036805 0.124465
0.0 0.035057 0.636440 0.030207 0.028436
0.0 0.006398 0.667337 0.012797 0.061801
1.0 0.257155 0.682539 0.053744 0.120634
1.0 0.226537 0.687060 0.036805 0.124465
0.0 0.231349 0.636440 0.030207 0.028436
0.0 0.281974 0.636393 0.029891 0.028342
0.0 0.273951 0.667337 0.040682 0.061801
1.0 0.498314 0.682539 0.053744 0.120634
1.0 0.528932 0.687060 0.036805 0.124465
0.0 0.524120 0.636440 0.030207 0.028436
0.0 0.473495 0.636393 0.029891 0.028342
0.0 0.481518 0.667337 0.040682 0.061801
1.0 0.746217 0.682539 0.053744 0.120634
1.0 0.715599 0.687060 0.036805 0.124465
0.0 0.720412 0.636440 0.030207 0.028436
0.0 0.771036 0.636393 0.029891 0.028342
0.0 0.763013 0.667337 0.040682 0.061801
1.0 0.980252 0.682539 0.039495 0.120634
0.0 0.962557 0.636393 0.029891 0.028342
0.0 0.970581 0.667337 0.040682 0.061801
1.0 0.039870 0.992021 0.036805 0.015959
1.0 0.226537 0.992021 0.036805 0.015959
1.0 0.528932 0.992021 0.036805 0.015959
1.0 0.715599 0.992021 0.036805 0.015959
