1.0 0.035599 0.007536 0.065712 0.015072
0.0 0.022025 0.023747 0.040907 0.047495
0.0 0.090467 0.025747 0.040952 0.051495
0.0 0.049584 0.041508 0.034980 0.065272
0.0 0.128359 0.016848 0.026095 0.033696
1.0 0.247214 0.007536 0.065712 0.015072
0.0 0.260787 0.023747 0.040907 0.047495
0.0 0.192346 0.025747 0.040952 0.051495
0.0 0.233228 0.041508 0.034980 0.065272
0.0 0.154454 0.016848 0.026095 0.033696
1.0 0.513724 0.007536 0.065712 0.015072
0.0 0.500150 0.023747 0.040907 0.047495
0.0 0.568592 0.025747 0.040952 0.051495
0.0 0.527709 0.041508 0.034980 0.065272
0.0 0.606484 0.016848 0.026095 0.033696
1.0 0.725339 0.007536 0.065712 0.015072
0.0 0.738912 0.023747 0.040907 0.047495
0.0 0.670471 0.025747 0.040952 0.051495
0.0 0.711353 0.041508 0.034980 0.065272
0.0 0.632579 0.016848 0.026095 0.033696
0.0 0.978275 0.023747 0.040907 0.047495
0.0 0.994172 0.041508 0.011656 0.065272
1.0 0.035599 0.209249 0.065712 0.148642
0.0 0.022025 0.143679 0.040907 0.082347
0.0 0.060074 0.180246 0.026456 0.049217
0.0 0.090467 0.139726 0.040952 0.082442
0.0 0.049584 0.108492 0.034980 0.065272
0.0 0.128359 0.157525 0.026095 0.082442
1.0 0.247214 0.209249 0.065712 0.148642
1.0 0.327122 0.251035 0.024468 0.051966
0.0 0.260787 0.143679 0.040907 0.082347
0.0 0.222738 0.180246 0.026456 0.049217
0.0 0.192346 0.139726 0.040952 0.082442
0.0 0.326951 0.184161 0.017288 0.032204
0.0 0.233228 0.108492 0.034980 0.065272
0.0 0.154454 0.157525 0.026095 0.082442
1.0 0.513724 0.209249 0.065712 0.148642
1.0 0.433816 0.251035 0.024468 0.051966
0.0 0.500150 0.143679 0.040907 0.082347
0.0 0.538199 0.180246 0.026456 0.049217
0.0 0.568592 0.139726 0.040952 0.082442
0.0 0.433987 0.184161 0.017288 0.032204
0.0 0.527709 0.108492 0.034980 0.065272
0.0 0.606484 0.157525 0.026095 0.082442
1.0 0.725339 0.209249 0.065712 0.148642
1.0 0.805247 0.251035 0.024468 0.051966
0.0 0.738912 0.143679 0.040907 0.082347
0.0 0.700863 0.180246 0.026456 0.049217
0.0 0.670471 0.139726 0.040952 0.082442
0.0 0.805076 0.184161 0.017288 0.032204
0.0 0.711353 0.108492 0.034980 0.065272
0.0 0.632579 0.157525 0.026095 0.082442
1.0 0.979496 0.209249 0.041008 0.148642
1.0 0.911941 0.251035 0.024468 0.051966
0.0 0.978275 0.143679 0.040907 0.082347
0.0 0.912112 0.184161 0.017288 0.032204
0.0 0.994172 0.108492 0.011656 0.065272
1.0 0.035599 0.507418 0.065712 0.148642
0.0 0.022025 0.572988 0.040907 0.082347
0.0 0.060074 0.536421 0.026456 0.049217
0.0 0.090467 0.576940 0.040952 0.082442
0.0 0.049584 0.608175 0.034980 0.065272
0.0 0.128359 0.559142 0.026095 0.082442
1.0 0.247214 0.507418 0.065712 0.148642
1.0 0.327122 0.465632 0.024468 0.051966
0.0 0.260787 0.572988 0.040907 0.082347
0.0 0.222738 0.536421 0.026456 0.049217
0.0 0.192346 0.576940 0.040952 0.082442
0.0 0.326951 0.532506 0.017288 0.032204
0.0 0.233228 0.608175 0.034980 0.065272
0.0 0.154454 0.559142 0.026095 0.082442
1.0 0.513724 0.507418 0.065712 0.148642
1.0 0.433816 0.465632 0.024468 0.051966
0.0 0.500150 0.572988 0.040907 0.082347
0.0 0.538199 0.536421 0.026456 0.049217
0.0 0.568592 0.576940 0.040952 0.082442
0.0 0.433987 0.532506 0.017288 0.032204
0.0 0.527709 0.608175 0.034980 0.065272
0.0 0.606484 0.559142 0.026095 0.082442
1.0 0.725339 0.507418 0.065712 0.148642
1.0 0.805247 0.465632 0.024468 0.051966
0.0 0.738912 0.572988 0.040907 0.082347
0.0 0.700863 0.536421 0.026456 0.049217
0.0 0.670471 0.576940 0.040952 0.082442
0.0 0.805076 0.532506 0.017288 0.032204
0.0 0.711353 0.608175 0.034980 0.065272
0.0 0.632579 0.559142 0.026095 0.082442
1.0 0.979496 0.507418 0.041008 0.148642
1.0 0.911941 0.465632 0.024468 0.051966
0.0 0.978275 0.572988 0.040907 0.082347
0.0 0.912112 0.532506 0.017288 0.032204
0.0 0.994172 0.608175 0.011656 0.065272
1.0 0.035599 0.775916 0.065712 0.148642
0.0 0.022025 0.710346 0.040907 0.082347
0.0 0.060074 0.746912 0.026456 0.049217
0.0 0.090467 0.706393 0.040952 0.082442
0.0 0.049584 0.675158 0.034980 0.065272
0.0 0.128359 0.724192 0.026095 0.082442
1.0 0.247214 0.775916 0.065712 0.148642
1.0 0.327122 0.817701 0.024468 0.051966
0.0 0.260787 0.710346 0.040907 0.082347
0.0 0.222738 0.746912 0.026456 0.049217
0.0 0.192346 0.706393 0.040952 0.082442
0.0 0.326951 0.750827 0.017288 0.032204
0.0 0.233228 0.675158 0.034980 0.065272
0.0 0.154454 0.724192 0.026095 0.082442
1.0 0.513724 0.775916 0.065712 0.148642
1.0 0.433816 0.817701 0.024468 0.051966
0.0 0.500150 0.710346 0.040907 0.082347
0.0 0.538199 0.746912 0.026456 0.049217
0.0 0.568592 0.706393 0.040952 0.082442
0.0 0.433987 0.750827 0.017288 0.032204
0.0 0.527709 0.675158 0.034980 0.065272
0.0 0.606484 0.724192 0.026095 0.082442
1.0 0.725339 0.775916 0.065712 0.148642
1.0 0.805247 0.817701 0.024468 0.051966
0.0 0.738912 0.710346 0.040907 0.082347
0.0 0.700863 0.746912 0.026456 0.049217
0.0 0.670471 0.706393 0.040952 0.082442
0.0 0.805076 0.750827 0.017288 0.032204
0.0 0.711353 0.675158 0.034980 0.065272
0.0 0.632579 0.724192 0.026095 0.082442
1.0 0.979496 0.775916 0.041008 0.148642
1.0 0.911941 0.817701 0.024468 0.051966
0.0 0.978275 0.710346 0.040907 0.082347
0.0 0.912112 0.750827 0.017288 0.032204
0.0 0.994172 0.675158 0.011656 0.065272
