0.0 0.047052 0.054395 0.094103 0.088433
0.0 0.234078 0.011085 0.178341 0.022170
0.0 0.201183 0.054395 0.184323 0.088433
0.0 0.500297 0.011085 0.178341 0.022170
0.0 0.533192 0.054395 0.184323 0.088433
0.0 0.765328 0.011085 0.178341 0.022170
0.0 0.732433 0.054395 0.184323 0.088433
0.0 0.986140 0.054395 0.027720 0.088433
0.0 0.029109 0.255945 0.058218 0.161785
0.0 0.047052 0.142828 0.094103 0.088433
0.0 0.234078 0.255945 0.178341 0.161785
0.0 0.201183 0.142828 0.184323 0.088433
0.0 0.500297 0.255945 0.178341 0.161785
0.0 0.533192 0.142828 0.184323 0.088433
0.0 0.765328 0.255945 0.178341 0.161785
0.0 0.732433 0.142828 0.184323 0.088433
0.0 0.971188 0.255945 0.057624 0.161785
0.0 0.986140 0.142828 0.027720 0.088433
0.0 0.029109 0.475999 0.058218 0.161785
0.0 0.047052 0.589117 0.094103 0.088433
0.0 0.234078 0.475999 0.178341 0.161785
0.0 0.201183 0.589117 0.184323 0.088433
0.0 0.500297 0.475999 0.178341 0.161785
0.0 0.533192 0.589117 0.184323 0.088433
0.0 0.765328 0.475999 0.178341 0.161785
0.0 0.732433 0.589117 0.184323 0.088433
0.0 0.971188 0.475999 0.057624 0.161785
0.0 0.986140 0.589117 0.027720 0.088433
0.0 0.029109 0.790667 0.058218 0.161785
0.0 0.047052 0.677550 0.094103 0.088433
0.0 0.234078 0.790667 0.178341 0.161785
0.0 0.201183 0.677550 0.184323 0.088433
0.0 0.500297 0.790667 0.178341 0.161785
0.0 0.533192 0.677550 0.184323 0.088433
0.0 0.765328 0.790667 0.178341 0.161785
0.0 0.732433 0.677550 0.184323 0.088433
0.0 0.971188 0.790667 0.057624 0.161785
0.0 0.986140 0.677550 0.027720 0.088433
0.0 0.029109 0.964915 0.058218 0.070171
0.0 0.234078 0.964915 0.178341 0.070171
0.0 0.500297 0.964915 0.178341 0.070171
0.0 0.765328 0.964915 0.178341 0.070171
0.0 0.971188 0.964915 0.057624 0.070171
