1.0 0.972488 0.471582 0.055024 0.111790
1.0 0.377250 0.402411 0.058938 0.112515
1.0 0.294946 0.390821 0.062685 0.111813
1.0 0.719637 0.516723 0.062004 0.141486
1.0 0.610972 0.503145 0.062838 0.139280
0.0 0.720741 0.601809 0.107975 0.058053
0.0 0.604085 0.585163 0.098482 0.049503
0.0 0.281109 0.441892 0.059487 0.027299
0.0 0.449425 0.325966 0.234703 0.349053
0.0 0.153409 0.298530 0.243163 0.483319
0.0 0.636606 0.808423 0.126349 0.061805
0.0 0.236220 0.492580 0.246559 0.488175
0.0 0.240348 0.370995 0.052514 0.026170
