0.0 0.050000 0.314943 0.100000 0.315127
0.0 0.050000 0.208791 0.100000 0.272076
0.0 0.050000 0.122560 0.100000 0.226675
0.0 0.050000 0.054158 0.100000 0.108317
0.0 0.678912 0.774387 0.442177 0.451226
0.0 0.592028 0.579373 0.615945 0.444476
0.0 0.438814 0.429335 0.573178 0.358915
0.0 0.333160 0.314943 0.466320 0.315127
0.0 0.269038 0.208791 0.338075 0.272076
0.0 0.217721 0.122560 0.235442 0.226675
0.0 0.173080 0.054158 0.146160 0.108317
0.0 0.950000 0.774387 0.100000 0.451226
0.0 0.950000 0.579373 0.100000 0.444476
