1.0 0.555114 0.112153 0.231559 0.224306
1.0 0.731604 0.112153 0.122730 0.224306
1.0 0.957522 0.112153 0.084956 0.224306
1.0 0.854334 0.112153 0.122730 0.224306
0.0 0.060463 0.700418 0.120926 0.150553
0.0 0.035375 0.644978 0.070750 0.261433
1.0 0.555114 0.500000 0.231559 0.551389
1.0 0.731604 0.500000 0.122730 0.551389
0.0 0.543052 0.700418 0.499833 0.150553
0.0 0.568141 0.644978 0.449656 0.261433
1.0 0.957522 0.500000 0.084956 0.551389
1.0 0.854334 0.500000 0.122730 0.551389
0.0 0.896484 0.700418 0.207031 0.150553
0.0 0.896484 0.644978 0.207031 0.261433
0.0 0.060463 0.850971 0.120926 0.150553
0.0 0.035375 0.887847 0.070750 0.224306
1.0 0.555114 0.887847 0.231559 0.224306
1.0 0.731604 0.887847 0.122730 0.224306
0.0 0.543052 0.850971 0.499833 0.150553
0.0 0.568141 0.887847 0.449656 0.224306
1.0 0.957522 0.887847 0.084956 0.224306
1.0 0.854334 0.887847 0.122730 0.224306
0.0 0.896484 0.850971 0.207031 0.150553
0.0 0.896484 0.887847 0.207031 0.224306
