1.0 0.062695 0.681250 0.035547 0.143056
1.0 0.010352 0.680903 0.020703 0.143750
1.0 0.475586 0.681250 0.035547 0.143056
1.0 0.535547 0.680903 0.035937 0.143750
1.0 0.702734 0.638889 0.017969 0.113889
0.0 0.625391 0.679861 0.046875 0.052778
0.0 0.614844 0.690972 0.044531 0.025000
1.0 0.983789 0.681250 0.032422 0.143056
1.0 0.925391 0.680903 0.035937 0.143750
1.0 0.758203 0.638889 0.017969 0.113889
0.0 0.835547 0.679861 0.046875 0.052778
0.0 0.846094 0.690972 0.044531 0.025000
1.0 0.062695 0.832639 0.035547 0.143056
1.0 0.010352 0.832986 0.020703 0.143750
1.0 0.475586 0.832639 0.035547 0.143056
1.0 0.535547 0.832986 0.035937 0.143750
1.0 0.702734 0.875000 0.017969 0.113889
0.0 0.625391 0.834028 0.046875 0.052778
0.0 0.614844 0.822917 0.044531 0.025000
1.0 0.983789 0.832639 0.032422 0.143056
1.0 0.925391 0.832986 0.035937 0.143750
1.0 0.758203 0.875000 0.017969 0.113889
0.0 0.835547 0.834028 0.046875 0.052778
0.0 0.846094 0.822917 0.044531 0.025000
