1.0 0.738329 0.450806 0.032636 0.112195
1.0 0.378808 0.451084 0.029939 0.110692
1.0 0.330327 0.448980 0.031730 0.109203
1.0 0.585948 0.529713 0.032726 0.143584
1.0 0.520414 0.528405 0.032717 0.140594
1.0 0.777825 0.449946 0.012875 0.107654
0.0 0.590092 0.619713 0.063976 0.050001
0.0 0.519263 0.615760 0.057965 0.041688
0.0 0.323454 0.503393 0.033976 0.021680
0.0 0.419803 0.365275 0.124634 0.334165
0.0 0.247278 0.374900 0.117038 0.468665
1.0 0.829892 0.450544 0.032636 0.112195
1.0 0.982721 0.528581 0.032726 0.143584
1.0 0.790392 0.449910 0.012875 0.107654
0.0 0.973551 0.618603 0.052897 0.050001
