1.0 0.111567 0.589314 0.088928 0.152517
0.0 0.120478 0.650453 0.064490 0.089748
0.0 0.248995 0.622425 0.049273 0.072978
1.0 0.218560 0.575472 0.072616 0.119484
0.0 0.297789 0.825980 0.013797 0.037179
0.0 0.265012 0.546879 0.079350 0.116704
1.0 0.497808 0.589314 0.088928 0.152517
0.0 0.488897 0.650453 0.064490 0.089748
0.0 0.360380 0.622425 0.049273 0.072978
1.0 0.390815 0.575472 0.072616 0.119484
0.0 0.311586 0.825980 0.013797 0.037179
0.0 0.344363 0.546879 0.079350 0.116704
0.0 0.657884 0.708881 0.046399 0.067354
1.0 0.892817 0.589314 0.088928 0.152517
0.0 0.901728 0.650453 0.064490 0.089748
1.0 0.981751 0.575472 0.036498 0.119484
0.0 0.732741 0.708881 0.046399 0.067354
0.0 0.297789 0.868465 0.013797 0.037179
0.0 0.311586 0.868465 0.013797 0.037179
0.0 0.657884 0.975943 0.046399 0.048113
0.0 0.732741 0.975943 0.046399 0.048113
