0.0 0.261328 0.002778 0.014062 0.005556
0.0 0.223391 0.002821 0.014648 0.005642
0.0 0.426172 0.002778 0.014062 0.005556
0.0 0.464109 0.002821 0.014648 0.005642
0.0 0.886328 0.002778 0.014062 0.005556
0.0 0.848391 0.002821 0.014648 0.005642
1.0 0.241797 0.087847 0.035938 0.061806
0.0 0.261328 0.067014 0.014062 0.020139
1.0 0.239648 0.106597 0.027734 0.024306
0.0 0.223391 0.070097 0.014648 0.026479
1.0 0.445703 0.087847 0.035938 0.061806
0.0 0.426172 0.067014 0.014062 0.020139
1.0 0.447852 0.106597 0.027734 0.024306
0.0 0.464109 0.070097 0.014648 0.026479
1.0 0.866797 0.087847 0.035938 0.061806
0.0 0.886328 0.067014 0.014062 0.020139
1.0 0.864648 0.106597 0.027734 0.024306
0.0 0.848391 0.070097 0.014648 0.026479
1.0 0.241797 0.599653 0.035938 0.061806
0.0 0.261328 0.620486 0.014062 0.020139
1.0 0.239648 0.580903 0.027734 0.024306
0.0 0.223391 0.617403 0.014648 0.026479
1.0 0.445703 0.599653 0.035938 0.061806
0.0 0.426172 0.620486 0.014062 0.020139
1.0 0.447852 0.580903 0.027734 0.024306
0.0 0.464109 0.617403 0.014648 0.026479
1.0 0.866797 0.599653 0.035938 0.061806
0.0 0.886328 0.620486 0.014062 0.020139
1.0 0.864648 0.580903 0.027734 0.024306
0.0 0.848391 0.617403 0.014648 0.026479
1.0 0.241797 0.712847 0.035938 0.061806
0.0 0.261328 0.692014 0.014062 0.020139
1.0 0.239648 0.731597 0.027734 0.024306
0.0 0.223391 0.695097 0.014648 0.026479
1.0 0.445703 0.712847 0.035938 0.061806
0.0 0.426172 0.692014 0.014062 0.020139
1.0 0.447852 0.731597 0.027734 0.024306
0.0 0.464109 0.695097 0.014648 0.026479
1.0 0.866797 0.712847 0.035938 0.061806
0.0 0.886328 0.692014 0.014062 0.020139
1.0 0.864648 0.731597 0.027734 0.024306
0.0 0.848391 0.695097 0.014648 0.026479
