1.0 0.254317 0.082639 0.099960 0.165278
1.0 0.127281 0.082639 0.254563 0.165278
1.0 0.354277 0.082639 0.099960 0.165278
1.0 0.524672 0.082639 0.341281 0.165278
1.0 0.847656 0.082639 0.304688 0.165278
1.0 0.254317 0.499653 0.099960 0.668750
1.0 0.030453 0.626777 0.060906 0.414502
1.0 0.127281 0.499653 0.254563 0.668750
1.0 0.354277 0.499653 0.099960 0.668750
1.0 0.621500 0.626777 0.147625 0.414502
1.0 0.524672 0.499653 0.341281 0.668750
1.0 0.993184 0.499653 0.013632 0.668750
1.0 0.769125 0.626777 0.147625 0.414502
1.0 0.847656 0.499653 0.304688 0.668750
1.0 0.254317 0.917014 0.099960 0.165972
1.0 0.030453 0.917014 0.060906 0.165972
1.0 0.127281 0.917014 0.254563 0.165972
1.0 0.354277 0.917014 0.099960 0.165972
1.0 0.621500 0.917014 0.147625 0.165972
1.0 0.524672 0.917014 0.341281 0.165972
1.0 0.769125 0.917014 0.147625 0.165972
1.0 0.847656 0.917014 0.304688 0.165972
