0.0 0.094531 0.247112 0.189062 0.494225
0.0 0.024715 0.781703 0.049429 0.366346
0.0 0.080573 0.653797 0.161145 0.566012
0.0 0.044767 0.684895 0.089534 0.622458
0.0 0.350457 0.247112 0.322790 0.494225
0.0 0.525644 0.270234 0.367679 0.540468
0.0 0.483456 0.781703 0.309520 0.366346
0.0 0.711283 0.637514 0.180327 0.498244
0.0 0.450160 0.653797 0.466361 0.566012
0.0 0.494357 0.684895 0.411533 0.622458
0.0 0.956196 0.270234 0.087609 0.540468
0.0 0.910214 0.637514 0.179572 0.498244
0.0 0.969267 0.653797 0.061466 0.566012
0.0 0.960876 0.684895 0.078249 0.622458
