1.0 0.973060 0.518370 0.053880 0.125951
1.0 0.885950 0.531756 0.055045 0.122775
1.0 0.432692 0.732563 0.172394 0.405736
1.0 0.212006 0.619278 0.076262 0.127652
1.0 0.100718 0.635782 0.061013 0.124590
1.0 0.674092 0.694308 0.166165 0.399545
1.0 0.854608 0.533913 0.037682 0.112345
1.0 0.235693 0.617122 0.033463 0.111777
1.0 0.134048 0.631302 0.045937 0.110418
1.0 0.952009 0.526989 0.042135 0.102823
1.0 0.346803 0.604755 0.037095 0.046482
1.0 0.504321 0.586149 0.030942 0.125607
1.0 0.544070 0.582348 0.112249 0.141599
1.0 0.589360 0.571631 0.023703 0.116538
1.0 0.051622 0.632613 0.055963 0.054079
1.0 0.281567 0.623296 0.020017 0.012812
0.0 0.433063 0.928948 0.159607 0.109649
0.0 0.698212 0.892570 0.162098 0.111431
