1.0 0.168555 0.648264 0.097266 0.154861
1.0 0.027539 0.634722 0.055078 0.140278
1.0 0.129297 0.646181 0.069531 0.152083
1.0 0.280469 0.648264 0.054687 0.150694
1.0 0.168750 0.563194 0.032812 0.030556
1.0 0.260547 0.647917 0.056250 0.152778
0.0 0.105859 0.714236 0.025000 0.028472
1.0 0.447070 0.648264 0.097266 0.154861
1.0 0.603320 0.634722 0.085547 0.140278
1.0 0.486328 0.646181 0.069531 0.152083
1.0 0.640820 0.630903 0.056641 0.132639
1.0 0.335156 0.648264 0.054687 0.150694
1.0 0.446875 0.563194 0.032812 0.030556
1.0 0.679297 0.617708 0.021875 0.046528
1.0 0.355078 0.647917 0.056250 0.152778
0.0 0.509766 0.714236 0.025000 0.028472
0.0 0.644727 0.698958 0.023047 0.022917
1.0 0.936523 0.648264 0.097266 0.154861
1.0 0.780273 0.634722 0.085547 0.140278
1.0 0.897266 0.646181 0.069531 0.152083
1.0 0.742773 0.630903 0.056641 0.132639
1.0 0.936719 0.563194 0.032812 0.030556
1.0 0.704297 0.617708 0.021875 0.046528
0.0 0.873828 0.714236 0.025000 0.028472
0.0 0.738867 0.698958 0.023047 0.022917
1.0 0.168555 0.873958 0.097266 0.154861
1.0 0.027539 0.887500 0.055078 0.140278
1.0 0.129297 0.876042 0.069531 0.152083
1.0 0.280469 0.873958 0.054687 0.150694
1.0 0.168750 0.959028 0.032812 0.030556
1.0 0.260547 0.874306 0.056250 0.152778
0.0 0.105859 0.807986 0.025000 0.028472
1.0 0.447070 0.873958 0.097266 0.154861
1.0 0.603320 0.887500 0.085547 0.140278
1.0 0.486328 0.876042 0.069531 0.152083
1.0 0.640820 0.891319 0.056641 0.132639
1.0 0.335156 0.873958 0.054687 0.150694
1.0 0.446875 0.959028 0.032812 0.030556
1.0 0.679297 0.904514 0.021875 0.046528
1.0 0.355078 0.874306 0.056250 0.152778
0.0 0.509766 0.807986 0.025000 0.028472
0.0 0.644727 0.823264 0.023047 0.022917
1.0 0.936523 0.873958 0.097266 0.154861
1.0 0.780273 0.887500 0.085547 0.140278
1.0 0.897266 0.876042 0.069531 0.152083
1.0 0.742773 0.891319 0.056641 0.132639
1.0 0.936719 0.959028 0.032812 0.030556
1.0 0.704297 0.904514 0.021875 0.046528
0.0 0.873828 0.807986 0.025000 0.028472
0.0 0.738867 0.823264 0.023047 0.022917
