1.0 0.100034 0.570509 0.200068 0.480093
0.0 0.185537 0.743814 0.096125 0.170738
1.0 0.456838 0.570509 0.329436 0.480093
0.0 0.653516 0.688188 0.155943 0.206938
0.0 0.306650 0.743814 0.096125 0.170738
1.0 0.943128 0.570509 0.113743 0.480093
0.0 0.854296 0.688188 0.155943 0.206938
1.0 0.100034 0.942639 0.200068 0.114722
0.0 0.185537 0.933325 0.096125 0.133350
1.0 0.456838 0.942639 0.329436 0.114722
0.0 0.653516 0.952088 0.155943 0.095823
0.0 0.306650 0.933325 0.096125 0.133350
0.0 0.854296 0.952088 0.155943 0.095823
