1.0 0.123527 0.032595 0.221052 0.065191
1.0 0.376473 0.032595 0.221052 0.065191
1.0 0.507678 0.032329 0.128376 0.064658
1.0 0.964067 0.032329 0.071866 0.064658
1.0 0.123527 0.504700 0.221052 0.353670
1.0 0.028255 0.481833 0.056510 0.306871
0.0 0.175266 0.563743 0.134778 0.203326
0.0 0.010953 0.585415 0.021906 0.247252
0.0 0.008342 0.761042 0.016685 0.083471
1.0 0.376473 0.504700 0.221052 0.353670
1.0 0.507678 0.481833 0.128376 0.306871
0.0 0.671191 0.625284 0.113086 0.170690
0.0 0.324734 0.563743 0.134778 0.203326
0.0 0.560023 0.585415 0.163858 0.247252
0.0 0.674509 0.753186 0.113086 0.099183
0.0 0.565244 0.761042 0.163858 0.083471
1.0 0.964067 0.481833 0.071866 0.306871
0.0 0.828809 0.625284 0.113086 0.170690
0.0 0.929024 0.585415 0.141952 0.247252
0.0 0.825491 0.753186 0.113086 0.099183
0.0 0.926413 0.761042 0.147173 0.083471
1.0 0.123527 0.962010 0.221052 0.075979
0.0 0.175266 0.970075 0.134778 0.059850
0.0 0.008342 0.844513 0.016685 0.083471
1.0 0.376473 0.962010 0.221052 0.075979
0.0 0.671191 0.947464 0.113086 0.105073
0.0 0.324734 0.970075 0.134778 0.059850
0.0 0.560023 0.948257 0.163858 0.103486
0.0 0.674509 0.852369 0.113086 0.099183
0.0 0.565244 0.844513 0.163858 0.083471
0.0 0.828809 0.947464 0.113086 0.105073
0.0 0.929024 0.948257 0.141952 0.103486
0.0 0.825491 0.852369 0.113086 0.099183
0.0 0.926413 0.844513 0.147173 0.083471
