1.0 0.095898 0.030903 0.030078 0.061806
1.0 0.069531 0.032292 0.035937 0.064583
1.0 0.190430 0.022222 0.023828 0.044444
1.0 0.041406 0.010764 0.013281 0.021528
1.0 0.014258 0.014236 0.012109 0.009028
1.0 0.125977 0.009722 0.005859 0.005556
1.0 0.150195 0.011806 0.006641 0.006944
1.0 0.178320 0.009722 0.005078 0.013889
1.0 0.158789 0.011458 0.006641 0.006250
1.0 0.112891 0.009375 0.006250 0.007639
1.0 0.049805 0.006597 0.004297 0.004861
1.0 0.028320 0.011458 0.007422 0.003472
1.0 0.037305 0.014931 0.005859 0.010417
0.0 0.055664 0.061076 0.025035 0.009153
0.0 0.079277 0.065181 0.028230 0.009785
1.0 0.308789 0.030903 0.030078 0.061806
1.0 0.335156 0.032292 0.035937 0.064583
1.0 0.214258 0.022222 0.023828 0.044444
1.0 0.363281 0.010764 0.013281 0.021528
1.0 0.390430 0.014236 0.012109 0.009028
1.0 0.278711 0.009722 0.005859 0.005556
1.0 0.254492 0.011806 0.006641 0.006944
1.0 0.226367 0.009722 0.005078 0.013889
1.0 0.245898 0.011458 0.006641 0.006250
1.0 0.291797 0.009375 0.006250 0.007639
1.0 0.354883 0.006597 0.004297 0.004861
1.0 0.376367 0.011458 0.007422 0.003472
1.0 0.367383 0.014931 0.005859 0.010417
0.0 0.349023 0.061076 0.025035 0.009153
0.0 0.325410 0.065181 0.028230 0.009785
1.0 0.492773 0.030903 0.030078 0.061806
1.0 0.466406 0.032292 0.035937 0.064583
1.0 0.587305 0.022222 0.023828 0.044444
1.0 0.438281 0.010764 0.013281 0.021528
1.0 0.411133 0.014236 0.012109 0.009028
1.0 0.522852 0.009722 0.005859 0.005556
1.0 0.547070 0.011806 0.006641 0.006944
1.0 0.575195 0.009722 0.005078 0.013889
1.0 0.555664 0.011458 0.006641 0.006250
1.0 0.509766 0.009375 0.006250 0.007639
1.0 0.446680 0.006597 0.004297 0.004861
1.0 0.425195 0.011458 0.007422 0.003472
1.0 0.434180 0.014931 0.005859 0.010417
0.0 0.452539 0.061076 0.025035 0.009153
0.0 0.476152 0.065181 0.028230 0.009785
1.0 0.705664 0.030903 0.030078 0.061806
1.0 0.732031 0.032292 0.035937 0.064583
1.0 0.611133 0.022222 0.023828 0.044444
1.0 0.760156 0.010764 0.013281 0.021528
1.0 0.787305 0.014236 0.012109 0.009028
1.0 0.675586 0.009722 0.005859 0.005556
1.0 0.651367 0.011806 0.006641 0.006944
1.0 0.623242 0.009722 0.005078 0.013889
1.0 0.642773 0.011458 0.006641 0.006250
1.0 0.688672 0.009375 0.006250 0.007639
1.0 0.751758 0.006597 0.004297 0.004861
1.0 0.773242 0.011458 0.007422 0.003472
1.0 0.764258 0.014931 0.005859 0.010417
0.0 0.745898 0.061076 0.025035 0.009153
0.0 0.722285 0.065181 0.028230 0.009785
1.0 0.889648 0.030903 0.030078 0.061806
1.0 0.863281 0.032292 0.035937 0.064583
1.0 0.984180 0.022222 0.023828 0.044444
1.0 0.835156 0.010764 0.013281 0.021528
1.0 0.808008 0.014236 0.012109 0.009028
1.0 0.919727 0.009722 0.005859 0.005556
1.0 0.943945 0.011806 0.006641 0.006944
1.0 0.972070 0.009722 0.005078 0.013889
1.0 0.952539 0.011458 0.006641 0.006250
1.0 0.906641 0.009375 0.006250 0.007639
1.0 0.843555 0.006597 0.004297 0.004861
1.0 0.822070 0.011458 0.007422 0.003472
1.0 0.831055 0.014931 0.005859 0.010417
0.0 0.849414 0.061076 0.025035 0.009153
0.0 0.873027 0.065181 0.028230 0.009785
1.0 0.998047 0.022222 0.003906 0.044444
1.0 0.095898 0.268403 0.030078 0.068750
1.0 0.069531 0.266667 0.035937 0.070833
1.0 0.190430 0.279167 0.023828 0.055556
1.0 0.041406 0.286458 0.013281 0.024306
1.0 0.014258 0.281597 0.012109 0.009028
1.0 0.125977 0.286111 0.005859 0.005556
1.0 0.150195 0.284028 0.006641 0.006944
1.0 0.178320 0.286111 0.005078 0.013889
1.0 0.158789 0.284375 0.006641 0.006250
1.0 0.112891 0.286458 0.006250 0.007639
1.0 0.049805 0.289236 0.004297 0.004861
1.0 0.028320 0.284375 0.007422 0.003472
1.0 0.037305 0.280903 0.005859 0.010417
0.0 0.055664 0.234757 0.025035 0.009153
0.0 0.079277 0.230653 0.028230 0.009785
1.0 0.308789 0.268403 0.030078 0.068750
1.0 0.335156 0.266667 0.035937 0.070833
1.0 0.214258 0.279167 0.023828 0.055556
1.0 0.363281 0.286458 0.013281 0.024306
1.0 0.390430 0.281597 0.012109 0.009028
1.0 0.278711 0.286111 0.005859 0.005556
1.0 0.254492 0.284028 0.006641 0.006944
1.0 0.226367 0.286111 0.005078 0.013889
1.0 0.245898 0.284375 0.006641 0.006250
1.0 0.291797 0.286458 0.006250 0.007639
1.0 0.354883 0.289236 0.004297 0.004861
1.0 0.376367 0.284375 0.007422 0.003472
1.0 0.367383 0.280903 0.005859 0.010417
0.0 0.349023 0.234757 0.025035 0.009153
0.0 0.325410 0.230653 0.028230 0.009785
1.0 0.492773 0.268403 0.030078 0.068750
1.0 0.466406 0.266667 0.035937 0.070833
1.0 0.587305 0.279167 0.023828 0.055556
1.0 0.438281 0.286458 0.013281 0.024306
1.0 0.411133 0.281597 0.012109 0.009028
1.0 0.522852 0.286111 0.005859 0.005556
1.0 0.547070 0.284028 0.006641 0.006944
1.0 0.575195 0.286111 0.005078 0.013889
1.0 0.555664 0.284375 0.006641 0.006250
1.0 0.509766 0.286458 0.006250 0.007639
1.0 0.446680 0.289236 0.004297 0.004861
1.0 0.425195 0.284375 0.007422 0.003472
1.0 0.434180 0.280903 0.005859 0.010417
0.0 0.452539 0.234757 0.025035 0.009153
0.0 0.476152 0.230653 0.028230 0.009785
1.0 0.705664 0.268403 0.030078 0.068750
1.0 0.732031 0.266667 0.035937 0.070833
1.0 0.611133 0.279167 0.023828 0.055556
1.0 0.760156 0.286458 0.013281 0.024306
1.0 0.787305 0.281597 0.012109 0.009028
1.0 0.675586 0.286111 0.005859 0.005556
1.0 0.651367 0.284028 0.006641 0.006944
1.0 0.623242 0.286111 0.005078 0.013889
1.0 0.642773 0.284375 0.006641 0.006250
1.0 0.688672 0.286458 0.006250 0.007639
1.0 0.751758 0.289236 0.004297 0.004861
1.0 0.773242 0.284375 0.007422 0.003472
1.0 0.764258 0.280903 0.005859 0.010417
0.0 0.745898 0.234757 0.025035 0.009153
0.0 0.722285 0.230653 0.028230 0.009785
1.0 0.889648 0.268403 0.030078 0.068750
1.0 0.863281 0.266667 0.035937 0.070833
1.0 0.984180 0.279167 0.023828 0.055556
1.0 0.835156 0.286458 0.013281 0.024306
1.0 0.808008 0.281597 0.012109 0.009028
1.0 0.919727 0.286111 0.005859 0.005556
1.0 0.943945 0.284028 0.006641 0.006944
1.0 0.972070 0.286111 0.005078 0.013889
1.0 0.952539 0.284375 0.006641 0.006250
1.0 0.906641 0.286458 0.006250 0.007639
1.0 0.843555 0.289236 0.004297 0.004861
1.0 0.822070 0.284375 0.007422 0.003472
1.0 0.831055 0.280903 0.005859 0.010417
0.0 0.849414 0.234757 0.025035 0.009153
0.0 0.873027 0.230653 0.028230 0.009785
1.0 0.998047 0.279167 0.003906 0.055556
1.0 0.095898 0.496875 0.030078 0.068750
1.0 0.069531 0.498611 0.035937 0.070833
1.0 0.190430 0.486111 0.023828 0.055556
1.0 0.041406 0.478819 0.013281 0.024306
1.0 0.014258 0.483681 0.012109 0.009028
1.0 0.125977 0.479167 0.005859 0.005556
1.0 0.150195 0.481250 0.006641 0.006944
1.0 0.178320 0.479167 0.005078 0.013889
1.0 0.158789 0.480903 0.006641 0.006250
1.0 0.112891 0.478819 0.006250 0.007639
1.0 0.049805 0.476042 0.004297 0.004861
1.0 0.028320 0.480903 0.007422 0.003472
1.0 0.037305 0.484375 0.005859 0.010417
0.0 0.055664 0.530521 0.025035 0.009153
0.0 0.079277 0.534625 0.028230 0.009785
1.0 0.308789 0.496875 0.030078 0.068750
1.0 0.335156 0.498611 0.035937 0.070833
1.0 0.214258 0.486111 0.023828 0.055556
1.0 0.363281 0.478819 0.013281 0.024306
1.0 0.390430 0.483681 0.012109 0.009028
1.0 0.278711 0.479167 0.005859 0.005556
1.0 0.254492 0.481250 0.006641 0.006944
1.0 0.226367 0.479167 0.005078 0.013889
1.0 0.245898 0.480903 0.006641 0.006250
1.0 0.291797 0.478819 0.006250 0.007639
1.0 0.354883 0.476042 0.004297 0.004861
1.0 0.376367 0.480903 0.007422 0.003472
1.0 0.367383 0.484375 0.005859 0.010417
0.0 0.349023 0.530521 0.025035 0.009153
0.0 0.325410 0.534625 0.028230 0.009785
1.0 0.492773 0.496875 0.030078 0.068750
1.0 0.466406 0.498611 0.035937 0.070833
1.0 0.587305 0.486111 0.023828 0.055556
1.0 0.438281 0.478819 0.013281 0.024306
1.0 0.411133 0.483681 0.012109 0.009028
1.0 0.522852 0.479167 0.005859 0.005556
1.0 0.547070 0.481250 0.006641 0.006944
1.0 0.575195 0.479167 0.005078 0.013889
1.0 0.555664 0.480903 0.006641 0.006250
1.0 0.509766 0.478819 0.006250 0.007639
1.0 0.446680 0.476042 0.004297 0.004861
1.0 0.425195 0.480903 0.007422 0.003472
1.0 0.434180 0.484375 0.005859 0.010417
0.0 0.452539 0.530521 0.025035 0.009153
0.0 0.476152 0.534625 0.028230 0.009785
1.0 0.705664 0.496875 0.030078 0.068750
1.0 0.732031 0.498611 0.035937 0.070833
1.0 0.611133 0.486111 0.023828 0.055556
1.0 0.760156 0.478819 0.013281 0.024306
1.0 0.787305 0.483681 0.012109 0.009028
1.0 0.675586 0.479167 0.005859 0.005556
1.0 0.651367 0.481250 0.006641 0.006944
1.0 0.623242 0.479167 0.005078 0.013889
1.0 0.642773 0.480903 0.006641 0.006250
1.0 0.688672 0.478819 0.006250 0.007639
1.0 0.751758 0.476042 0.004297 0.004861
1.0 0.773242 0.480903 0.007422 0.003472
1.0 0.764258 0.484375 0.005859 0.010417
0.0 0.745898 0.530521 0.025035 0.009153
0.0 0.722285 0.534625 0.028230 0.009785
1.0 0.889648 0.496875 0.030078 0.068750
1.0 0.863281 0.498611 0.035937 0.070833
1.0 0.984180 0.486111 0.023828 0.055556
1.0 0.835156 0.478819 0.013281 0.024306
1.0 0.808008 0.483681 0.012109 0.009028
1.0 0.919727 0.479167 0.005859 0.005556
1.0 0.943945 0.481250 0.006641 0.006944
1.0 0.972070 0.479167 0.005078 0.013889
1.0 0.952539 0.480903 0.006641 0.006250
1.0 0.906641 0.478819 0.006250 0.007639
1.0 0.843555 0.476042 0.004297 0.004861
1.0 0.822070 0.480903 0.007422 0.003472
1.0 0.831055 0.484375 0.005859 0.010417
0.0 0.849414 0.530521 0.025035 0.009153
0.0 0.873027 0.534625 0.028230 0.009785
1.0 0.998047 0.486111 0.003906 0.055556
1.0 0.095898 0.737847 0.030078 0.068750
1.0 0.069531 0.736111 0.035937 0.070833
1.0 0.190430 0.748611 0.023828 0.055556
1.0 0.041406 0.755903 0.013281 0.024306
1.0 0.014258 0.751042 0.012109 0.009028
1.0 0.125977 0.755556 0.005859 0.005556
1.0 0.150195 0.753472 0.006641 0.006944
1.0 0.178320 0.755556 0.005078 0.013889
1.0 0.158789 0.753819 0.006641 0.006250
1.0 0.112891 0.755903 0.006250 0.007639
1.0 0.049805 0.758681 0.004297 0.004861
1.0 0.028320 0.753819 0.007422 0.003472
1.0 0.037305 0.750347 0.005859 0.010417
0.0 0.055664 0.704201 0.025035 0.009153
0.0 0.079277 0.700097 0.028230 0.009785
1.0 0.308789 0.737847 0.030078 0.068750
1.0 0.335156 0.736111 0.035937 0.070833
1.0 0.214258 0.748611 0.023828 0.055556
1.0 0.363281 0.755903 0.013281 0.024306
1.0 0.390430 0.751042 0.012109 0.009028
1.0 0.278711 0.755556 0.005859 0.005556
1.0 0.254492 0.753472 0.006641 0.006944
1.0 0.226367 0.755556 0.005078 0.013889
1.0 0.245898 0.753819 0.006641 0.006250
1.0 0.291797 0.755903 0.006250 0.007639
1.0 0.354883 0.758681 0.004297 0.004861
1.0 0.376367 0.753819 0.007422 0.003472
1.0 0.367383 0.750347 0.005859 0.010417
0.0 0.349023 0.704201 0.025035 0.009153
0.0 0.325410 0.700097 0.028230 0.009785
1.0 0.492773 0.737847 0.030078 0.068750
1.0 0.466406 0.736111 0.035937 0.070833
1.0 0.587305 0.748611 0.023828 0.055556
1.0 0.438281 0.755903 0.013281 0.024306
1.0 0.411133 0.751042 0.012109 0.009028
1.0 0.522852 0.755556 0.005859 0.005556
1.0 0.547070 0.753472 0.006641 0.006944
1.0 0.575195 0.755556 0.005078 0.013889
1.0 0.555664 0.753819 0.006641 0.006250
1.0 0.509766 0.755903 0.006250 0.007639
1.0 0.446680 0.758681 0.004297 0.004861
1.0 0.425195 0.753819 0.007422 0.003472
1.0 0.434180 0.750347 0.005859 0.010417
0.0 0.452539 0.704201 0.025035 0.009153
0.0 0.476152 0.700097 0.028230 0.009785
1.0 0.705664 0.737847 0.030078 0.068750
1.0 0.732031 0.736111 0.035937 0.070833
1.0 0.611133 0.748611 0.023828 0.055556
1.0 0.760156 0.755903 0.013281 0.024306
1.0 0.787305 0.751042 0.012109 0.009028
1.0 0.675586 0.755556 0.005859 0.005556
1.0 0.651367 0.753472 0.006641 0.006944
1.0 0.623242 0.755556 0.005078 0.013889
1.0 0.642773 0.753819 0.006641 0.006250
1.0 0.688672 0.755903 0.006250 0.007639
1.0 0.751758 0.758681 0.004297 0.004861
1.0 0.773242 0.753819 0.007422 0.003472
1.0 0.764258 0.750347 0.005859 0.010417
0.0 0.745898 0.704201 0.025035 0.009153
0.0 0.722285 0.700097 0.028230 0.009785
1.0 0.889648 0.737847 0.030078 0.068750
1.0 0.863281 0.736111 0.035937 0.070833
1.0 0.984180 0.748611 0.023828 0.055556
1.0 0.835156 0.755903 0.013281 0.024306
1.0 0.808008 0.751042 0.012109 0.009028
1.0 0.919727 0.755556 0.005859 0.005556
1.0 0.943945 0.753472 0.006641 0.006944
1.0 0.972070 0.755556 0.005078 0.013889
1.0 0.952539 0.753819 0.006641 0.006250
1.0 0.906641 0.755903 0.006250 0.007639
1.0 0.843555 0.758681 0.004297 0.004861
1.0 0.822070 0.753819 0.007422 0.003472
1.0 0.831055 0.750347 0.005859 0.010417
0.0 0.849414 0.704201 0.025035 0.009153
0.0 0.873027 0.700097 0.028230 0.009785
1.0 0.998047 0.748611 0.003906 0.055556
1.0 0.095898 0.965972 0.030078 0.068056
1.0 0.069531 0.966319 0.035937 0.067361
1.0 0.190430 0.955556 0.023828 0.055556
1.0 0.041406 0.948264 0.013281 0.024306
1.0 0.014258 0.953125 0.012109 0.009028
1.0 0.125977 0.948611 0.005859 0.005556
1.0 0.150195 0.950694 0.006641 0.006944
1.0 0.178320 0.948611 0.005078 0.013889
1.0 0.158789 0.950347 0.006641 0.006250
1.0 0.112891 0.948264 0.006250 0.007639
1.0 0.049805 0.945486 0.004297 0.004861
1.0 0.028320 0.950347 0.007422 0.003472
1.0 0.037305 0.953819 0.005859 0.010417
0.0 0.055664 0.997694 0.025035 0.004611
1.0 0.308789 0.965972 0.030078 0.068056
1.0 0.335156 0.966319 0.035937 0.067361
1.0 0.214258 0.955556 0.023828 0.055556
1.0 0.363281 0.948264 0.013281 0.024306
1.0 0.390430 0.953125 0.012109 0.009028
1.0 0.278711 0.948611 0.005859 0.005556
1.0 0.254492 0.950694 0.006641 0.006944
1.0 0.226367 0.948611 0.005078 0.013889
1.0 0.245898 0.950347 0.006641 0.006250
1.0 0.291797 0.948264 0.006250 0.007639
1.0 0.354883 0.945486 0.004297 0.004861
1.0 0.376367 0.950347 0.007422 0.003472
1.0 0.367383 0.953819 0.005859 0.010417
0.0 0.349023 0.997694 0.025035 0.004611
1.0 0.492773 0.965972 0.030078 0.068056
1.0 0.466406 0.966319 0.035937 0.067361
1.0 0.587305 0.955556 0.023828 0.055556
1.0 0.438281 0.948264 0.013281 0.024306
1.0 0.411133 0.953125 0.012109 0.009028
1.0 0.522852 0.948611 0.005859 0.005556
1.0 0.547070 0.950694 0.006641 0.006944
1.0 0.575195 0.948611 0.005078 0.013889
1.0 0.555664 0.950347 0.006641 0.006250
1.0 0.509766 0.948264 0.006250 0.007639
1.0 0.446680 0.945486 0.004297 0.004861
1.0 0.425195 0.950347 0.007422 0.003472
1.0 0.434180 0.953819 0.005859 0.010417
0.0 0.452539 0.997694 0.025035 0.004611
1.0 0.705664 0.965972 0.030078 0.068056
1.0 0.732031 0.966319 0.035937 0.067361
1.0 0.611133 0.955556 0.023828 0.055556
1.0 0.760156 0.948264 0.013281 0.024306
1.0 0.787305 0.953125 0.012109 0.009028
1.0 0.675586 0.948611 0.005859 0.005556
1.0 0.651367 0.950694 0.006641 0.006944
1.0 0.623242 0.948611 0.005078 0.013889
1.0 0.642773 0.950347 0.006641 0.006250
1.0 0.688672 0.948264 0.006250 0.007639
1.0 0.751758 0.945486 0.004297 0.004861
1.0 0.773242 0.950347 0.007422 0.003472
1.0 0.764258 0.953819 0.005859 0.010417
0.0 0.745898 0.997694 0.025035 0.004611
1.0 0.889648 0.965972 0.030078 0.068056
1.0 0.863281 0.966319 0.035937 0.067361
1.0 0.984180 0.955556 0.023828 0.055556
1.0 0.835156 0.948264 0.013281 0.024306
1.0 0.808008 0.953125 0.012109 0.009028
1.0 0.919727 0.948611 0.005859 0.005556
1.0 0.943945 0.950694 0.006641 0.006944
1.0 0.972070 0.948611 0.005078 0.013889
1.0 0.952539 0.950347 0.006641 0.006250
1.0 0.906641 0.948264 0.006250 0.007639
1.0 0.843555 0.945486 0.004297 0.004861
1.0 0.822070 0.950347 0.007422 0.003472
1.0 0.831055 0.953819 0.005859 0.010417
0.0 0.849414 0.997694 0.025035 0.004611
1.0 0.998047 0.955556 0.003906 0.055556
