1.0 0.319468 0.687306 0.052163 0.071877
0.0 0.278928 0.576413 0.088098 0.121729
0.0 0.585433 0.417862 0.088775 0.120751
0.0 0.359136 0.559128 0.094489 0.124867
0.0 0.243536 0.530833 0.080957 0.088733
0.0 0.347356 0.518787 0.065054 0.083874
0.0 0.545485 0.386788 0.077630 0.088902
0.0 0.672259 0.409697 0.083174 0.107188
0.0 0.639595 0.366556 0.037836 0.061337
0.0 0.490613 0.585185 0.102818 0.114374
0.0 0.612584 0.553829 0.086822 0.098821
1.0 0.624488 0.521990 0.049792 0.062619
0.0 0.397948 0.636576 0.060058 0.079030
