1.0 0.216016 0.004167 0.020312 0.008333
1.0 0.505078 0.004167 0.020312 0.008333
1.0 0.773828 0.004167 0.020312 0.008333
0.0 0.017188 0.496875 0.034375 0.042361
0.0 0.015820 0.437153 0.031641 0.032639
0.0 0.016211 0.458681 0.032422 0.032639
1.0 0.216016 0.100694 0.020312 0.034722
1.0 0.213672 0.175347 0.012500 0.038194
1.0 0.211523 0.211111 0.020703 0.023611
1.0 0.205273 0.268750 0.024609 0.034722
1.0 0.183398 0.885764 0.010547 0.022917
1.0 0.172461 0.653472 0.018359 0.020833
1.0 0.171875 0.678472 0.017969 0.023611
1.0 0.197461 0.348611 0.009766 0.037500
0.0 0.156641 0.496875 0.055469 0.042361
0.0 0.148242 0.437153 0.033203 0.032639
0.0 0.147266 0.458681 0.032812 0.032639
1.0 0.505078 0.100694 0.020312 0.034722
1.0 0.507422 0.175347 0.012500 0.038194
1.0 0.509570 0.211111 0.020703 0.023611
1.0 0.515820 0.268750 0.024609 0.034722
1.0 0.537695 0.885764 0.010547 0.022917
1.0 0.548633 0.653472 0.018359 0.020833
1.0 0.549219 0.678472 0.017969 0.023611
1.0 0.523633 0.348611 0.009766 0.037500
0.0 0.564453 0.496875 0.055469 0.042361
0.0 0.572852 0.437153 0.033203 0.032639
0.0 0.573828 0.458681 0.032812 0.032639
1.0 0.773828 0.100694 0.020312 0.034722
1.0 0.771484 0.175347 0.012500 0.038194
1.0 0.769336 0.211111 0.020703 0.023611
1.0 0.763086 0.268750 0.024609 0.034722
1.0 0.741211 0.885764 0.010547 0.022917
1.0 0.730273 0.653472 0.018359 0.020833
1.0 0.729688 0.678472 0.017969 0.023611
1.0 0.755273 0.348611 0.009766 0.037500
0.0 0.714453 0.496875 0.055469 0.042361
0.0 0.706055 0.437153 0.033203 0.032639
0.0 0.705078 0.458681 0.032812 0.032639
