1.0 0.666923 0.702717 0.046154 0.061651
0.0 0.689900 0.579937 0.077885 0.104493
0.0 0.345192 0.515287 0.078846 0.103187
0.0 0.603846 0.587126 0.084615 0.105799
0.0 0.718746 0.523772 0.075962 0.070533
0.0 0.609131 0.543365 0.058654 0.070533
0.0 0.381246 0.472184 0.072115 0.071839
0.0 0.253846 0.533574 0.075000 0.090125
0.0 0.280285 0.480669 0.031731 0.054859
0.0 0.472115 0.653083 0.096154 0.091431
0.0 0.340385 0.658966 0.080769 0.079676
1.0 0.322592 0.630878 0.045192 0.052247
0.0 0.115385 0.924242 0.129231 0.122257
0.0 0.100385 0.909091 0.065385 0.085684
