0.0 0.028352 0.098642 0.028254 0.033670
1.0 0.253027 0.085136 0.020259 0.046308
1.0 0.271999 0.081526 0.020863 0.042914
1.0 0.255573 0.126105 0.011361 0.024105
1.0 0.271271 0.126264 0.007231 0.013988
0.0 0.319082 0.068342 0.024080 0.027364
0.0 0.278490 0.057923 0.026761 0.020914
0.0 0.113836 0.098642 0.028254 0.033670
0.0 0.172745 0.086965 0.022848 0.038903
0.0 0.351765 0.084116 0.010532 0.031923
1.0 0.461036 0.085136 0.020259 0.046308
1.0 0.442064 0.081526 0.020863 0.042914
1.0 0.458490 0.126105 0.011361 0.024105
1.0 0.442792 0.126264 0.007231 0.013988
0.0 0.394980 0.068342 0.024080 0.027364
0.0 0.435573 0.057923 0.026761 0.020914
0.0 0.600227 0.098642 0.028254 0.033670
0.0 0.541318 0.086965 0.022848 0.038903
0.0 0.362297 0.084116 0.010532 0.031923
1.0 0.824902 0.085136 0.020259 0.046308
1.0 0.843874 0.081526 0.020863 0.042914
1.0 0.827448 0.126105 0.011361 0.024105
1.0 0.843146 0.126264 0.007231 0.013988
0.0 0.890957 0.068342 0.024080 0.027364
0.0 0.850365 0.057923 0.026761 0.020914
0.0 0.685711 0.098642 0.028254 0.033670
0.0 0.744620 0.086965 0.022848 0.038903
0.0 0.923640 0.084116 0.010532 0.031923
0.0 0.966855 0.068342 0.024080 0.027364
0.0 0.997034 0.057923 0.005933 0.020914
0.0 0.934172 0.084116 0.010532 0.031923
0.0 0.028352 0.531913 0.028254 0.033670
0.0 0.041255 0.669990 0.028254 0.028076
1.0 0.253027 0.545419 0.020259 0.046308
1.0 0.271999 0.549030 0.020863 0.042914
1.0 0.255573 0.504451 0.011361 0.024105
1.0 0.271271 0.504291 0.007231 0.013988
0.0 0.319082 0.562214 0.024080 0.027364
0.0 0.278490 0.572633 0.026761 0.020914
0.0 0.113836 0.531913 0.028254 0.033670
0.0 0.172745 0.543591 0.022848 0.038903
0.0 0.351765 0.546440 0.010532 0.031923
0.0 0.100933 0.669990 0.028254 0.028076
1.0 0.461036 0.545419 0.020259 0.046308
1.0 0.442064 0.549030 0.020863 0.042914
1.0 0.458490 0.504451 0.011361 0.024105
1.0 0.442792 0.504291 0.007231 0.013988
0.0 0.394980 0.562214 0.024080 0.027364
0.0 0.435573 0.572633 0.026761 0.020914
0.0 0.600227 0.531913 0.028254 0.033670
0.0 0.541318 0.543591 0.022848 0.038903
0.0 0.362297 0.546440 0.010532 0.031923
0.0 0.613130 0.669990 0.028254 0.028076
1.0 0.824902 0.545419 0.020259 0.046308
1.0 0.843874 0.549030 0.020863 0.042914
1.0 0.827448 0.504451 0.011361 0.024105
1.0 0.843146 0.504291 0.007231 0.013988
0.0 0.890957 0.562214 0.024080 0.027364
0.0 0.850365 0.572633 0.026761 0.020914
0.0 0.685711 0.531913 0.028254 0.033670
0.0 0.744620 0.543591 0.022848 0.038903
0.0 0.923640 0.546440 0.010532 0.031923
0.0 0.672808 0.669990 0.028254 0.028076
0.0 0.966855 0.562214 0.024080 0.027364
0.0 0.997034 0.572633 0.005933 0.020914
0.0 0.934172 0.546440 0.010532 0.031923
0.0 0.028352 0.836142 0.028254 0.033670
0.0 0.041255 0.698066 0.028254 0.028076
1.0 0.253027 0.822636 0.020259 0.046308
1.0 0.271999 0.819026 0.020863 0.042914
1.0 0.255573 0.863605 0.011361 0.024105
1.0 0.271271 0.863764 0.007231 0.013988
0.0 0.319082 0.805842 0.024080 0.027364
0.0 0.278490 0.795423 0.026761 0.020914
0.0 0.113836 0.836142 0.028254 0.033670
0.0 0.172745 0.824465 0.022848 0.038903
0.0 0.351765 0.821616 0.010532 0.031923
0.0 0.100933 0.698066 0.028254 0.028076
1.0 0.461036 0.822636 0.020259 0.046308
1.0 0.442064 0.819026 0.020863 0.042914
1.0 0.458490 0.863605 0.011361 0.024105
1.0 0.442792 0.863764 0.007231 0.013988
0.0 0.394980 0.805842 0.024080 0.027364
0.0 0.435573 0.795423 0.026761 0.020914
0.0 0.600227 0.836142 0.028254 0.033670
0.0 0.541318 0.824465 0.022848 0.038903
0.0 0.362297 0.821616 0.010532 0.031923
0.0 0.613130 0.698066 0.028254 0.028076
1.0 0.824902 0.822636 0.020259 0.046308
1.0 0.843874 0.819026 0.020863 0.042914
1.0 0.827448 0.863605 0.011361 0.024105
1.0 0.843146 0.863764 0.007231 0.013988
0.0 0.890957 0.805842 0.024080 0.027364
0.0 0.850365 0.795423 0.026761 0.020914
0.0 0.685711 0.836142 0.028254 0.033670
0.0 0.744620 0.824465 0.022848 0.038903
0.0 0.923640 0.821616 0.010532 0.031923
0.0 0.672808 0.698066 0.028254 0.028076
0.0 0.966855 0.805842 0.024080 0.027364
0.0 0.997034 0.795423 0.005933 0.020914
0.0 0.934172 0.821616 0.010532 0.031923
