1.0 0.199152 0.028578 0.084583 0.057157
1.0 0.102148 0.012120 0.079217 0.024239
1.0 0.425848 0.028578 0.084583 0.057157
1.0 0.522852 0.012120 0.079217 0.024239
1.0 0.949152 0.028578 0.084583 0.057157
1.0 0.852148 0.012120 0.079217 0.024239
1.0 0.199152 0.530175 0.084583 0.174664
1.0 0.102148 0.562062 0.079217 0.172602
0.0 0.152775 0.637345 0.215432 0.127871
0.0 0.211950 0.592810 0.176733 0.110552
1.0 0.230034 0.723441 0.084583 0.053118
0.0 0.162902 0.703359 0.215432 0.093282
0.0 0.225637 0.706248 0.173725 0.087503
1.0 0.425848 0.530175 0.084583 0.174664
1.0 0.522852 0.562062 0.079217 0.172602
0.0 0.472225 0.637345 0.215432 0.127871
0.0 0.413050 0.592810 0.176733 0.110552
1.0 0.394966 0.723441 0.084583 0.053118
0.0 0.462098 0.703359 0.215432 0.093282
0.0 0.399363 0.706248 0.173725 0.087503
1.0 0.949152 0.530175 0.084583 0.174664
1.0 0.852148 0.562062 0.079217 0.172602
0.0 0.897529 0.637345 0.204941 0.127871
0.0 0.936792 0.592810 0.126416 0.110552
1.0 0.968871 0.723441 0.062258 0.053118
0.0 0.902593 0.703359 0.194814 0.093282
0.0 0.944387 0.706248 0.111225 0.087503
1.0 0.199152 0.941247 0.084583 0.117507
1.0 0.102148 0.925819 0.079217 0.148363
0.0 0.152775 0.862655 0.215432 0.127871
0.0 0.211950 0.907190 0.176733 0.110552
1.0 0.230034 0.776559 0.084583 0.053118
0.0 0.162902 0.796641 0.215432 0.093282
0.0 0.225637 0.793752 0.173725 0.087503
1.0 0.425848 0.941247 0.084583 0.117507
1.0 0.522852 0.925819 0.079217 0.148363
0.0 0.472225 0.862655 0.215432 0.127871
0.0 0.413050 0.907190 0.176733 0.110552
1.0 0.394966 0.776559 0.084583 0.053118
0.0 0.462098 0.796641 0.215432 0.093282
0.0 0.399363 0.793752 0.173725 0.087503
1.0 0.949152 0.941247 0.084583 0.117507
1.0 0.852148 0.925819 0.079217 0.148363
0.0 0.897529 0.862655 0.204941 0.127871
0.0 0.936792 0.907190 0.126416 0.110552
1.0 0.968871 0.776559 0.062258 0.053118
0.0 0.902593 0.796641 0.194814 0.093282
0.0 0.944387 0.793752 0.111225 0.087503
