1.0 0.637335 0.783910 0.253306 0.296543
1.0 0.230417 0.757979 0.222787 0.268617
1.0 0.535097 0.779920 0.181078 0.291223
1.0 0.132757 0.750665 0.147508 0.253989
1.0 0.928789 0.783910 0.142421 0.288564
1.0 0.637843 0.621011 0.085453 0.058511
1.0 0.032553 0.725399 0.056968 0.089096
1.0 0.876907 0.783245 0.146490 0.292553
0.0 0.474059 0.910239 0.065107 0.054521
0.0 0.122584 0.880984 0.060020 0.043883
0.0 0.083927 0.561835 0.045778 0.038564
0.0 0.472024 0.448803 0.067141 0.049202
0.0 0.789929 0.876330 0.066124 0.047872
