1.0 0.360562 0.709259 0.160044 0.377327
1.0 0.806882 0.719525 0.064321 0.119070
1.0 0.440948 0.608327 0.032259 0.111383
1.0 0.217247 0.536111 0.065940 0.119567
1.0 0.550355 0.782803 0.163039 0.410633
1.0 0.141986 0.513000 0.074032 0.122052
1.0 0.724493 0.693051 0.064014 0.116816
1.0 0.710080 0.687451 0.037195 0.102103
1.0 0.235859 0.541827 0.033958 0.101109
1.0 0.785688 0.714190 0.043362 0.101838
1.0 0.320523 0.570173 0.030817 0.044009
1.0 0.158895 0.518850 0.038641 0.101338
1.0 0.505032 0.626833 0.030333 0.108633
1.0 0.094582 0.495837 0.052479 0.068883
0.0 0.329968 0.878569 0.132886 0.115166
0.0 0.535308 0.939019 0.123546 0.109901
0.0 0.122282 0.557173 0.043024 0.031197
0.0 0.813482 0.771375 0.047131 0.036064
0.0 0.801470 0.660337 0.089617 0.077179
0.0 0.652109 0.877445 0.128300 0.110648
0.0 0.828157 0.736624 0.103796 0.090169
