0.0 0.104305 0.065594 0.149423 0.131188
1.0 0.043105 0.043857 0.086210 0.087714
0.0 0.493351 0.065594 0.149423 0.131188
1.0 0.580938 0.043857 0.138984 0.087714
1.0 0.669570 0.036666 0.063204 0.073333
0.0 0.908992 0.065594 0.149423 0.131188
1.0 0.821406 0.043857 0.138984 0.087714
1.0 0.732774 0.036666 0.063204 0.073333
1.0 0.286557 0.579446 0.024543 0.066165
1.0 0.254540 0.583286 0.028070 0.066165
1.0 0.144300 0.591676 0.007042 0.017229
1.0 0.168701 0.588557 0.008602 0.018090
1.0 0.196007 0.584763 0.007374 0.017951
1.0 0.136261 0.595350 0.006071 0.015749
0.0 0.104305 0.461303 0.149423 0.259983
1.0 0.043105 0.563736 0.086210 0.377900
1.0 0.311100 0.579446 0.024543 0.066165
1.0 0.343116 0.583286 0.028070 0.066165
1.0 0.453357 0.591676 0.007042 0.017229
1.0 0.428955 0.588557 0.008602 0.018090
1.0 0.401649 0.584763 0.007374 0.017951
1.0 0.461396 0.595350 0.006071 0.015749
0.0 0.493351 0.461303 0.149423 0.259983
1.0 0.580938 0.563736 0.138984 0.377900
1.0 0.669570 0.578117 0.063204 0.377900
1.0 0.948987 0.591676 0.007042 0.017229
1.0 0.973388 0.588557 0.008602 0.018090
1.0 0.998504 0.584763 0.002992 0.017951
1.0 0.940948 0.595350 0.006071 0.015749
0.0 0.908992 0.461303 0.149423 0.259983
1.0 0.821406 0.563736 0.138984 0.377900
1.0 0.732774 0.578117 0.063204 0.377900
1.0 0.286557 0.956665 0.024543 0.066165
1.0 0.254540 0.952825 0.028070 0.066165
1.0 0.144300 0.944435 0.007042 0.017229
1.0 0.168701 0.947554 0.008602 0.018090
1.0 0.196007 0.951348 0.007374 0.017951
1.0 0.136261 0.940761 0.006071 0.015749
0.0 0.104305 0.972408 0.149423 0.055184
1.0 0.043105 0.891713 0.086210 0.216574
1.0 0.311100 0.956665 0.024543 0.066165
1.0 0.343116 0.952825 0.028070 0.066165
1.0 0.453357 0.944435 0.007042 0.017229
1.0 0.428955 0.947554 0.008602 0.018090
1.0 0.401649 0.951348 0.007374 0.017951
1.0 0.461396 0.940761 0.006071 0.015749
0.0 0.493351 0.972408 0.149423 0.055184
1.0 0.580938 0.891713 0.138984 0.216574
1.0 0.669570 0.884522 0.063204 0.230956
1.0 0.948987 0.944435 0.007042 0.017229
1.0 0.973388 0.947554 0.008602 0.018090
1.0 0.998504 0.951348 0.002992 0.017951
1.0 0.940948 0.940761 0.006071 0.015749
0.0 0.908992 0.972408 0.149423 0.055184
1.0 0.821406 0.891713 0.138984 0.216574
1.0 0.732774 0.884522 0.063204 0.230956
