1.0 0.331368 0.774525 0.073102 0.070013
0.0 0.298036 0.642817 0.125973 0.123894
0.0 0.811159 0.620983 0.127800 0.126994
0.0 0.422590 0.662339 0.135022 0.126398
0.0 0.256058 0.579081 0.119851 0.089330
0.0 0.415703 0.615205 0.093939 0.085994
0.0 0.759040 0.568669 0.115264 0.092837
0.0 0.943189 0.654168 0.113622 0.111524
0.0 0.912609 0.592414 0.054199 0.066722
0.0 0.612777 0.750711 0.148261 0.110610
0.0 0.807298 0.776211 0.125971 0.096063
1.0 0.835523 0.749481 0.071804 0.062462
0.0 0.475834 0.704053 0.186183 0.171763
0.0 0.225857 0.652217 0.117155 0.090516
0.0 0.470818 0.586576 0.129731 0.119987
