0.0 0.173521 0.076389 0.262333 0.152778
0.0 0.095096 0.082356 0.190193 0.140844
0.0 0.128035 0.061566 0.256069 0.123132
0.0 0.435854 0.076389 0.262333 0.152778
0.0 0.554387 0.082356 0.270409 0.140844
0.0 0.507703 0.061566 0.308794 0.123132
0.0 0.911802 0.076389 0.176396 0.152778
0.0 0.836238 0.082356 0.270409 0.140844
0.0 0.864262 0.061566 0.271475 0.123132
0.0 0.173521 0.441622 0.262333 0.577689
0.0 0.007195 0.704024 0.014390 0.279579
0.0 0.095096 0.223200 0.190193 0.140844
0.0 0.128035 0.368387 0.256069 0.371928
0.0 0.435854 0.441622 0.262333 0.577689
0.0 0.645149 0.704024 0.100328 0.279579
0.0 0.554387 0.223200 0.270409 0.140844
0.0 0.507703 0.368387 0.308794 0.371928
0.0 0.911802 0.441622 0.176396 0.577689
0.0 0.745476 0.704024 0.100328 0.279579
0.0 0.836238 0.223200 0.270409 0.140844
0.0 0.864262 0.368387 0.271475 0.371928
0.0 0.645149 0.925315 0.100328 0.149369
0.0 0.745476 0.925315 0.100328 0.149369
