1.0 0.010416 0.004208 0.020832 0.008416
1.0 0.043417 0.004208 0.026935 0.008416
1.0 0.278458 0.004208 0.026935 0.008416
1.0 0.314511 0.004208 0.026935 0.008416
1.0 0.549552 0.004208 0.026935 0.008416
1.0 0.585604 0.004208 0.026935 0.008416
1.0 0.820646 0.004208 0.026935 0.008416
1.0 0.856698 0.004208 0.026935 0.008416
1.0 0.010416 0.034416 0.020832 0.030109
0.0 0.017094 0.044054 0.008447 0.010665
0.0 0.002877 0.156378 0.005754 0.081537
1.0 0.121444 0.091224 0.064703 0.119183
1.0 0.043417 0.034416 0.026935 0.030109
1.0 0.085900 0.066079 0.044382 0.091580
0.0 0.141465 0.121153 0.027605 0.034477
0.0 0.095813 0.152473 0.039043 0.071333
0.0 0.033687 0.044054 0.008447 0.010665
0.0 0.095848 0.120999 0.017305 0.021360
0.0 0.067098 0.156378 0.044141 0.081537
1.0 0.200431 0.091224 0.064703 0.119183
1.0 0.278458 0.034416 0.026935 0.030109
1.0 0.235975 0.066079 0.044382 0.091580
0.0 0.180410 0.121153 0.027605 0.034477
0.0 0.226062 0.152473 0.039043 0.071333
0.0 0.288188 0.044054 0.008447 0.010665
0.0 0.226027 0.120999 0.017305 0.021360
0.0 0.254777 0.156378 0.044141 0.081537
1.0 0.392538 0.091224 0.064703 0.119183
1.0 0.314511 0.034416 0.026935 0.030109
1.0 0.356994 0.066079 0.044382 0.091580
0.0 0.412559 0.121153 0.027605 0.034477
0.0 0.366907 0.152473 0.039043 0.071333
0.0 0.304781 0.044054 0.008447 0.010665
0.0 0.366942 0.120999 0.017305 0.021360
0.0 0.338192 0.156378 0.044141 0.081537
1.0 0.471525 0.091224 0.064703 0.119183
1.0 0.549552 0.034416 0.026935 0.030109
1.0 0.507069 0.066079 0.044382 0.091580
0.0 0.451503 0.121153 0.027605 0.034477
0.0 0.497156 0.152473 0.039043 0.071333
0.0 0.559281 0.044054 0.008447 0.010665
0.0 0.497120 0.120999 0.017305 0.021360
0.0 0.525871 0.156378 0.044141 0.081537
1.0 0.663632 0.091224 0.064703 0.119183
1.0 0.585604 0.034416 0.026935 0.030109
1.0 0.628087 0.066079 0.044382 0.091580
0.0 0.683653 0.121153 0.027605 0.034477
0.0 0.638001 0.152473 0.039043 0.071333
0.0 0.575875 0.044054 0.008447 0.010665
0.0 0.638036 0.120999 0.017305 0.021360
0.0 0.609286 0.156378 0.044141 0.081537
1.0 0.742618 0.091224 0.064703 0.119183
1.0 0.820646 0.034416 0.026935 0.030109
1.0 0.778163 0.066079 0.044382 0.091580
0.0 0.722597 0.121153 0.027605 0.034477
0.0 0.768249 0.152473 0.039043 0.071333
0.0 0.830375 0.044054 0.008447 0.010665
0.0 0.768214 0.120999 0.017305 0.021360
0.0 0.796964 0.156378 0.044141 0.081537
1.0 0.934725 0.091224 0.064703 0.119183
1.0 0.856698 0.034416 0.026935 0.030109
1.0 0.899181 0.066079 0.044382 0.091580
0.0 0.954747 0.121153 0.027605 0.034477
0.0 0.909094 0.152473 0.039043 0.071333
0.0 0.846969 0.044054 0.008447 0.010665
0.0 0.909130 0.120999 0.017305 0.021360
0.0 0.880379 0.156378 0.044141 0.081537
1.0 0.990680 0.091224 0.018640 0.119183
0.0 0.989944 0.121153 0.020112 0.034477
1.0 0.010416 0.382250 0.020832 0.030109
0.0 0.017094 0.372613 0.008447 0.010665
0.0 0.002877 0.260289 0.005754 0.081537
1.0 0.121444 0.325442 0.064703 0.119183
1.0 0.043417 0.382250 0.026935 0.030109
1.0 0.085900 0.350588 0.044382 0.091580
0.0 0.141465 0.295513 0.027605 0.034477
0.0 0.095813 0.264193 0.039043 0.071333
0.0 0.033687 0.372613 0.008447 0.010665
0.0 0.095848 0.295668 0.017305 0.021360
0.0 0.067098 0.260289 0.044141 0.081537
1.0 0.200431 0.325442 0.064703 0.119183
1.0 0.278458 0.382250 0.026935 0.030109
1.0 0.235975 0.350588 0.044382 0.091580
0.0 0.180410 0.295513 0.027605 0.034477
0.0 0.226062 0.264193 0.039043 0.071333
0.0 0.288188 0.372613 0.008447 0.010665
0.0 0.226027 0.295668 0.017305 0.021360
0.0 0.254777 0.260289 0.044141 0.081537
1.0 0.392538 0.325442 0.064703 0.119183
1.0 0.314511 0.382250 0.026935 0.030109
1.0 0.356994 0.350588 0.044382 0.091580
0.0 0.412559 0.295513 0.027605 0.034477
0.0 0.366907 0.264193 0.039043 0.071333
0.0 0.304781 0.372613 0.008447 0.010665
0.0 0.366942 0.295668 0.017305 0.021360
0.0 0.338192 0.260289 0.044141 0.081537
1.0 0.471525 0.325442 0.064703 0.119183
1.0 0.549552 0.382250 0.026935 0.030109
1.0 0.507069 0.350588 0.044382 0.091580
0.0 0.451503 0.295513 0.027605 0.034477
0.0 0.497156 0.264193 0.039043 0.071333
0.0 0.559281 0.372613 0.008447 0.010665
0.0 0.497120 0.295668 0.017305 0.021360
0.0 0.525871 0.260289 0.044141 0.081537
1.0 0.663632 0.325442 0.064703 0.119183
1.0 0.585604 0.382250 0.026935 0.030109
1.0 0.628087 0.350588 0.044382 0.091580
0.0 0.683653 0.295513 0.027605 0.034477
0.0 0.638001 0.264193 0.039043 0.071333
0.0 0.575875 0.372613 0.008447 0.010665
0.0 0.638036 0.295668 0.017305 0.021360
0.0 0.609286 0.260289 0.044141 0.081537
1.0 0.742618 0.325442 0.064703 0.119183
1.0 0.820646 0.382250 0.026935 0.030109
1.0 0.778163 0.350588 0.044382 0.091580
0.0 0.722597 0.295513 0.027605 0.034477
0.0 0.768249 0.264193 0.039043 0.071333
0.0 0.830375 0.372613 0.008447 0.010665
0.0 0.768214 0.295668 0.017305 0.021360
0.0 0.796964 0.260289 0.044141 0.081537
1.0 0.934725 0.325442 0.064703 0.119183
1.0 0.856698 0.382250 0.026935 0.030109
1.0 0.899181 0.350588 0.044382 0.091580
0.0 0.954747 0.295513 0.027605 0.034477
0.0 0.909094 0.264193 0.039043 0.071333
0.0 0.846969 0.372613 0.008447 0.010665
0.0 0.909130 0.295668 0.017305 0.021360
0.0 0.880379 0.260289 0.044141 0.081537
1.0 0.990680 0.325442 0.018640 0.119183
0.0 0.989944 0.295513 0.020112 0.034477
1.0 0.010416 0.423305 0.020832 0.030109
0.0 0.017094 0.432943 0.008447 0.010665
0.0 0.002877 0.545267 0.005754 0.081537
1.0 0.121444 0.480113 0.064703 0.119183
1.0 0.043417 0.423305 0.026935 0.030109
1.0 0.085900 0.454968 0.044382 0.091580
0.0 0.141465 0.510042 0.027605 0.034477
0.0 0.095813 0.541362 0.039043 0.071333
0.0 0.033687 0.432943 0.008447 0.010665
0.0 0.095848 0.509888 0.017305 0.021360
0.0 0.067098 0.545267 0.044141 0.081537
1.0 0.200431 0.480113 0.064703 0.119183
1.0 0.278458 0.423305 0.026935 0.030109
1.0 0.235975 0.454968 0.044382 0.091580
0.0 0.180410 0.510042 0.027605 0.034477
0.0 0.226062 0.541362 0.039043 0.071333
0.0 0.288188 0.432943 0.008447 0.010665
0.0 0.226027 0.509888 0.017305 0.021360
0.0 0.254777 0.545267 0.044141 0.081537
1.0 0.392538 0.480113 0.064703 0.119183
1.0 0.314511 0.423305 0.026935 0.030109
1.0 0.356994 0.454968 0.044382 0.091580
0.0 0.412559 0.510042 0.027605 0.034477
0.0 0.366907 0.541362 0.039043 0.071333
0.0 0.304781 0.432943 0.008447 0.010665
0.0 0.366942 0.509888 0.017305 0.021360
0.0 0.338192 0.545267 0.044141 0.081537
1.0 0.471525 0.480113 0.064703 0.119183
1.0 0.549552 0.423305 0.026935 0.030109
1.0 0.507069 0.454968 0.044382 0.091580
0.0 0.451503 0.510042 0.027605 0.034477
0.0 0.497156 0.541362 0.039043 0.071333
0.0 0.559281 0.432943 0.008447 0.010665
0.0 0.497120 0.509888 0.017305 0.021360
0.0 0.525871 0.545267 0.044141 0.081537
1.0 0.663632 0.480113 0.064703 0.119183
1.0 0.585604 0.423305 0.026935 0.030109
1.0 0.628087 0.454968 0.044382 0.091580
0.0 0.683653 0.510042 0.027605 0.034477
0.0 0.638001 0.541362 0.039043 0.071333
0.0 0.575875 0.432943 0.008447 0.010665
0.0 0.638036 0.509888 0.017305 0.021360
0.0 0.609286 0.545267 0.044141 0.081537
1.0 0.742618 0.480113 0.064703 0.119183
1.0 0.820646 0.423305 0.026935 0.030109
1.0 0.778163 0.454968 0.044382 0.091580
0.0 0.722597 0.510042 0.027605 0.034477
0.0 0.768249 0.541362 0.039043 0.071333
0.0 0.830375 0.432943 0.008447 0.010665
0.0 0.768214 0.509888 0.017305 0.021360
0.0 0.796964 0.545267 0.044141 0.081537
1.0 0.934725 0.480113 0.064703 0.119183
1.0 0.856698 0.423305 0.026935 0.030109
1.0 0.899181 0.454968 0.044382 0.091580
0.0 0.954747 0.510042 0.027605 0.034477
0.0 0.909094 0.541362 0.039043 0.071333
0.0 0.846969 0.432943 0.008447 0.010665
0.0 0.909130 0.509888 0.017305 0.021360
0.0 0.880379 0.545267 0.044141 0.081537
1.0 0.990680 0.480113 0.018640 0.119183
0.0 0.989944 0.510042 0.020112 0.034477
1.0 0.010416 0.771139 0.020832 0.030109
0.0 0.017094 0.761502 0.008447 0.010665
0.0 0.002877 0.649178 0.005754 0.081537
1.0 0.121444 0.714331 0.064703 0.119183
1.0 0.043417 0.771139 0.026935 0.030109
1.0 0.085900 0.739476 0.044382 0.091580
0.0 0.141465 0.684402 0.027605 0.034477
0.0 0.095813 0.653082 0.039043 0.071333
0.0 0.033687 0.761502 0.008447 0.010665
0.0 0.095848 0.684557 0.017305 0.021360
0.0 0.067098 0.649178 0.044141 0.081537
1.0 0.200431 0.714331 0.064703 0.119183
1.0 0.278458 0.771139 0.026935 0.030109
1.0 0.235975 0.739476 0.044382 0.091580
0.0 0.180410 0.684402 0.027605 0.034477
0.0 0.226062 0.653082 0.039043 0.071333
0.0 0.288188 0.761502 0.008447 0.010665
0.0 0.226027 0.684557 0.017305 0.021360
0.0 0.254777 0.649178 0.044141 0.081537
1.0 0.392538 0.714331 0.064703 0.119183
1.0 0.314511 0.771139 0.026935 0.030109
1.0 0.356994 0.739476 0.044382 0.091580
0.0 0.412559 0.684402 0.027605 0.034477
0.0 0.366907 0.653082 0.039043 0.071333
0.0 0.304781 0.761502 0.008447 0.010665
0.0 0.366942 0.684557 0.017305 0.021360
0.0 0.338192 0.649178 0.044141 0.081537
1.0 0.471525 0.714331 0.064703 0.119183
1.0 0.549552 0.771139 0.026935 0.030109
1.0 0.507069 0.739476 0.044382 0.091580
0.0 0.451503 0.684402 0.027605 0.034477
0.0 0.497156 0.653082 0.039043 0.071333
0.0 0.559281 0.761502 0.008447 0.010665
0.0 0.497120 0.684557 0.017305 0.021360
0.0 0.525871 0.649178 0.044141 0.081537
1.0 0.663632 0.714331 0.064703 0.119183
1.0 0.585604 0.771139 0.026935 0.030109
1.0 0.628087 0.739476 0.044382 0.091580
0.0 0.683653 0.684402 0.027605 0.034477
0.0 0.638001 0.653082 0.039043 0.071333
0.0 0.575875 0.761502 0.008447 0.010665
0.0 0.638036 0.684557 0.017305 0.021360
0.0 0.609286 0.649178 0.044141 0.081537
1.0 0.742618 0.714331 0.064703 0.119183
1.0 0.820646 0.771139 0.026935 0.030109
1.0 0.778163 0.739476 0.044382 0.091580
0.0 0.722597 0.684402 0.027605 0.034477
0.0 0.768249 0.653082 0.039043 0.071333
0.0 0.830375 0.761502 0.008447 0.010665
0.0 0.768214 0.684557 0.017305 0.021360
0.0 0.796964 0.649178 0.044141 0.081537
1.0 0.934725 0.714331 0.064703 0.119183
1.0 0.856698 0.771139 0.026935 0.030109
1.0 0.899181 0.739476 0.044382 0.091580
0.0 0.954747 0.684402 0.027605 0.034477
0.0 0.909094 0.653082 0.039043 0.071333
0.0 0.846969 0.761502 0.008447 0.010665
0.0 0.909130 0.684557 0.017305 0.021360
0.0 0.880379 0.649178 0.044141 0.081537
1.0 0.990680 0.714331 0.018640 0.119183
0.0 0.989944 0.684402 0.020112 0.034477
1.0 0.010416 0.812194 0.020832 0.030109
0.0 0.017094 0.821832 0.008447 0.010665
0.0 0.002877 0.934156 0.005754 0.081537
1.0 0.121444 0.869002 0.064703 0.119183
1.0 0.043417 0.812194 0.026935 0.030109
1.0 0.085900 0.843857 0.044382 0.091580
0.0 0.141465 0.898931 0.027605 0.034477
0.0 0.095813 0.930251 0.039043 0.071333
0.0 0.033687 0.821832 0.008447 0.010665
0.0 0.095848 0.898776 0.017305 0.021360
0.0 0.067098 0.934156 0.044141 0.081537
1.0 0.200431 0.869002 0.064703 0.119183
1.0 0.278458 0.812194 0.026935 0.030109
1.0 0.235975 0.843857 0.044382 0.091580
0.0 0.180410 0.898931 0.027605 0.034477
0.0 0.226062 0.930251 0.039043 0.071333
0.0 0.288188 0.821832 0.008447 0.010665
0.0 0.226027 0.898776 0.017305 0.021360
0.0 0.254777 0.934156 0.044141 0.081537
1.0 0.392538 0.869002 0.064703 0.119183
1.0 0.314511 0.812194 0.026935 0.030109
1.0 0.356994 0.843857 0.044382 0.091580
0.0 0.412559 0.898931 0.027605 0.034477
0.0 0.366907 0.930251 0.039043 0.071333
0.0 0.304781 0.821832 0.008447 0.010665
0.0 0.366942 0.898776 0.017305 0.021360
0.0 0.338192 0.934156 0.044141 0.081537
1.0 0.471525 0.869002 0.064703 0.119183
1.0 0.549552 0.812194 0.026935 0.030109
1.0 0.507069 0.843857 0.044382 0.091580
0.0 0.451503 0.898931 0.027605 0.034477
0.0 0.497156 0.930251 0.039043 0.071333
0.0 0.559281 0.821832 0.008447 0.010665
0.0 0.497120 0.898776 0.017305 0.021360
0.0 0.525871 0.934156 0.044141 0.081537
1.0 0.663632 0.869002 0.064703 0.119183
1.0 0.585604 0.812194 0.026935 0.030109
1.0 0.628087 0.843857 0.044382 0.091580
0.0 0.683653 0.898931 0.027605 0.034477
0.0 0.638001 0.930251 0.039043 0.071333
0.0 0.575875 0.821832 0.008447 0.010665
0.0 0.638036 0.898776 0.017305 0.021360
0.0 0.609286 0.934156 0.044141 0.081537
1.0 0.742618 0.869002 0.064703 0.119183
1.0 0.820646 0.812194 0.026935 0.030109
1.0 0.778163 0.843857 0.044382 0.091580
0.0 0.722597 0.898931 0.027605 0.034477
0.0 0.768249 0.930251 0.039043 0.071333
0.0 0.830375 0.821832 0.008447 0.010665
0.0 0.768214 0.898776 0.017305 0.021360
0.0 0.796964 0.934156 0.044141 0.081537
1.0 0.934725 0.869002 0.064703 0.119183
1.0 0.856698 0.812194 0.026935 0.030109
1.0 0.899181 0.843857 0.044382 0.091580
0.0 0.954747 0.898931 0.027605 0.034477
0.0 0.909094 0.930251 0.039043 0.071333
0.0 0.846969 0.821832 0.008447 0.010665
0.0 0.909130 0.898776 0.017305 0.021360
0.0 0.880379 0.934156 0.044141 0.081537
1.0 0.990680 0.869002 0.018640 0.119183
0.0 0.989944 0.898931 0.020112 0.034477
