1.0 0.000901 0.043248 0.001801 0.008210
1.0 0.084858 0.045764 0.039756 0.053228
1.0 0.051254 0.049971 0.047273 0.055394
1.0 0.195914 0.027387 0.012859 0.042959
1.0 0.014975 0.038760 0.017433 0.019114
1.0 0.122875 0.029557 0.007587 0.004685
1.0 0.153815 0.028360 0.008612 0.005779
1.0 0.189655 0.023704 0.006758 0.010642
1.0 0.164772 0.027147 0.008598 0.005276
1.0 0.106173 0.030768 0.008127 0.006239
1.0 0.025634 0.035806 0.005580 0.004006
1.0 0.009854 0.043248 0.007685 0.008210
0.0 0.034204 0.074666 0.032124 0.009438
0.0 0.064413 0.075003 0.036213 0.010253
0.0 0.167505 0.107694 0.035565 0.009649
0.0 0.055430 0.056421 0.029058 0.008074
0.0 0.168525 0.143778 0.035565 0.008278
1.0 0.319829 0.045764 0.039756 0.053228
1.0 0.353433 0.049971 0.047273 0.055394
1.0 0.208773 0.027387 0.012859 0.042959
1.0 0.389713 0.038760 0.017433 0.019114
1.0 0.281812 0.029557 0.007587 0.004685
1.0 0.250872 0.028360 0.008612 0.005779
1.0 0.215033 0.023704 0.006758 0.010642
1.0 0.239916 0.027147 0.008598 0.005276
1.0 0.298514 0.030768 0.008127 0.006239
1.0 0.379054 0.035806 0.005580 0.004006
1.0 0.394834 0.043248 0.007685 0.008210
0.0 0.370483 0.074666 0.032124 0.009438
0.0 0.340275 0.075003 0.036213 0.010253
0.0 0.237183 0.107694 0.035565 0.009649
0.0 0.349258 0.056421 0.029058 0.008074
0.0 0.236163 0.143778 0.035565 0.008278
1.0 0.481733 0.045764 0.039756 0.053228
1.0 0.448129 0.049971 0.047273 0.055394
1.0 0.592789 0.027387 0.012859 0.042959
1.0 0.411850 0.038760 0.017433 0.019114
1.0 0.519750 0.029557 0.007587 0.004685
1.0 0.550690 0.028360 0.008612 0.005779
1.0 0.586530 0.023704 0.006758 0.010642
1.0 0.561647 0.027147 0.008598 0.005276
1.0 0.503048 0.030768 0.008127 0.006239
1.0 0.422509 0.035806 0.005580 0.004006
1.0 0.406729 0.043248 0.007685 0.008210
0.0 0.431079 0.074666 0.032124 0.009438
0.0 0.461288 0.075003 0.036213 0.010253
0.0 0.564380 0.107694 0.035565 0.009649
0.0 0.452305 0.056421 0.029058 0.008074
0.0 0.565400 0.143778 0.035565 0.008278
1.0 0.716704 0.045764 0.039756 0.053228
1.0 0.750308 0.049971 0.047273 0.055394
1.0 0.605648 0.027387 0.012859 0.042959
1.0 0.786588 0.038760 0.017433 0.019114
1.0 0.678687 0.029557 0.007587 0.004685
1.0 0.647747 0.028360 0.008612 0.005779
1.0 0.611908 0.023704 0.006758 0.010642
1.0 0.636791 0.027147 0.008598 0.005276
1.0 0.695389 0.030768 0.008127 0.006239
1.0 0.775929 0.035806 0.005580 0.004006
1.0 0.791709 0.043248 0.007685 0.008210
0.0 0.767358 0.074666 0.032124 0.009438
0.0 0.737150 0.075003 0.036213 0.010253
0.0 0.634058 0.107694 0.035565 0.009649
0.0 0.746133 0.056421 0.029058 0.008074
0.0 0.633038 0.143778 0.035565 0.008278
1.0 0.878608 0.045764 0.039756 0.053228
1.0 0.845004 0.049971 0.047273 0.055394
1.0 0.989664 0.027387 0.012859 0.042959
1.0 0.808725 0.038760 0.017433 0.019114
1.0 0.916625 0.029557 0.007587 0.004685
1.0 0.947565 0.028360 0.008612 0.005779
1.0 0.983405 0.023704 0.006758 0.010642
1.0 0.958522 0.027147 0.008598 0.005276
1.0 0.899923 0.030768 0.008127 0.006239
1.0 0.819384 0.035806 0.005580 0.004006
1.0 0.803604 0.043248 0.007685 0.008210
0.0 0.827954 0.074666 0.032124 0.009438
0.0 0.858163 0.075003 0.036213 0.010253
0.0 0.961255 0.107694 0.035565 0.009649
0.0 0.849180 0.056421 0.029058 0.008074
0.0 0.962275 0.143778 0.035565 0.008278
1.0 0.998047 0.027387 0.003906 0.042959
1.0 0.000901 0.252585 0.001801 0.008210
1.0 0.084858 0.250070 0.039756 0.053228
1.0 0.051254 0.245863 0.047273 0.055394
1.0 0.195914 0.268446 0.012859 0.042959
1.0 0.014975 0.257073 0.017433 0.019114
1.0 0.122875 0.266277 0.007587 0.004685
1.0 0.153815 0.267473 0.008612 0.005779
1.0 0.189655 0.272129 0.006758 0.010642
1.0 0.164772 0.268686 0.008598 0.005276
1.0 0.106173 0.265066 0.008127 0.006239
1.0 0.025634 0.260027 0.005580 0.004006
1.0 0.009854 0.252585 0.007685 0.008210
0.0 0.034204 0.221168 0.032124 0.009438
0.0 0.064413 0.220831 0.036213 0.010253
0.0 0.167505 0.188139 0.035565 0.009649
0.0 0.055430 0.239412 0.029058 0.008074
0.0 0.168525 0.152055 0.035565 0.008278
1.0 0.319829 0.250070 0.039756 0.053228
1.0 0.353433 0.245863 0.047273 0.055394
1.0 0.208773 0.268446 0.012859 0.042959
1.0 0.389713 0.257073 0.017433 0.019114
1.0 0.281812 0.266277 0.007587 0.004685
1.0 0.250872 0.267473 0.008612 0.005779
1.0 0.215033 0.272129 0.006758 0.010642
1.0 0.239916 0.268686 0.008598 0.005276
1.0 0.298514 0.265066 0.008127 0.006239
1.0 0.379054 0.260027 0.005580 0.004006
1.0 0.394834 0.252585 0.007685 0.008210
0.0 0.370483 0.221168 0.032124 0.009438
0.0 0.340275 0.220831 0.036213 0.010253
0.0 0.237183 0.188139 0.035565 0.009649
0.0 0.349258 0.239412 0.029058 0.008074
0.0 0.236163 0.152055 0.035565 0.008278
1.0 0.481733 0.250070 0.039756 0.053228
1.0 0.448129 0.245863 0.047273 0.055394
1.0 0.592789 0.268446 0.012859 0.042959
1.0 0.411850 0.257073 0.017433 0.019114
1.0 0.519750 0.266277 0.007587 0.004685
1.0 0.550690 0.267473 0.008612 0.005779
1.0 0.586530 0.272129 0.006758 0.010642
1.0 0.561647 0.268686 0.008598 0.005276
1.0 0.503048 0.265066 0.008127 0.006239
1.0 0.422509 0.260027 0.005580 0.004006
1.0 0.406729 0.252585 0.007685 0.008210
0.0 0.431079 0.221168 0.032124 0.009438
0.0 0.461288 0.220831 0.036213 0.010253
0.0 0.564380 0.188139 0.035565 0.009649
0.0 0.452305 0.239412 0.029058 0.008074
0.0 0.565400 0.152055 0.035565 0.008278
1.0 0.716704 0.250070 0.039756 0.053228
1.0 0.750308 0.245863 0.047273 0.055394
1.0 0.605648 0.268446 0.012859 0.042959
1.0 0.786588 0.257073 0.017433 0.019114
1.0 0.678687 0.266277 0.007587 0.004685
1.0 0.647747 0.267473 0.008612 0.005779
1.0 0.611908 0.272129 0.006758 0.010642
1.0 0.636791 0.268686 0.008598 0.005276
1.0 0.695389 0.265066 0.008127 0.006239
1.0 0.775929 0.260027 0.005580 0.004006
1.0 0.791709 0.252585 0.007685 0.008210
0.0 0.767358 0.221168 0.032124 0.009438
0.0 0.737150 0.220831 0.036213 0.010253
0.0 0.634058 0.188139 0.035565 0.009649
0.0 0.746133 0.239412 0.029058 0.008074
0.0 0.633038 0.152055 0.035565 0.008278
1.0 0.878608 0.250070 0.039756 0.053228
1.0 0.845004 0.245863 0.047273 0.055394
1.0 0.989664 0.268446 0.012859 0.042959
1.0 0.808725 0.257073 0.017433 0.019114
1.0 0.916625 0.266277 0.007587 0.004685
1.0 0.947565 0.267473 0.008612 0.005779
1.0 0.983405 0.272129 0.006758 0.010642
1.0 0.958522 0.268686 0.008598 0.005276
1.0 0.899923 0.265066 0.008127 0.006239
1.0 0.819384 0.260027 0.005580 0.004006
1.0 0.803604 0.252585 0.007685 0.008210
0.0 0.827954 0.221168 0.032124 0.009438
0.0 0.858163 0.220831 0.036213 0.010253
0.0 0.961255 0.188139 0.035565 0.009649
0.0 0.849180 0.239412 0.029058 0.008074
0.0 0.962275 0.152055 0.035565 0.008278
1.0 0.998047 0.268446 0.003906 0.042959
1.0 0.000901 0.512693 0.001801 0.008210
1.0 0.084858 0.515208 0.039756 0.053228
1.0 0.051254 0.519415 0.047273 0.055394
1.0 0.195914 0.496832 0.012859 0.042959
1.0 0.014975 0.508205 0.017433 0.019114
1.0 0.122875 0.499001 0.007587 0.004685
1.0 0.153815 0.497804 0.008612 0.005779
1.0 0.189655 0.493149 0.006758 0.010642
1.0 0.164772 0.496592 0.008598 0.005276
1.0 0.106173 0.500212 0.008127 0.006239
1.0 0.025634 0.505251 0.005580 0.004006
1.0 0.009854 0.512693 0.007685 0.008210
0.0 0.034204 0.544110 0.032124 0.009438
0.0 0.064413 0.544447 0.036213 0.010253
0.0 0.167505 0.577139 0.035565 0.009649
0.0 0.055430 0.525866 0.029058 0.008074
0.0 0.168525 0.613222 0.035565 0.008278
1.0 0.319829 0.515208 0.039756 0.053228
1.0 0.353433 0.519415 0.047273 0.055394
1.0 0.208773 0.496832 0.012859 0.042959
1.0 0.389713 0.508205 0.017433 0.019114
1.0 0.281812 0.499001 0.007587 0.004685
1.0 0.250872 0.497804 0.008612 0.005779
1.0 0.215033 0.493149 0.006758 0.010642
1.0 0.239916 0.496592 0.008598 0.005276
1.0 0.298514 0.500212 0.008127 0.006239
1.0 0.379054 0.505251 0.005580 0.004006
1.0 0.394834 0.512693 0.007685 0.008210
0.0 0.370483 0.544110 0.032124 0.009438
0.0 0.340275 0.544447 0.036213 0.010253
0.0 0.237183 0.577139 0.035565 0.009649
0.0 0.349258 0.525866 0.029058 0.008074
0.0 0.236163 0.613222 0.035565 0.008278
1.0 0.481733 0.515208 0.039756 0.053228
1.0 0.448129 0.519415 0.047273 0.055394
1.0 0.592789 0.496832 0.012859 0.042959
1.0 0.411850 0.508205 0.017433 0.019114
1.0 0.519750 0.499001 0.007587 0.004685
1.0 0.550690 0.497804 0.008612 0.005779
1.0 0.586530 0.493149 0.006758 0.010642
1.0 0.561647 0.496592 0.008598 0.005276
1.0 0.503048 0.500212 0.008127 0.006239
1.0 0.422509 0.505251 0.005580 0.004006
1.0 0.406729 0.512693 0.007685 0.008210
0.0 0.431079 0.544110 0.032124 0.009438
0.0 0.461288 0.544447 0.036213 0.010253
0.0 0.564380 0.577139 0.035565 0.009649
0.0 0.452305 0.525866 0.029058 0.008074
0.0 0.565400 0.613222 0.035565 0.008278
1.0 0.716704 0.515208 0.039756 0.053228
1.0 0.750308 0.519415 0.047273 0.055394
1.0 0.605648 0.496832 0.012859 0.042959
1.0 0.786588 0.508205 0.017433 0.019114
1.0 0.678687 0.499001 0.007587 0.004685
1.0 0.647747 0.497804 0.008612 0.005779
1.0 0.611908 0.493149 0.006758 0.010642
1.0 0.636791 0.496592 0.008598 0.005276
1.0 0.695389 0.500212 0.008127 0.006239
1.0 0.775929 0.505251 0.005580 0.004006
1.0 0.791709 0.512693 0.007685 0.008210
0.0 0.767358 0.544110 0.032124 0.009438
0.0 0.737150 0.544447 0.036213 0.010253
0.0 0.634058 0.577139 0.035565 0.009649
0.0 0.746133 0.525866 0.029058 0.008074
0.0 0.633038 0.613222 0.035565 0.008278
1.0 0.878608 0.515208 0.039756 0.053228
1.0 0.845004 0.519415 0.047273 0.055394
1.0 0.989664 0.496832 0.012859 0.042959
1.0 0.808725 0.508205 0.017433 0.019114
1.0 0.916625 0.499001 0.007587 0.004685
1.0 0.947565 0.497804 0.008612 0.005779
1.0 0.983405 0.493149 0.006758 0.010642
1.0 0.958522 0.496592 0.008598 0.005276
1.0 0.899923 0.500212 0.008127 0.006239
1.0 0.819384 0.505251 0.005580 0.004006
1.0 0.803604 0.512693 0.007685 0.008210
0.0 0.827954 0.544110 0.032124 0.009438
0.0 0.858163 0.544447 0.036213 0.010253
0.0 0.961255 0.577139 0.035565 0.009649
0.0 0.849180 0.525866 0.029058 0.008074
0.0 0.962275 0.613222 0.035565 0.008278
1.0 0.998047 0.496832 0.003906 0.042959
1.0 0.000901 0.722030 0.001801 0.008210
1.0 0.084858 0.719514 0.039756 0.053228
1.0 0.051254 0.715307 0.047273 0.055394
1.0 0.195914 0.737890 0.012859 0.042959
1.0 0.014975 0.726518 0.017433 0.019114
1.0 0.122875 0.735721 0.007587 0.004685
1.0 0.153815 0.736918 0.008612 0.005779
1.0 0.189655 0.741573 0.006758 0.010642
1.0 0.164772 0.738131 0.008598 0.005276
1.0 0.106173 0.734510 0.008127 0.006239
1.0 0.025634 0.729471 0.005580 0.004006
1.0 0.009854 0.722030 0.007685 0.008210
0.0 0.034204 0.690612 0.032124 0.009438
0.0 0.064413 0.690275 0.036213 0.010253
0.0 0.167505 0.657584 0.035565 0.009649
0.0 0.055430 0.708857 0.029058 0.008074
0.0 0.168525 0.621500 0.035565 0.008278
1.0 0.319829 0.719514 0.039756 0.053228
1.0 0.353433 0.715307 0.047273 0.055394
1.0 0.208773 0.737890 0.012859 0.042959
1.0 0.389713 0.726518 0.017433 0.019114
1.0 0.281812 0.735721 0.007587 0.004685
1.0 0.250872 0.736918 0.008612 0.005779
1.0 0.215033 0.741573 0.006758 0.010642
1.0 0.239916 0.738131 0.008598 0.005276
1.0 0.298514 0.734510 0.008127 0.006239
1.0 0.379054 0.729471 0.005580 0.004006
1.0 0.394834 0.722030 0.007685 0.008210
0.0 0.370483 0.690612 0.032124 0.009438
0.0 0.340275 0.690275 0.036213 0.010253
0.0 0.237183 0.657584 0.035565 0.009649
0.0 0.349258 0.708857 0.029058 0.008074
0.0 0.236163 0.621500 0.035565 0.008278
1.0 0.481733 0.719514 0.039756 0.053228
1.0 0.448129 0.715307 0.047273 0.055394
1.0 0.592789 0.737890 0.012859 0.042959
1.0 0.411850 0.726518 0.017433 0.019114
1.0 0.519750 0.735721 0.007587 0.004685
1.0 0.550690 0.736918 0.008612 0.005779
1.0 0.586530 0.741573 0.006758 0.010642
1.0 0.561647 0.738131 0.008598 0.005276
1.0 0.503048 0.734510 0.008127 0.006239
1.0 0.422509 0.729471 0.005580 0.004006
1.0 0.406729 0.722030 0.007685 0.008210
0.0 0.431079 0.690612 0.032124 0.009438
0.0 0.461288 0.690275 0.036213 0.010253
0.0 0.564380 0.657584 0.035565 0.009649
0.0 0.452305 0.708857 0.029058 0.008074
0.0 0.565400 0.621500 0.035565 0.008278
1.0 0.716704 0.719514 0.039756 0.053228
1.0 0.750308 0.715307 0.047273 0.055394
1.0 0.605648 0.737890 0.012859 0.042959
1.0 0.786588 0.726518 0.017433 0.019114
1.0 0.678687 0.735721 0.007587 0.004685
1.0 0.647747 0.736918 0.008612 0.005779
1.0 0.611908 0.741573 0.006758 0.010642
1.0 0.636791 0.738131 0.008598 0.005276
1.0 0.695389 0.734510 0.008127 0.006239
1.0 0.775929 0.729471 0.005580 0.004006
1.0 0.791709 0.722030 0.007685 0.008210
0.0 0.767358 0.690612 0.032124 0.009438
0.0 0.737150 0.690275 0.036213 0.010253
0.0 0.634058 0.657584 0.035565 0.009649
0.0 0.746133 0.708857 0.029058 0.008074
0.0 0.633038 0.621500 0.035565 0.008278
1.0 0.878608 0.719514 0.039756 0.053228
1.0 0.845004 0.715307 0.047273 0.055394
1.0 0.989664 0.737890 0.012859 0.042959
1.0 0.808725 0.726518 0.017433 0.019114
1.0 0.916625 0.735721 0.007587 0.004685
1.0 0.947565 0.736918 0.008612 0.005779
1.0 0.983405 0.741573 0.006758 0.010642
1.0 0.958522 0.738131 0.008598 0.005276
1.0 0.899923 0.734510 0.008127 0.006239
1.0 0.819384 0.729471 0.005580 0.004006
1.0 0.803604 0.722030 0.007685 0.008210
0.0 0.827954 0.690612 0.032124 0.009438
0.0 0.858163 0.690275 0.036213 0.010253
0.0 0.961255 0.657584 0.035565 0.009649
0.0 0.849180 0.708857 0.029058 0.008074
0.0 0.962275 0.621500 0.035565 0.008278
1.0 0.998047 0.737890 0.003906 0.042959
1.0 0.000901 0.982137 0.001801 0.008210
1.0 0.084858 0.979019 0.039756 0.041962
1.0 0.051254 0.980581 0.047273 0.038838
1.0 0.195914 0.966276 0.012859 0.042959
1.0 0.014975 0.977649 0.017433 0.019114
1.0 0.122875 0.968445 0.007587 0.004685
1.0 0.153815 0.967249 0.008612 0.005779
1.0 0.189655 0.962593 0.006758 0.010642
1.0 0.164772 0.966036 0.008598 0.005276
1.0 0.106173 0.969657 0.008127 0.006239
1.0 0.025634 0.974695 0.005580 0.004006
1.0 0.009854 0.982137 0.007685 0.008210
0.0 0.055430 0.995310 0.029058 0.008074
1.0 0.319829 0.979019 0.039756 0.041962
1.0 0.353433 0.980581 0.047273 0.038838
1.0 0.208773 0.966276 0.012859 0.042959
1.0 0.389713 0.977649 0.017433 0.019114
1.0 0.281812 0.968445 0.007587 0.004685
1.0 0.250872 0.967249 0.008612 0.005779
1.0 0.215033 0.962593 0.006758 0.010642
1.0 0.239916 0.966036 0.008598 0.005276
1.0 0.298514 0.969657 0.008127 0.006239
1.0 0.379054 0.974695 0.005580 0.004006
1.0 0.394834 0.982137 0.007685 0.008210
0.0 0.349258 0.995310 0.029058 0.008074
1.0 0.481733 0.979019 0.039756 0.041962
1.0 0.448129 0.980581 0.047273 0.038838
1.0 0.592789 0.966276 0.012859 0.042959
1.0 0.411850 0.977649 0.017433 0.019114
1.0 0.519750 0.968445 0.007587 0.004685
1.0 0.550690 0.967249 0.008612 0.005779
1.0 0.586530 0.962593 0.006758 0.010642
1.0 0.561647 0.966036 0.008598 0.005276
1.0 0.503048 0.969657 0.008127 0.006239
1.0 0.422509 0.974695 0.005580 0.004006
1.0 0.406729 0.982137 0.007685 0.008210
0.0 0.452305 0.995310 0.029058 0.008074
1.0 0.716704 0.979019 0.039756 0.041962
1.0 0.750308 0.980581 0.047273 0.038838
1.0 0.605648 0.966276 0.012859 0.042959
1.0 0.786588 0.977649 0.017433 0.019114
1.0 0.678687 0.968445 0.007587 0.004685
1.0 0.647747 0.967249 0.008612 0.005779
1.0 0.611908 0.962593 0.006758 0.010642
1.0 0.636791 0.966036 0.008598 0.005276
1.0 0.695389 0.969657 0.008127 0.006239
1.0 0.775929 0.974695 0.005580 0.004006
1.0 0.791709 0.982137 0.007685 0.008210
0.0 0.746133 0.995310 0.029058 0.008074
1.0 0.878608 0.979019 0.039756 0.041962
1.0 0.845004 0.980581 0.047273 0.038838
1.0 0.989664 0.966276 0.012859 0.042959
1.0 0.808725 0.977649 0.017433 0.019114
1.0 0.916625 0.968445 0.007587 0.004685
1.0 0.947565 0.967249 0.008612 0.005779
1.0 0.983405 0.962593 0.006758 0.010642
1.0 0.958522 0.966036 0.008598 0.005276
1.0 0.899923 0.969657 0.008127 0.006239
1.0 0.819384 0.974695 0.005580 0.004006
1.0 0.803604 0.982137 0.007685 0.008210
0.0 0.849180 0.995310 0.029058 0.008074
1.0 0.998047 0.966276 0.003906 0.042959
