0.0 0.082715 0.159375 0.165431 0.318750
0.0 0.141773 0.159375 0.104735 0.318750
0.0 0.310449 0.159375 0.175196 0.318750
0.0 0.246508 0.159375 0.104735 0.318750
0.0 0.485645 0.159375 0.175196 0.318750
0.0 0.549586 0.159375 0.104735 0.318750
0.0 0.718261 0.159375 0.175196 0.318750
0.0 0.654320 0.159375 0.104735 0.318750
0.0 0.893458 0.159375 0.175196 0.318750
0.0 0.952515 0.159375 0.094969 0.318750
0.0 0.082715 0.500000 0.165431 0.362500
0.0 0.141773 0.480231 0.104735 0.322961
0.0 0.310449 0.500000 0.175196 0.362500
0.0 0.246508 0.480231 0.104735 0.322961
0.0 0.485645 0.500000 0.175196 0.362500
0.0 0.549586 0.480231 0.104735 0.322961
0.0 0.718261 0.500000 0.175196 0.362500
0.0 0.654320 0.480231 0.104735 0.322961
0.0 0.893458 0.500000 0.175196 0.362500
0.0 0.952515 0.480231 0.094969 0.322961
0.0 0.082715 0.840625 0.165431 0.318750
0.0 0.141773 0.860394 0.104735 0.279211
0.0 0.310449 0.840625 0.175196 0.318750
0.0 0.246508 0.860394 0.104735 0.279211
0.0 0.485645 0.840625 0.175196 0.318750
0.0 0.549586 0.860394 0.104735 0.279211
0.0 0.718261 0.840625 0.175196 0.318750
0.0 0.654320 0.860394 0.104735 0.279211
0.0 0.893458 0.840625 0.175196 0.318750
0.0 0.952515 0.860394 0.094969 0.279211
