1.0 0.010094 0.729081 0.020188 0.037672
1.0 0.025817 0.733225 0.026165 0.029383
1.0 0.745963 0.538726 0.018231 0.058891
1.0 0.715789 0.565231 0.026382 0.073100
1.0 0.480806 0.729081 0.023864 0.037672
1.0 0.463246 0.733225 0.026165 0.029383
1.0 0.672103 0.600795 0.024579 0.034603
0.0 0.583266 0.705372 0.050348 0.085089
0.0 0.620520 0.728200 0.033047 0.039433
1.0 0.764193 0.538726 0.018231 0.058891
1.0 0.794368 0.565231 0.026382 0.073100
1.0 0.838053 0.600795 0.024579 0.034603
0.0 0.926890 0.705372 0.050348 0.085089
0.0 0.889636 0.728200 0.033047 0.039433
1.0 0.010094 0.766752 0.020188 0.037672
1.0 0.025817 0.762608 0.026165 0.029383
1.0 0.745963 0.957108 0.018231 0.058891
1.0 0.715789 0.930602 0.026382 0.073100
1.0 0.480806 0.766752 0.023864 0.037672
1.0 0.463246 0.762608 0.026165 0.029383
1.0 0.672103 0.895039 0.024579 0.034603
0.0 0.583266 0.790461 0.050348 0.085089
0.0 0.620520 0.767633 0.033047 0.039433
1.0 0.764193 0.957108 0.018231 0.058891
1.0 0.794368 0.930602 0.026382 0.073100
1.0 0.838053 0.895039 0.024579 0.034603
0.0 0.926890 0.790461 0.050348 0.085089
0.0 0.889636 0.767633 0.033047 0.039433
