1.0 0.262724 0.590570 0.012833 0.134748
1.0 0.031825 0.711663 0.054839 0.090562
1.0 0.084541 0.698960 0.055297 0.115969
1.0 0.224770 0.613281 0.034566 0.134748
0.0 0.163444 0.690778 0.049945 0.078227
0.0 0.155991 0.707525 0.043309 0.046197
1.0 0.275557 0.590570 0.012833 0.134748
1.0 0.506456 0.711663 0.054839 0.090562
1.0 0.453740 0.698960 0.055297 0.115969
1.0 0.313511 0.613281 0.034566 0.134748
0.0 0.374837 0.690778 0.049945 0.078227
0.0 0.382291 0.707525 0.043309 0.046197
1.0 0.954481 0.711663 0.054839 0.090562
1.0 0.989775 0.698960 0.020451 0.115969
1.0 0.262724 0.923319 0.012833 0.134748
1.0 0.031825 0.802225 0.054839 0.090562
1.0 0.084541 0.814929 0.055297 0.115969
1.0 0.224770 0.900608 0.034566 0.134748
0.0 0.163444 0.823111 0.049945 0.078227
0.0 0.155991 0.806364 0.043309 0.046197
1.0 0.275557 0.923319 0.012833 0.134748
1.0 0.506456 0.802225 0.054839 0.090562
1.0 0.453740 0.814929 0.055297 0.115969
1.0 0.313511 0.900608 0.034566 0.134748
0.0 0.374837 0.823111 0.049945 0.078227
0.0 0.382291 0.806364 0.043309 0.046197
1.0 0.954481 0.802225 0.054839 0.090562
1.0 0.989775 0.814929 0.020451 0.115969
