1.0 0.186536 0.094504 0.126929 0.189008
1.0 0.037963 0.087215 0.075926 0.174429
1.0 0.313464 0.094504 0.126929 0.189008
1.0 0.657819 0.069860 0.131942 0.139721
1.0 0.476637 0.087215 0.105126 0.174429
1.0 0.668221 0.162079 0.052740 0.062585
1.0 0.842181 0.069860 0.131942 0.139721
1.0 0.985400 0.087215 0.029200 0.174429
1.0 0.831779 0.162079 0.052740 0.062585
1.0 0.186536 0.464041 0.126929 0.306099
1.0 0.037963 0.472108 0.075926 0.293076
0.0 0.173492 0.623810 0.066696 0.060581
1.0 0.313464 0.464041 0.126929 0.306099
1.0 0.657819 0.491086 0.131942 0.261614
1.0 0.476637 0.472108 0.105126 0.293076
1.0 0.668221 0.337921 0.052740 0.062585
0.0 0.326508 0.623810 0.066696 0.060581
1.0 0.842181 0.491086 0.131942 0.261614
1.0 0.985400 0.472108 0.029200 0.293076
1.0 0.831779 0.337921 0.052740 0.062585
1.0 0.186536 0.941454 0.126929 0.117091
1.0 0.037963 0.940677 0.075926 0.118646
0.0 0.173492 0.876190 0.066696 0.060581
1.0 0.313464 0.941454 0.126929 0.117091
1.0 0.657819 0.939053 0.131942 0.121893
1.0 0.476637 0.940677 0.105126 0.118646
0.0 0.326508 0.876190 0.066696 0.060581
1.0 0.842181 0.939053 0.131942 0.121893
1.0 0.985400 0.940677 0.029200 0.118646
