0.0 0.392068 0.019277 0.199227 0.038555
0.0 0.065064 0.301826 0.130128 0.266492
0.0 0.103797 0.244780 0.207594 0.234450
0.0 0.137844 0.190376 0.275689 0.204156
0.0 0.147503 0.141975 0.269197 0.168291
0.0 0.186854 0.090522 0.199227 0.113907
0.0 0.752654 0.643763 0.399072 0.351127
0.0 0.820163 0.811982 0.205185 0.172822
0.0 0.689385 0.497169 0.485059 0.325798
0.0 0.579453 0.390095 0.426462 0.266492
0.0 0.496832 0.308575 0.379231 0.234450
0.0 0.428895 0.233777 0.345121 0.204156
0.0 0.398739 0.175446 0.269197 0.168291
0.0 0.374231 0.115485 0.199227 0.113907
0.0 0.952386 0.836922 0.095227 0.172822
0.0 0.800431 0.936843 0.205185 0.126314
0.0 0.942520 0.949313 0.114960 0.101374
