0.0 0.687752 0.032082 0.074278 0.064163
0.0 0.773185 0.032082 0.074278 0.064163
1.0 0.019124 0.712566 0.038248 0.088756
0.0 0.013850 0.684446 0.027701 0.043444
0.0 0.044073 0.575916 0.075599 0.110540
1.0 0.530461 0.712566 0.060856 0.088756
1.0 0.591973 0.697946 0.061375 0.117997
0.0 0.684051 0.687794 0.057118 0.083856
0.0 0.675112 0.705768 0.049983 0.050273
0.0 0.532268 0.684446 0.043375 0.043444
0.0 0.494208 0.575916 0.075599 0.110540
0.0 0.687752 0.475146 0.074278 0.109175
1.0 0.930476 0.712566 0.060856 0.088756
1.0 0.868965 0.697946 0.061375 0.117997
0.0 0.776887 0.687794 0.057118 0.083856
0.0 0.785825 0.705768 0.049983 0.050273
0.0 0.928669 0.684446 0.043375 0.043444
0.0 0.964465 0.575916 0.071071 0.110540
0.0 0.773185 0.475146 0.074278 0.109175
1.0 0.019124 0.801322 0.038248 0.088756
0.0 0.013850 0.829443 0.027701 0.043444
0.0 0.044073 0.937973 0.075599 0.110540
1.0 0.530461 0.801322 0.060856 0.088756
1.0 0.591973 0.815943 0.061375 0.117997
0.0 0.684051 0.826095 0.057118 0.083856
0.0 0.675112 0.808121 0.049983 0.050273
0.0 0.532268 0.829443 0.043375 0.043444
0.0 0.494208 0.937973 0.075599 0.110540
0.0 0.687752 0.992078 0.074278 0.015845
1.0 0.930476 0.801322 0.060856 0.088756
1.0 0.868965 0.815943 0.061375 0.117997
0.0 0.776887 0.826095 0.057118 0.083856
0.0 0.785825 0.808121 0.049983 0.050273
0.0 0.928669 0.829443 0.043375 0.043444
0.0 0.964465 0.937973 0.071071 0.110540
0.0 0.773185 0.992078 0.074278 0.015845
