1.0 0.584993 0.537217 0.218981 0.464791
1.0 0.757159 0.624957 0.240676 0.523141
1.0 0.904877 0.593214 0.163760 0.411603
1.0 0.432820 0.341728 0.099724 0.198751
1.0 0.331358 0.330988 0.126670 0.223530
1.0 0.155910 0.271456 0.132572 0.203022
1.0 0.051688 0.253495 0.103376 0.222285
1.0 0.260397 0.303408 0.107329 0.210013
1.0 0.506819 0.391953 0.135330 0.271197
1.0 0.612283 0.349829 0.097134 0.100701
1.0 0.524937 0.303572 0.071585 0.078164
1.0 0.387310 0.323896 0.070272 0.179498
0.0 0.712855 0.872622 0.125580 0.138059
0.0 0.947237 0.747762 0.093112 0.078648
0.0 0.237116 0.387609 0.045910 0.041722
