0.0 0.105810 0.039063 0.108149 0.078126
0.0 0.280614 0.086040 0.072674 0.085450
1.0 0.184906 0.123811 0.298225 0.247622
0.0 0.581690 0.039063 0.108149 0.078126
0.0 0.406886 0.086040 0.072674 0.085450
1.0 0.502594 0.123811 0.298225 0.247622
0.0 0.730810 0.039063 0.108149 0.078126
0.0 0.905614 0.086040 0.072674 0.085450
1.0 0.809906 0.123811 0.298225 0.247622
0.0 0.105810 0.565632 0.108149 0.120850
0.0 0.280614 0.497293 0.072674 0.085450
1.0 0.184906 0.462110 0.298225 0.252798
0.0 0.581690 0.565632 0.108149 0.120850
0.0 0.406886 0.497293 0.072674 0.085450
1.0 0.502594 0.462110 0.298225 0.252798
0.0 0.730810 0.565632 0.108149 0.120850
0.0 0.905614 0.497293 0.072674 0.085450
1.0 0.809906 0.462110 0.298225 0.252798
0.0 0.105810 0.851034 0.108149 0.120850
0.0 0.280614 0.919374 0.072674 0.085450
1.0 0.184906 0.914079 0.298225 0.171843
0.0 0.581690 0.851034 0.108149 0.120850
0.0 0.406886 0.919374 0.072674 0.085450
1.0 0.502594 0.914079 0.298225 0.171843
0.0 0.730810 0.851034 0.108149 0.120850
0.0 0.905614 0.919374 0.072674 0.085450
1.0 0.809906 0.914079 0.298225 0.171843
