0.0 0.044922 0.539681 0.089844 0.369049
0.0 0.197824 0.375000 0.145648 0.162701
0.0 0.175586 0.649306 0.087891 0.231944
0.0 0.063086 0.542361 0.081641 0.091667
0.0 0.217773 0.670833 0.087109 0.229167
0.0 0.589285 0.539681 0.139508 0.369049
0.0 0.411551 0.375000 0.145648 0.162701
0.0 0.433789 0.649306 0.087891 0.231944
0.0 0.546289 0.542361 0.081641 0.091667
0.0 0.391602 0.670833 0.087109 0.229167
0.0 0.801340 0.539681 0.139508 0.369049
0.0 0.953125 0.375000 0.093750 0.162701
0.0 0.956445 0.649306 0.087109 0.231944
0.0 0.844336 0.542361 0.081641 0.091667
0.0 0.977734 0.670833 0.044531 0.229167
0.0 0.175586 0.964583 0.087891 0.070833
0.0 0.217773 0.954514 0.087109 0.090972
0.0 0.433789 0.964583 0.087891 0.070833
0.0 0.391602 0.954514 0.087109 0.090972
0.0 0.956445 0.964583 0.087109 0.070833
0.0 0.977734 0.954514 0.044531 0.090972
