1.0 0.451893 0.088667 0.089361 0.177334
1.0 0.611080 0.087073 0.095191 0.174146
1.0 0.963631 0.087073 0.072738 0.174146
0.0 0.043846 0.606961 0.087691 0.104598
0.0 0.033818 0.538316 0.067637 0.085497
0.0 0.047962 0.589893 0.095923 0.112559
0.0 0.044525 0.729709 0.089050 0.091970
0.0 0.048829 0.737051 0.097659 0.077288
1.0 0.451893 0.422935 0.089361 0.303315
1.0 0.611080 0.423207 0.095191 0.297483
0.0 0.506129 0.606961 0.359515 0.104598
0.0 0.507467 0.538316 0.322082 0.085497
0.0 0.530283 0.589893 0.424287 0.112559
0.0 0.504770 0.729709 0.359516 0.091970
0.0 0.528548 0.737051 0.424287 0.077288
1.0 0.963631 0.423207 0.072738 0.297483
0.0 0.950025 0.606961 0.099949 0.104598
0.0 0.958715 0.538316 0.082571 0.085497
0.0 0.921756 0.589893 0.156489 0.112559
0.0 0.950705 0.729709 0.098590 0.091970
0.0 0.922623 0.737051 0.154754 0.077288
0.0 0.043846 0.944428 0.087691 0.104598
0.0 0.047962 0.952608 0.095923 0.094784
0.0 0.044525 0.821680 0.089050 0.091970
0.0 0.048829 0.814338 0.097659 0.077288
0.0 0.506129 0.944428 0.359515 0.104598
0.0 0.507467 0.985162 0.322082 0.029676
0.0 0.530283 0.952608 0.424287 0.094784
0.0 0.504770 0.821680 0.359516 0.091970
0.0 0.528548 0.814338 0.424287 0.077288
0.0 0.950025 0.944428 0.099949 0.104598
0.0 0.921756 0.952608 0.156489 0.094784
0.0 0.950705 0.821680 0.098590 0.091970
0.0 0.922623 0.814338 0.154754 0.077288
