1.0 0.070771 0.436567 0.141542 0.511570
0.0 0.009934 0.682569 0.019869 0.276032
0.0 0.092525 0.506667 0.184322 0.231249
0.0 0.149782 0.567770 0.231686 0.292580
0.0 0.203543 0.496923 0.124165 0.180498
0.0 0.168810 0.586786 0.193630 0.344586
1.0 0.539633 0.436567 0.299849 0.511570
0.0 0.608423 0.682569 0.194083 0.276032
0.0 0.438725 0.506667 0.184322 0.231249
0.0 0.381468 0.567770 0.231686 0.292580
0.0 0.327707 0.496923 0.124165 0.180498
0.0 0.362440 0.586786 0.193630 0.344586
1.0 0.889596 0.436567 0.220807 0.511570
0.0 0.860327 0.682569 0.194083 0.276032
0.0 0.968932 0.506667 0.062136 0.231249
0.0 0.985720 0.567770 0.028561 0.292580
