1.0 0.088477 0.031597 0.004297 0.013194
1.0 0.082617 0.032639 0.004297 0.011111
0.0 0.082422 0.025347 0.004688 0.006250
1.0 0.236523 0.031597 0.004297 0.013194
1.0 0.242383 0.032639 0.004297 0.011111
0.0 0.242578 0.025347 0.004688 0.006250
1.0 0.538477 0.031597 0.004297 0.013194
1.0 0.532617 0.032639 0.004297 0.011111
0.0 0.532422 0.025347 0.004688 0.006250
1.0 0.686523 0.031597 0.004297 0.013194
1.0 0.692383 0.032639 0.004297 0.011111
0.0 0.692578 0.025347 0.004688 0.006250
1.0 0.988477 0.031597 0.004297 0.013194
1.0 0.982617 0.032639 0.004297 0.011111
0.0 0.982422 0.025347 0.004688 0.006250
1.0 0.098047 0.620139 0.058594 0.206944
1.0 0.012305 0.621528 0.024609 0.211111
1.0 0.078711 0.520139 0.029297 0.083333
1.0 0.016211 0.517708 0.026953 0.075694
1.0 0.088477 0.435069 0.004297 0.013194
1.0 0.082617 0.434028 0.004297 0.011111
0.0 0.010547 0.746181 0.021094 0.039583
0.0 0.108008 0.744792 0.061328 0.043750
0.0 0.082422 0.441319 0.004688 0.006250
1.0 0.226953 0.620139 0.058594 0.206944
1.0 0.331445 0.621528 0.062109 0.211111
1.0 0.246289 0.520139 0.029297 0.083333
1.0 0.308789 0.517708 0.026953 0.075694
1.0 0.236523 0.435069 0.004297 0.013194
1.0 0.242383 0.434028 0.004297 0.011111
0.0 0.335937 0.746181 0.064062 0.039583
0.0 0.216992 0.744792 0.061328 0.043750
0.0 0.242578 0.441319 0.004688 0.006250
1.0 0.548047 0.620139 0.058594 0.206944
1.0 0.443555 0.621528 0.062109 0.211111
1.0 0.528711 0.520139 0.029297 0.083333
1.0 0.466211 0.517708 0.026953 0.075694
1.0 0.538477 0.435069 0.004297 0.013194
1.0 0.532617 0.434028 0.004297 0.011111
0.0 0.439063 0.746181 0.064062 0.039583
0.0 0.558008 0.744792 0.061328 0.043750
0.0 0.532422 0.441319 0.004688 0.006250
1.0 0.676953 0.620139 0.058594 0.206944
1.0 0.781445 0.621528 0.062109 0.211111
1.0 0.696289 0.520139 0.029297 0.083333
1.0 0.758789 0.517708 0.026953 0.075694
1.0 0.686523 0.435069 0.004297 0.013194
1.0 0.692383 0.434028 0.004297 0.011111
0.0 0.785937 0.746181 0.064062 0.039583
0.0 0.666992 0.744792 0.061328 0.043750
0.0 0.692578 0.441319 0.004688 0.006250
1.0 0.984375 0.620139 0.031250 0.206944
1.0 0.893555 0.621528 0.062109 0.211111
1.0 0.978711 0.520139 0.029297 0.083333
1.0 0.916211 0.517708 0.026953 0.075694
1.0 0.988477 0.435069 0.004297 0.013194
1.0 0.982617 0.434028 0.004297 0.011111
0.0 0.889063 0.746181 0.064062 0.039583
0.0 0.988672 0.744792 0.022656 0.043750
0.0 0.982422 0.441319 0.004688 0.006250
1.0 0.098047 0.904861 0.058594 0.190278
1.0 0.012305 0.903125 0.024609 0.193750
1.0 0.078711 0.985764 0.029297 0.028472
1.0 0.016211 0.988889 0.026953 0.022222
0.0 0.010547 0.787153 0.021094 0.039583
0.0 0.108008 0.788542 0.061328 0.043750
1.0 0.226953 0.904861 0.058594 0.190278
1.0 0.331445 0.903125 0.062109 0.193750
1.0 0.246289 0.985764 0.029297 0.028472
1.0 0.308789 0.988889 0.026953 0.022222
0.0 0.335937 0.787153 0.064062 0.039583
0.0 0.216992 0.788542 0.061328 0.043750
1.0 0.548047 0.904861 0.058594 0.190278
1.0 0.443555 0.903125 0.062109 0.193750
1.0 0.528711 0.985764 0.029297 0.028472
1.0 0.466211 0.988889 0.026953 0.022222
0.0 0.439063 0.787153 0.064062 0.039583
0.0 0.558008 0.788542 0.061328 0.043750
1.0 0.676953 0.904861 0.058594 0.190278
1.0 0.781445 0.903125 0.062109 0.193750
1.0 0.696289 0.985764 0.029297 0.028472
1.0 0.758789 0.988889 0.026953 0.022222
0.0 0.785937 0.787153 0.064062 0.039583
0.0 0.666992 0.788542 0.061328 0.043750
1.0 0.984375 0.904861 0.031250 0.190278
1.0 0.893555 0.903125 0.062109 0.193750
1.0 0.978711 0.985764 0.029297 0.028472
1.0 0.916211 0.988889 0.026953 0.022222
0.0 0.889063 0.787153 0.064062 0.039583
0.0 0.988672 0.788542 0.022656 0.043750
