1.0 0.043142 0.049196 0.061234 0.098392
1.0 0.017849 0.048973 0.035698 0.097946
0.0 0.022446 0.086259 0.033851 0.050052
0.0 0.070704 0.063552 0.030165 0.044234
0.0 0.084854 0.066212 0.034626 0.052537
1.0 0.223264 0.049196 0.061234 0.098392
1.0 0.254237 0.048973 0.047058 0.097946
0.0 0.243960 0.086259 0.033851 0.050052
0.0 0.195702 0.063552 0.030165 0.044234
0.0 0.181552 0.066212 0.034626 0.052537
0.0 0.289478 0.093378 0.027010 0.037429
0.0 0.352367 0.073673 0.043353 0.057736
1.0 0.532204 0.049196 0.061234 0.098392
1.0 0.501232 0.048973 0.047058 0.097946
0.0 0.511509 0.086259 0.033851 0.050052
0.0 0.559766 0.063552 0.030165 0.044234
0.0 0.573917 0.066212 0.034626 0.052537
0.0 0.465990 0.093378 0.027010 0.037429
0.0 0.403102 0.073673 0.043353 0.057736
1.0 0.712327 0.049196 0.061234 0.098392
1.0 0.743300 0.048973 0.047058 0.097946
0.0 0.733022 0.086259 0.033851 0.050052
0.0 0.684765 0.063552 0.030165 0.044234
0.0 0.670615 0.066212 0.034626 0.052537
0.0 0.778541 0.093378 0.027010 0.037429
0.0 0.841430 0.073673 0.043353 0.057736
1.0 0.995325 0.049196 0.009350 0.098392
1.0 0.983383 0.048973 0.033235 0.097946
0.0 0.991823 0.086259 0.016354 0.050052
0.0 0.955053 0.093378 0.027010 0.037429
0.0 0.892164 0.073673 0.043353 0.057736
1.0 0.043142 0.230078 0.061234 0.123606
1.0 0.017849 0.226520 0.035698 0.115598
0.0 0.022446 0.180408 0.033851 0.050052
0.0 0.070704 0.203115 0.030165 0.044234
0.0 0.084854 0.200455 0.034626 0.052537
1.0 0.223264 0.230078 0.061234 0.123606
1.0 0.254237 0.226520 0.047058 0.115598
0.0 0.243960 0.180408 0.033851 0.050052
0.0 0.195702 0.203115 0.030165 0.044234
0.0 0.181552 0.200455 0.034626 0.052537
0.0 0.289478 0.173288 0.027010 0.037429
0.0 0.352367 0.192993 0.043353 0.057736
1.0 0.532204 0.230078 0.061234 0.123606
1.0 0.501232 0.226520 0.047058 0.115598
0.0 0.511509 0.180408 0.033851 0.050052
0.0 0.559766 0.203115 0.030165 0.044234
0.0 0.573917 0.200455 0.034626 0.052537
0.0 0.465990 0.173288 0.027010 0.037429
0.0 0.403102 0.192993 0.043353 0.057736
1.0 0.712327 0.230078 0.061234 0.123606
1.0 0.743300 0.226520 0.047058 0.115598
0.0 0.733022 0.180408 0.033851 0.050052
0.0 0.684765 0.203115 0.030165 0.044234
0.0 0.670615 0.200455 0.034626 0.052537
0.0 0.778541 0.173288 0.027010 0.037429
0.0 0.841430 0.192993 0.043353 0.057736
1.0 0.995325 0.230078 0.009350 0.123606
1.0 0.983383 0.226520 0.033235 0.115598
0.0 0.991823 0.180408 0.016354 0.050052
0.0 0.955053 0.173288 0.027010 0.037429
0.0 0.892164 0.192993 0.043353 0.057736
1.0 0.043142 0.525478 0.061234 0.123606
1.0 0.017849 0.529036 0.035698 0.115598
0.0 0.022446 0.575148 0.033851 0.050052
0.0 0.070704 0.552441 0.030165 0.044234
0.0 0.084854 0.555101 0.034626 0.052537
1.0 0.223264 0.525478 0.061234 0.123606
1.0 0.254237 0.529036 0.047058 0.115598
0.0 0.243960 0.575148 0.033851 0.050052
0.0 0.195702 0.552441 0.030165 0.044234
0.0 0.181552 0.555101 0.034626 0.052537
0.0 0.289478 0.582267 0.027010 0.037429
0.0 0.352367 0.562562 0.043353 0.057736
1.0 0.532204 0.525478 0.061234 0.123606
1.0 0.501232 0.529036 0.047058 0.115598
0.0 0.511509 0.575148 0.033851 0.050052
0.0 0.559766 0.552441 0.030165 0.044234
0.0 0.573917 0.555101 0.034626 0.052537
0.0 0.465990 0.582267 0.027010 0.037429
0.0 0.403102 0.562562 0.043353 0.057736
1.0 0.712327 0.525478 0.061234 0.123606
1.0 0.743300 0.529036 0.047058 0.115598
0.0 0.733022 0.575148 0.033851 0.050052
0.0 0.684765 0.552441 0.030165 0.044234
0.0 0.670615 0.555101 0.034626 0.052537
0.0 0.778541 0.582267 0.027010 0.037429
0.0 0.841430 0.562562 0.043353 0.057736
1.0 0.995325 0.525478 0.009350 0.123606
1.0 0.983383 0.529036 0.033235 0.115598
0.0 0.991823 0.575148 0.016354 0.050052
0.0 0.955053 0.582267 0.027010 0.037429
0.0 0.892164 0.562562 0.043353 0.057736
1.0 0.043142 0.718967 0.061234 0.123606
1.0 0.017849 0.715409 0.035698 0.115598
0.0 0.022446 0.669297 0.033851 0.050052
0.0 0.070704 0.692004 0.030165 0.044234
0.0 0.084854 0.689344 0.034626 0.052537
1.0 0.223264 0.718967 0.061234 0.123606
1.0 0.254237 0.715409 0.047058 0.115598
0.0 0.243960 0.669297 0.033851 0.050052
0.0 0.195702 0.692004 0.030165 0.044234
0.0 0.181552 0.689344 0.034626 0.052537
0.0 0.289478 0.662177 0.027010 0.037429
0.0 0.352367 0.681882 0.043353 0.057736
1.0 0.532204 0.718967 0.061234 0.123606
1.0 0.501232 0.715409 0.047058 0.115598
0.0 0.511509 0.669297 0.033851 0.050052
0.0 0.559766 0.692004 0.030165 0.044234
0.0 0.573917 0.689344 0.034626 0.052537
0.0 0.465990 0.662177 0.027010 0.037429
0.0 0.403102 0.681882 0.043353 0.057736
1.0 0.712327 0.718967 0.061234 0.123606
1.0 0.743300 0.715409 0.047058 0.115598
0.0 0.733022 0.669297 0.033851 0.050052
0.0 0.684765 0.692004 0.030165 0.044234
0.0 0.670615 0.689344 0.034626 0.052537
0.0 0.778541 0.662177 0.027010 0.037429
0.0 0.841430 0.681882 0.043353 0.057736
1.0 0.995325 0.718967 0.009350 0.123606
1.0 0.983383 0.715409 0.033235 0.115598
0.0 0.991823 0.669297 0.016354 0.050052
0.0 0.955053 0.662177 0.027010 0.037429
0.0 0.892164 0.681882 0.043353 0.057736
1.0 0.043142 0.976282 0.061234 0.047437
1.0 0.017849 0.980063 0.035698 0.039875
1.0 0.223264 0.976282 0.061234 0.047437
1.0 0.254237 0.980063 0.047058 0.039875
1.0 0.532204 0.976282 0.061234 0.047437
1.0 0.501232 0.980063 0.047058 0.039875
1.0 0.712327 0.976282 0.061234 0.047437
1.0 0.743300 0.980063 0.047058 0.039875
1.0 0.983383 0.980063 0.033235 0.039875
