1.0 0.669501 0.805738 0.189945 0.344264
1.0 0.123174 0.521829 0.078233 0.110777
1.0 0.600776 0.674585 0.036231 0.099301
1.0 0.893964 0.764666 0.080347 0.111449
1.0 0.417210 0.738867 0.191973 0.372927
1.0 0.973401 0.795895 0.053198 0.114807
1.0 0.231120 0.555102 0.077957 0.108822
1.0 0.250283 0.560169 0.043306 0.092210
1.0 0.869654 0.756943 0.039078 0.090866
1.0 0.150516 0.531538 0.051485 0.092940
1.0 0.758399 0.723640 0.038240 0.042035
1.0 0.969987 0.789391 0.045265 0.091786
1.0 0.517415 0.647080 0.033841 0.096674
0.0 0.657871 0.949257 0.169236 0.101486
0.0 0.390431 0.870328 0.157176 0.112192
0.0 0.987962 0.843172 0.024076 0.033080
0.0 0.100170 0.557881 0.060302 0.037837
