1.0 0.037439 0.112153 0.074878 0.224306
1.0 0.526087 0.112153 0.111776 0.224306
1.0 0.397025 0.112153 0.115682 0.224306
1.0 0.037439 0.428932 0.074878 0.409252
0.0 0.029382 0.647174 0.058765 0.220068
0.0 0.026320 0.555404 0.052640 0.186182
1.0 0.526087 0.412614 0.111776 0.376618
1.0 0.397025 0.428932 0.115682 0.409252
0.0 0.506410 0.647174 0.302225 0.220068
0.0 0.496258 0.555404 0.269671 0.186182
0.0 0.964207 0.647174 0.071585 0.220068
0.0 0.977422 0.555404 0.045156 0.186182
1.0 0.037439 0.958915 0.074878 0.082169
0.0 0.029382 0.897091 0.058765 0.205819
0.0 0.026320 0.951447 0.052640 0.097106
1.0 0.526087 0.975233 0.111776 0.049534
1.0 0.397025 0.958915 0.115682 0.082169
0.0 0.506410 0.897091 0.302225 0.205819
0.0 0.496258 0.951447 0.269671 0.097106
0.0 0.964207 0.897091 0.071585 0.205819
