1.0 0.093663 0.066658 0.004977 0.018489
1.0 0.086894 0.068507 0.004963 0.015583
0.0 0.086662 0.058480 0.005418 0.008969
1.0 0.315409 0.005687 0.032509 0.011375
1.0 0.231337 0.066658 0.004977 0.018489
1.0 0.238106 0.068507 0.004963 0.015583
0.0 0.238338 0.058480 0.005418 0.008969
1.0 0.459591 0.005687 0.032509 0.011375
1.0 0.543663 0.066658 0.004977 0.018489
1.0 0.536894 0.068507 0.004963 0.015583
0.0 0.536662 0.058480 0.005418 0.008969
1.0 0.765409 0.005687 0.032509 0.011375
1.0 0.681337 0.066658 0.004977 0.018489
1.0 0.688106 0.068507 0.004963 0.015583
0.0 0.688338 0.058480 0.005418 0.008969
1.0 0.909591 0.005687 0.032509 0.011375
1.0 0.993663 0.066658 0.004977 0.018489
1.0 0.986894 0.068507 0.004963 0.015583
0.0 0.986662 0.058480 0.005418 0.008969
1.0 0.106248 0.639888 0.073964 0.253558
1.0 0.009681 0.634305 0.019361 0.264723
1.0 0.082160 0.520035 0.034925 0.123130
1.0 0.012923 0.510233 0.025845 0.109882
1.0 0.093663 0.400009 0.004977 0.018489
1.0 0.086894 0.398160 0.004963 0.015583
0.0 0.086662 0.408187 0.005418 0.008969
1.0 0.218752 0.639888 0.073964 0.253558
1.0 0.345091 0.634305 0.078906 0.264723
1.0 0.242840 0.520035 0.034925 0.123130
1.0 0.315409 0.510233 0.032509 0.109882
1.0 0.231337 0.400009 0.004977 0.018489
1.0 0.238106 0.398160 0.004963 0.015583
0.0 0.238338 0.408187 0.005418 0.008969
1.0 0.556248 0.639888 0.073964 0.253558
1.0 0.429909 0.634305 0.078906 0.264723
1.0 0.532160 0.520035 0.034925 0.123130
1.0 0.459591 0.510233 0.032509 0.109882
1.0 0.543663 0.400009 0.004977 0.018489
1.0 0.536894 0.398160 0.004963 0.015583
0.0 0.536662 0.408187 0.005418 0.008969
1.0 0.668752 0.639888 0.073964 0.253558
1.0 0.795091 0.634305 0.078906 0.264723
1.0 0.692840 0.520035 0.034925 0.123130
1.0 0.765409 0.510233 0.032509 0.109882
1.0 0.681337 0.400009 0.004977 0.018489
1.0 0.688106 0.398160 0.004963 0.015583
0.0 0.688338 0.408187 0.005418 0.008969
1.0 0.984633 0.639888 0.030734 0.253558
1.0 0.879909 0.634305 0.078906 0.264723
1.0 0.982160 0.520035 0.034925 0.123130
1.0 0.909591 0.510233 0.032509 0.109882
1.0 0.993663 0.400009 0.004977 0.018489
1.0 0.986894 0.398160 0.004963 0.015583
0.0 0.986662 0.408187 0.005418 0.008969
1.0 0.106248 0.883333 0.073964 0.233333
1.0 0.009681 0.883333 0.019361 0.233333
1.0 0.082160 0.975867 0.034925 0.048266
1.0 0.012923 0.984080 0.025845 0.031840
1.0 0.218752 0.883333 0.073964 0.233333
1.0 0.345091 0.883333 0.078906 0.233333
1.0 0.242840 0.975867 0.034925 0.048266
1.0 0.315409 0.984080 0.032509 0.031840
1.0 0.556248 0.883333 0.073964 0.233333
1.0 0.429909 0.883333 0.078906 0.233333
1.0 0.532160 0.975867 0.034925 0.048266
1.0 0.459591 0.984080 0.032509 0.031840
1.0 0.668752 0.883333 0.073964 0.233333
1.0 0.795091 0.883333 0.078906 0.233333
1.0 0.692840 0.975867 0.034925 0.048266
1.0 0.765409 0.984080 0.032509 0.031840
1.0 0.984633 0.883333 0.030734 0.233333
1.0 0.879909 0.883333 0.078906 0.233333
1.0 0.982160 0.975867 0.034925 0.048266
1.0 0.909591 0.984080 0.032509 0.031840
