1.0 0.037903 0.065288 0.075806 0.098530
1.0 0.140408 0.116295 0.062933 0.089298
1.0 0.082389 0.087518 0.062154 0.089116
1.0 0.010709 0.058236 0.021418 0.074023
0.0 0.103346 0.062468 0.028002 0.022251
1.0 0.466959 0.023028 0.143429 0.046056
1.0 0.372556 0.043511 0.061399 0.086790
1.0 0.305947 0.065288 0.076005 0.098530
1.0 0.203342 0.116295 0.062933 0.089298
1.0 0.261361 0.087518 0.062154 0.089116
1.0 0.420048 0.035760 0.085756 0.071520
1.0 0.495090 0.017418 0.065425 0.034835
1.0 0.437120 0.040977 0.046805 0.040446
1.0 0.343079 0.058236 0.041494 0.074023
0.0 0.240404 0.062468 0.028002 0.022251
1.0 0.037903 0.277768 0.075806 0.098530
1.0 0.140408 0.226760 0.062933 0.089298
1.0 0.082389 0.255538 0.062154 0.089116
1.0 0.010709 0.284820 0.021418 0.074023
0.0 0.103346 0.280588 0.028002 0.022251
1.0 0.466959 0.402782 0.143429 0.211564
1.0 0.586440 0.472073 0.168839 0.246302
1.0 0.696962 0.489817 0.120898 0.192694
1.0 0.372556 0.299544 0.061399 0.086790
1.0 0.305947 0.277768 0.076005 0.098530
1.0 0.203342 0.226760 0.062933 0.089298
1.0 0.261361 0.255538 0.062154 0.089116
1.0 0.420048 0.331842 0.085756 0.120613
1.0 0.495090 0.335342 0.065425 0.054244
1.0 0.437120 0.302078 0.046805 0.040446
1.0 0.816554 0.482488 0.023142 0.049223
1.0 0.343079 0.284820 0.041494 0.074023
0.0 0.539084 0.557262 0.089792 0.080437
0.0 0.721666 0.559533 0.071058 0.052218
0.0 0.240404 0.280588 0.028002 0.022251
1.0 0.949419 0.489817 0.101161 0.192694
1.0 0.839696 0.482488 0.023142 0.049223
0.0 0.934584 0.559533 0.071058 0.052218
