1.0 0.038940 0.099271 0.077880 0.198542
0.0 0.044754 0.067613 0.089508 0.115746
1.0 0.251744 0.093537 0.101009 0.187073
1.0 0.159469 0.099271 0.101259 0.198542
0.0 0.175002 0.067613 0.155584 0.115746
1.0 0.477162 0.093537 0.101009 0.187073
1.0 0.569438 0.099271 0.101259 0.198542
0.0 0.553904 0.067613 0.155584 0.115746
1.0 0.793932 0.093537 0.101009 0.187073
1.0 0.701656 0.099271 0.101259 0.198542
0.0 0.717190 0.067613 0.155584 0.115746
1.0 0.984423 0.093537 0.031155 0.187073
1.0 0.038940 0.531277 0.077880 0.267972
0.0 0.013667 0.653850 0.027334 0.095078
0.0 0.044754 0.528221 0.089508 0.115746
1.0 0.251744 0.527985 0.101009 0.238450
1.0 0.159469 0.531277 0.101259 0.267972
0.0 0.233519 0.653850 0.148269 0.095078
0.0 0.175002 0.528221 0.155584 0.115746
1.0 0.477162 0.527985 0.101009 0.238450
1.0 0.569438 0.531277 0.101259 0.267972
0.0 0.495387 0.653850 0.148269 0.095078
0.0 0.553904 0.528221 0.155584 0.115746
1.0 0.793932 0.527985 0.101009 0.238450
1.0 0.701656 0.531277 0.101259 0.267972
0.0 0.775706 0.653850 0.148269 0.095078
0.0 0.717190 0.528221 0.155584 0.115746
1.0 0.984423 0.527985 0.031155 0.238450
0.0 0.981720 0.653850 0.036559 0.095078
1.0 0.038940 0.868757 0.077880 0.262485
0.0 0.013667 0.748928 0.027334 0.095078
0.0 0.044754 0.874557 0.089508 0.115746
1.0 0.251744 0.874793 0.101009 0.238450
1.0 0.159469 0.868757 0.101259 0.262485
0.0 0.233519 0.748928 0.148269 0.095078
0.0 0.175002 0.874557 0.155584 0.115746
1.0 0.477162 0.874793 0.101009 0.238450
1.0 0.569438 0.868757 0.101259 0.262485
0.0 0.495387 0.748928 0.148269 0.095078
0.0 0.553904 0.874557 0.155584 0.115746
1.0 0.793932 0.874793 0.101009 0.238450
1.0 0.701656 0.868757 0.101259 0.262485
0.0 0.775706 0.748928 0.148269 0.095078
0.0 0.717190 0.874557 0.155584 0.115746
1.0 0.984423 0.874793 0.031155 0.238450
0.0 0.981720 0.748928 0.036559 0.095078
