1.0 0.616667 0.287500 0.116667 0.380000
1.0 0.174167 0.422500 0.051667 0.115000
1.0 0.550833 0.421250 0.018333 0.117500
1.0 0.781667 0.425000 0.053333 0.115000
1.0 0.419167 0.271250 0.115000 0.417500
1.0 0.859167 0.425000 0.061667 0.115000
1.0 0.259167 0.423750 0.051667 0.112500
1.0 0.274167 0.425000 0.025000 0.105000
1.0 0.762500 0.425000 0.021667 0.105000
1.0 0.195833 0.421250 0.031667 0.102500
1.0 0.675000 0.422500 0.026667 0.040000
1.0 0.841667 0.424300 0.026667 0.103600
1.0 0.485000 0.422500 0.016667 0.115000
1.0 0.908333 0.427775 0.046300 0.061100
0.0 0.624067 0.097225 0.125933 0.086100
0.0 0.412967 0.100000 0.116667 0.083325
0.0 0.872683 0.371525 0.041667 0.020825
0.0 0.160650 0.369450 0.045367 0.025000
