1.0 0.063086 0.631065 0.126172 0.240828
1.0 0.027930 0.380769 0.055859 0.127219
0.0 0.203027 0.698964 0.125977 0.140532
0.0 0.096094 0.420858 0.029297 0.060651
1.0 0.514844 0.631065 0.171094 0.240828
1.0 0.531055 0.380769 0.062891 0.127219
0.0 0.352441 0.698964 0.125977 0.140532
0.0 0.670215 0.697485 0.103320 0.137574
0.0 0.459375 0.420858 0.029297 0.060651
1.0 0.921680 0.631065 0.156641 0.240828
1.0 0.912695 0.380769 0.062891 0.127219
0.0 0.773535 0.697485 0.103320 0.137574
0.0 0.984375 0.420858 0.029297 0.060651
