1.0 0.089271 0.658255 0.178542 0.226631
1.0 0.045550 0.478582 0.072324 0.111804
0.0 0.228806 0.661501 0.097856 0.139773
0.0 0.117819 0.487468 0.033826 0.053104
1.0 0.470206 0.658255 0.186559 0.226631
1.0 0.509918 0.478582 0.072324 0.111804
0.0 0.326662 0.661501 0.097856 0.139773
0.0 0.612003 0.751909 0.111899 0.131071
0.0 0.437649 0.487468 0.033826 0.053104
0.0 0.688250 0.781658 0.067249 0.131071
1.0 0.940132 0.658255 0.119736 0.226631
1.0 0.933832 0.478582 0.072324 0.111804
0.0 0.831747 0.751909 0.111899 0.131071
0.0 0.994594 0.487468 0.010812 0.053104
0.0 0.755500 0.781658 0.067249 0.131071
