1.0 0.047160 0.115128 0.011558 0.045540
1.0 0.069747 0.111485 0.011851 0.043533
1.0 0.044097 0.102109 0.010647 0.040674
1.0 0.064975 0.092148 0.009779 0.026973
0.0 0.046084 0.135381 0.007487 0.008191
0.0 0.104062 0.201127 0.007633 0.008364
0.0 0.026435 0.149417 0.008393 0.009132
0.0 0.104337 0.206395 0.007633 0.003876
1.0 0.191121 0.115128 0.011558 0.045540
1.0 0.168535 0.111485 0.011851 0.043533
1.0 0.194184 0.102109 0.010647 0.040674
1.0 0.173306 0.092148 0.009779 0.026973
0.0 0.192197 0.135381 0.007487 0.008191
0.0 0.134219 0.201127 0.007633 0.008364
0.0 0.211846 0.149417 0.008393 0.009132
0.0 0.133944 0.206395 0.007633 0.003876
1.0 0.351848 0.115128 0.011558 0.045540
1.0 0.374434 0.111485 0.011851 0.043533
1.0 0.348785 0.102109 0.010647 0.040674
1.0 0.369662 0.092148 0.009779 0.026973
0.0 0.350772 0.135381 0.007487 0.008191
0.0 0.408749 0.201127 0.007633 0.008364
0.0 0.331122 0.149417 0.008393 0.009132
0.0 0.409025 0.206395 0.007633 0.003876
1.0 0.495809 0.115128 0.011558 0.045540
1.0 0.473222 0.111485 0.011851 0.043533
1.0 0.498871 0.102109 0.010647 0.040674
1.0 0.477994 0.092148 0.009779 0.026973
0.0 0.496884 0.135381 0.007487 0.008191
0.0 0.438907 0.201127 0.007633 0.008364
0.0 0.516534 0.149417 0.008393 0.009132
0.0 0.438632 0.206395 0.007633 0.003876
1.0 0.656535 0.115128 0.011558 0.045540
1.0 0.679122 0.111485 0.011851 0.043533
1.0 0.653472 0.102109 0.010647 0.040674
1.0 0.674350 0.092148 0.009779 0.026973
0.0 0.655459 0.135381 0.007487 0.008191
0.0 0.713437 0.201127 0.007633 0.008364
0.0 0.635810 0.149417 0.008393 0.009132
0.0 0.713712 0.206395 0.007633 0.003876
1.0 0.800496 0.115128 0.011558 0.045540
1.0 0.777910 0.111485 0.011851 0.043533
1.0 0.803559 0.102109 0.010647 0.040674
1.0 0.782681 0.092148 0.009779 0.026973
0.0 0.801572 0.135381 0.007487 0.008191
0.0 0.743594 0.201127 0.007633 0.008364
0.0 0.821221 0.149417 0.008393 0.009132
0.0 0.743319 0.206395 0.007633 0.003876
1.0 0.961223 0.115128 0.011558 0.045540
1.0 0.983809 0.111485 0.011851 0.043533
1.0 0.958160 0.102109 0.010647 0.040674
1.0 0.979037 0.092148 0.009779 0.026973
0.0 0.960147 0.135381 0.007487 0.008191
0.0 0.940497 0.149417 0.008393 0.009132
1.0 0.047160 0.301539 0.011558 0.045540
1.0 0.069747 0.305182 0.011851 0.043533
1.0 0.044097 0.314558 0.010647 0.040674
1.0 0.064975 0.324518 0.009779 0.026973
0.0 0.046084 0.281285 0.007487 0.008191
0.0 0.104062 0.215540 0.007633 0.008364
0.0 0.026435 0.267249 0.008393 0.009132
0.0 0.104337 0.210272 0.007633 0.003876
1.0 0.191121 0.301539 0.011558 0.045540
1.0 0.168535 0.305182 0.011851 0.043533
1.0 0.194184 0.314558 0.010647 0.040674
1.0 0.173306 0.324518 0.009779 0.026973
0.0 0.192197 0.281285 0.007487 0.008191
0.0 0.134219 0.215540 0.007633 0.008364
0.0 0.211846 0.267249 0.008393 0.009132
0.0 0.133944 0.210272 0.007633 0.003876
1.0 0.351848 0.301539 0.011558 0.045540
1.0 0.374434 0.305182 0.011851 0.043533
1.0 0.348785 0.314558 0.010647 0.040674
1.0 0.369662 0.324518 0.009779 0.026973
0.0 0.350772 0.281285 0.007487 0.008191
0.0 0.408749 0.215540 0.007633 0.008364
0.0 0.331122 0.267249 0.008393 0.009132
0.0 0.409025 0.210272 0.007633 0.003876
1.0 0.495809 0.301539 0.011558 0.045540
1.0 0.473222 0.305182 0.011851 0.043533
1.0 0.498871 0.314558 0.010647 0.040674
1.0 0.477994 0.324518 0.009779 0.026973
0.0 0.496884 0.281285 0.007487 0.008191
0.0 0.438907 0.215540 0.007633 0.008364
0.0 0.516534 0.267249 0.008393 0.009132
0.0 0.438632 0.210272 0.007633 0.003876
1.0 0.656535 0.301539 0.011558 0.045540
1.0 0.679122 0.305182 0.011851 0.043533
1.0 0.653472 0.314558 0.010647 0.040674
1.0 0.674350 0.324518 0.009779 0.026973
0.0 0.655459 0.281285 0.007487 0.008191
0.0 0.713437 0.215540 0.007633 0.008364
0.0 0.635810 0.267249 0.008393 0.009132
0.0 0.713712 0.210272 0.007633 0.003876
1.0 0.800496 0.301539 0.011558 0.045540
1.0 0.777910 0.305182 0.011851 0.043533
1.0 0.803559 0.314558 0.010647 0.040674
1.0 0.782681 0.324518 0.009779 0.026973
0.0 0.801572 0.281285 0.007487 0.008191
0.0 0.743594 0.215540 0.007633 0.008364
0.0 0.821221 0.267249 0.008393 0.009132
0.0 0.743319 0.210272 0.007633 0.003876
1.0 0.961223 0.301539 0.011558 0.045540
1.0 0.983809 0.305182 0.011851 0.043533
1.0 0.958160 0.314558 0.010647 0.040674
1.0 0.979037 0.324518 0.009779 0.026973
0.0 0.960147 0.281285 0.007487 0.008191
0.0 0.940497 0.267249 0.008393 0.009132
1.0 0.047160 0.504017 0.011558 0.045540
1.0 0.069747 0.500374 0.011851 0.043533
1.0 0.044097 0.490998 0.010647 0.040674
1.0 0.064975 0.481037 0.009779 0.026973
0.0 0.046084 0.524270 0.007487 0.008191
0.0 0.104062 0.590016 0.007633 0.008364
0.0 0.026435 0.538306 0.008393 0.009132
0.0 0.104337 0.595284 0.007633 0.003876
1.0 0.191121 0.504017 0.011558 0.045540
1.0 0.168535 0.500374 0.011851 0.043533
1.0 0.194184 0.490998 0.010647 0.040674
1.0 0.173306 0.481037 0.009779 0.026973
0.0 0.192197 0.524270 0.007487 0.008191
0.0 0.134219 0.590016 0.007633 0.008364
0.0 0.211846 0.538306 0.008393 0.009132
0.0 0.133944 0.595284 0.007633 0.003876
1.0 0.351848 0.504017 0.011558 0.045540
1.0 0.374434 0.500374 0.011851 0.043533
1.0 0.348785 0.490998 0.010647 0.040674
1.0 0.369662 0.481037 0.009779 0.026973
0.0 0.350772 0.524270 0.007487 0.008191
0.0 0.408749 0.590016 0.007633 0.008364
0.0 0.331122 0.538306 0.008393 0.009132
0.0 0.409025 0.595284 0.007633 0.003876
1.0 0.495809 0.504017 0.011558 0.045540
1.0 0.473222 0.500374 0.011851 0.043533
1.0 0.498871 0.490998 0.010647 0.040674
1.0 0.477994 0.481037 0.009779 0.026973
0.0 0.496884 0.524270 0.007487 0.008191
0.0 0.438907 0.590016 0.007633 0.008364
0.0 0.516534 0.538306 0.008393 0.009132
0.0 0.438632 0.595284 0.007633 0.003876
1.0 0.656535 0.504017 0.011558 0.045540
1.0 0.679122 0.500374 0.011851 0.043533
1.0 0.653472 0.490998 0.010647 0.040674
1.0 0.674350 0.481037 0.009779 0.026973
0.0 0.655459 0.524270 0.007487 0.008191
0.0 0.713437 0.590016 0.007633 0.008364
0.0 0.635810 0.538306 0.008393 0.009132
0.0 0.713712 0.595284 0.007633 0.003876
1.0 0.800496 0.504017 0.011558 0.045540
1.0 0.777910 0.500374 0.011851 0.043533
1.0 0.803559 0.490998 0.010647 0.040674
1.0 0.782681 0.481037 0.009779 0.026973
0.0 0.801572 0.524270 0.007487 0.008191
0.0 0.743594 0.590016 0.007633 0.008364
0.0 0.821221 0.538306 0.008393 0.009132
0.0 0.743319 0.595284 0.007633 0.003876
1.0 0.961223 0.504017 0.011558 0.045540
1.0 0.983809 0.500374 0.011851 0.043533
1.0 0.958160 0.490998 0.010647 0.040674
1.0 0.979037 0.481037 0.009779 0.026973
0.0 0.960147 0.524270 0.007487 0.008191
0.0 0.940497 0.538306 0.008393 0.009132
1.0 0.047160 0.690428 0.011558 0.045540
1.0 0.069747 0.694071 0.011851 0.043533
1.0 0.044097 0.703447 0.010647 0.040674
1.0 0.064975 0.713407 0.009779 0.026973
0.0 0.046084 0.670174 0.007487 0.008191
0.0 0.104062 0.604429 0.007633 0.008364
0.0 0.026435 0.656138 0.008393 0.009132
0.0 0.104337 0.599160 0.007633 0.003876
1.0 0.191121 0.690428 0.011558 0.045540
1.0 0.168535 0.694071 0.011851 0.043533
1.0 0.194184 0.703447 0.010647 0.040674
1.0 0.173306 0.713407 0.009779 0.026973
0.0 0.192197 0.670174 0.007487 0.008191
0.0 0.134219 0.604429 0.007633 0.008364
0.0 0.211846 0.656138 0.008393 0.009132
0.0 0.133944 0.599160 0.007633 0.003876
1.0 0.351848 0.690428 0.011558 0.045540
1.0 0.374434 0.694071 0.011851 0.043533
1.0 0.348785 0.703447 0.010647 0.040674
1.0 0.369662 0.713407 0.009779 0.026973
0.0 0.350772 0.670174 0.007487 0.008191
0.0 0.408749 0.604429 0.007633 0.008364
0.0 0.331122 0.656138 0.008393 0.009132
0.0 0.409025 0.599160 0.007633 0.003876
1.0 0.495809 0.690428 0.011558 0.045540
1.0 0.473222 0.694071 0.011851 0.043533
1.0 0.498871 0.703447 0.010647 0.040674
1.0 0.477994 0.713407 0.009779 0.026973
0.0 0.496884 0.670174 0.007487 0.008191
0.0 0.438907 0.604429 0.007633 0.008364
0.0 0.516534 0.656138 0.008393 0.009132
0.0 0.438632 0.599160 0.007633 0.003876
1.0 0.656535 0.690428 0.011558 0.045540
1.0 0.679122 0.694071 0.011851 0.043533
1.0 0.653472 0.703447 0.010647 0.040674
1.0 0.674350 0.713407 0.009779 0.026973
0.0 0.655459 0.670174 0.007487 0.008191
0.0 0.713437 0.604429 0.007633 0.008364
0.0 0.635810 0.656138 0.008393 0.009132
0.0 0.713712 0.599160 0.007633 0.003876
1.0 0.800496 0.690428 0.011558 0.045540
1.0 0.777910 0.694071 0.011851 0.043533
1.0 0.803559 0.703447 0.010647 0.040674
1.0 0.782681 0.713407 0.009779 0.026973
0.0 0.801572 0.670174 0.007487 0.008191
0.0 0.743594 0.604429 0.007633 0.008364
0.0 0.821221 0.656138 0.008393 0.009132
0.0 0.743319 0.599160 0.007633 0.003876
1.0 0.961223 0.690428 0.011558 0.045540
1.0 0.983809 0.694071 0.011851 0.043533
1.0 0.958160 0.703447 0.010647 0.040674
1.0 0.979037 0.713407 0.009779 0.026973
0.0 0.960147 0.670174 0.007487 0.008191
0.0 0.940497 0.656138 0.008393 0.009132
1.0 0.047160 0.892906 0.011558 0.045540
1.0 0.069747 0.889263 0.011851 0.043533
1.0 0.044097 0.879887 0.010647 0.040674
1.0 0.064975 0.869926 0.009779 0.026973
0.0 0.046084 0.913159 0.007487 0.008191
0.0 0.104062 0.978904 0.007633 0.008364
0.0 0.026435 0.927195 0.008393 0.009132
0.0 0.104337 0.984173 0.007633 0.003876
1.0 0.191121 0.892906 0.011558 0.045540
1.0 0.168535 0.889263 0.011851 0.043533
1.0 0.194184 0.879887 0.010647 0.040674
1.0 0.173306 0.869926 0.009779 0.026973
0.0 0.192197 0.913159 0.007487 0.008191
0.0 0.134219 0.978904 0.007633 0.008364
0.0 0.211846 0.927195 0.008393 0.009132
0.0 0.133944 0.984173 0.007633 0.003876
1.0 0.351848 0.892906 0.011558 0.045540
1.0 0.374434 0.889263 0.011851 0.043533
1.0 0.348785 0.879887 0.010647 0.040674
1.0 0.369662 0.869926 0.009779 0.026973
0.0 0.350772 0.913159 0.007487 0.008191
0.0 0.408749 0.978904 0.007633 0.008364
0.0 0.331122 0.927195 0.008393 0.009132
0.0 0.409025 0.984173 0.007633 0.003876
1.0 0.495809 0.892906 0.011558 0.045540
1.0 0.473222 0.889263 0.011851 0.043533
1.0 0.498871 0.879887 0.010647 0.040674
1.0 0.477994 0.869926 0.009779 0.026973
0.0 0.496884 0.913159 0.007487 0.008191
0.0 0.438907 0.978904 0.007633 0.008364
0.0 0.516534 0.927195 0.008393 0.009132
0.0 0.438632 0.984173 0.007633 0.003876
1.0 0.656535 0.892906 0.011558 0.045540
1.0 0.679122 0.889263 0.011851 0.043533
1.0 0.653472 0.879887 0.010647 0.040674
1.0 0.674350 0.869926 0.009779 0.026973
0.0 0.655459 0.913159 0.007487 0.008191
0.0 0.713437 0.978904 0.007633 0.008364
0.0 0.635810 0.927195 0.008393 0.009132
0.0 0.713712 0.984173 0.007633 0.003876
1.0 0.800496 0.892906 0.011558 0.045540
1.0 0.777910 0.889263 0.011851 0.043533
1.0 0.803559 0.879887 0.010647 0.040674
1.0 0.782681 0.869926 0.009779 0.026973
0.0 0.801572 0.913159 0.007487 0.008191
0.0 0.743594 0.978904 0.007633 0.008364
0.0 0.821221 0.927195 0.008393 0.009132
0.0 0.743319 0.984173 0.007633 0.003876
1.0 0.961223 0.892906 0.011558 0.045540
1.0 0.983809 0.889263 0.011851 0.043533
1.0 0.958160 0.879887 0.010647 0.040674
1.0 0.979037 0.869926 0.009779 0.026973
0.0 0.960147 0.913159 0.007487 0.008191
0.0 0.940497 0.927195 0.008393 0.009132
0.0 0.104062 0.993318 0.007633 0.008364
0.0 0.104337 0.988049 0.007633 0.003876
0.0 0.134219 0.993318 0.007633 0.008364
0.0 0.133944 0.988049 0.007633 0.003876
0.0 0.408749 0.993318 0.007633 0.008364
0.0 0.409025 0.988049 0.007633 0.003876
0.0 0.438907 0.993318 0.007633 0.008364
0.0 0.438632 0.988049 0.007633 0.003876
0.0 0.713437 0.993318 0.007633 0.008364
0.0 0.713712 0.988049 0.007633 0.003876
0.0 0.743594 0.993318 0.007633 0.008364
0.0 0.743319 0.988049 0.007633 0.003876
