0.0 0.031138 0.492838 0.052067 0.084502
0.0 0.018120 0.457007 0.036240 0.061768
0.0 0.082565 0.521012 0.049009 0.074852
0.0 0.070753 0.480073 0.021814 0.043187
0.0 0.025232 0.592591 0.050463 0.068641
1.0 0.036694 0.576285 0.029398 0.043685
1.0 0.658434 0.567013 0.030559 0.050325
0.0 0.663743 0.478551 0.051598 0.085237
0.0 0.461050 0.492838 0.052067 0.084502
0.0 0.614647 0.498181 0.055559 0.087285
0.0 0.676731 0.434956 0.048299 0.061525
0.0 0.614867 0.467146 0.038331 0.058573
0.0 0.479032 0.457007 0.046168 0.061768
0.0 0.409623 0.521012 0.049009 0.074852
0.0 0.421435 0.480073 0.021814 0.043187
0.0 0.543039 0.566068 0.061277 0.079360
0.0 0.467553 0.592591 0.051658 0.068641
1.0 0.455494 0.576285 0.029398 0.043685
0.0 0.529331 0.622632 0.065067 0.106016
1.0 0.849379 0.567013 0.030559 0.050325
0.0 0.844070 0.478551 0.051598 0.085237
0.0 0.893165 0.498181 0.055559 0.087285
0.0 0.831081 0.434956 0.048299 0.061525
0.0 0.892946 0.467146 0.038331 0.058573
0.0 0.964774 0.566068 0.061277 0.079360
0.0 0.972974 0.622632 0.054052 0.106016
0.0 0.529331 0.994124 0.065067 0.011751
