1.0 0.048627 0.437821 0.097255 0.377001
1.0 0.152517 0.313491 0.044794 0.086549
0.0 0.069167 0.578014 0.072056 0.066903
1.0 0.617991 0.466011 0.125854 0.389343
1.0 0.500549 0.511589 0.152981 0.451189
1.0 0.398218 0.453337 0.114244 0.368312
1.0 0.718343 0.323707 0.054409 0.160469
1.0 0.780257 0.335588 0.068311 0.175679
1.0 0.883323 0.320936 0.069274 0.152629
1.0 0.956161 0.332137 0.079213 0.162387
1.0 0.822740 0.326493 0.055939 0.164483
1.0 0.671250 0.352446 0.075446 0.222154
1.0 0.603318 0.292116 0.060833 0.077426
1.0 0.980527 0.323051 0.038946 0.146118
1.0 0.660619 0.270249 0.043123 0.059485
1.0 0.277579 0.319733 0.043191 0.085863
1.0 0.746619 0.317632 0.036197 0.146314
0.0 0.533531 0.739354 0.081045 0.113888
0.0 0.369274 0.588174 0.067847 0.065678
0.0 0.835741 0.401478 0.025584 0.029863
0.0 0.990475 0.396445 0.019049 0.029184
