1.0 0.058806 0.271998 0.117612 0.238938
1.0 0.008899 0.235742 0.017799 0.059120
1.0 0.582357 0.397880 0.153420 0.296099
1.0 0.699645 0.423275 0.180168 0.308534
1.0 0.163119 0.288671 0.121843 0.238938
1.0 0.830756 0.363772 0.066065 0.106534
1.0 0.950666 0.402216 0.056591 0.044591
1.0 0.452926 0.305986 0.027712 0.026326
1.0 0.344175 0.297375 0.031587 0.032430
1.0 0.219133 0.269361 0.026535 0.059120
1.0 0.305888 0.289973 0.031394 0.029651
1.0 0.511471 0.313754 0.030035 0.034935
1.0 0.794015 0.346782 0.020541 0.022455
1.0 0.888627 0.381263 0.034113 0.019085
1.0 0.847535 0.388869 0.029061 0.045775
0.0 0.752729 0.560641 0.114359 0.054136
0.0 0.646121 0.560539 0.128806 0.058900
