1.0 0.567921 0.014293 0.116839 0.028585
1.0 0.813176 0.041667 0.076772 0.083333
1.0 0.889949 0.041667 0.076772 0.083333
0.0 0.121425 0.660176 0.054025 0.123812
0.0 0.175450 0.660176 0.054025 0.123812
1.0 0.622427 0.324613 0.203269 0.394434
1.0 0.416050 0.402052 0.213101 0.420538
1.0 0.417880 0.231218 0.082548 0.081848
1.0 0.567921 0.229789 0.116839 0.183416
0.0 0.371706 0.573253 0.055092 0.123812
0.0 0.701619 0.441015 0.054309 0.112069
1.0 0.813176 0.246486 0.076772 0.326305
0.0 0.830747 0.381179 0.041630 0.112069
1.0 0.989532 0.324613 0.020937 0.394434
0.0 0.987176 0.441015 0.025648 0.112069
1.0 0.889949 0.246486 0.076772 0.326305
0.0 0.872378 0.381179 0.041630 0.112069
