1.0 0.135780 0.801897 0.129708 0.256424
1.0 0.094380 0.806026 0.133175 0.260159
1.0 0.481690 0.762674 0.218558 0.273182
1.0 0.804655 0.704003 0.192663 0.246854
1.0 0.562976 0.750065 0.160676 0.262163
1.0 0.882105 0.689002 0.131827 0.227703
1.0 0.249326 0.789022 0.129708 0.256424
1.0 0.472161 0.625233 0.071405 0.057108
1.0 0.960578 0.658618 0.050408 0.080347
1.0 0.290652 0.783771 0.133175 0.260159
0.0 0.618938 0.854537 0.054960 0.051902
0.0 0.897515 0.798072 0.050309 0.042463
0.0 0.628992 0.990051 0.054960 0.019897
0.0 0.910846 0.988870 0.050309 0.022260
