1.0 0.002860 0.087026 0.005720 0.032998
1.0 0.090770 0.087026 0.014856 0.032998
1.0 0.105364 0.092444 0.013841 0.026589
0.0 0.106189 0.075133 0.023352 0.021889
0.0 0.115088 0.086157 0.010995 0.018316
1.0 0.200636 0.087026 0.014856 0.032998
1.0 0.186042 0.092444 0.013841 0.026589
0.0 0.185217 0.075133 0.023352 0.021889
0.0 0.176319 0.086157 0.010995 0.018316
1.0 0.293114 0.087026 0.014856 0.032998
1.0 0.307708 0.092444 0.013841 0.026589
0.0 0.308533 0.075133 0.023352 0.021889
0.0 0.317431 0.086157 0.010995 0.018316
1.0 0.402980 0.087026 0.014856 0.032998
1.0 0.388386 0.092444 0.013841 0.026589
0.0 0.387561 0.075133 0.023352 0.021889
0.0 0.378662 0.086157 0.010995 0.018316
1.0 0.495458 0.087026 0.014856 0.032998
1.0 0.510052 0.092444 0.013841 0.026589
0.0 0.510877 0.075133 0.023352 0.021889
0.0 0.519775 0.086157 0.010995 0.018316
1.0 0.605323 0.087026 0.014856 0.032998
1.0 0.590730 0.092444 0.013841 0.026589
0.0 0.589904 0.075133 0.023352 0.021889
0.0 0.581006 0.086157 0.010995 0.018316
1.0 0.697802 0.087026 0.014856 0.032998
1.0 0.712395 0.092444 0.013841 0.026589
0.0 0.713221 0.075133 0.023352 0.021889
0.0 0.722119 0.086157 0.010995 0.018316
1.0 0.807667 0.087026 0.014856 0.032998
1.0 0.793073 0.092444 0.013841 0.026589
0.0 0.792248 0.075133 0.023352 0.021889
0.0 0.783350 0.086157 0.010995 0.018316
1.0 0.900145 0.087026 0.014856 0.032998
1.0 0.914739 0.092444 0.013841 0.026589
0.0 0.915564 0.075133 0.023352 0.021889
0.0 0.924463 0.086157 0.010995 0.018316
1.0 0.994248 0.092444 0.011503 0.026589
0.0 0.991458 0.075133 0.017084 0.021889
0.0 0.985694 0.086157 0.010995 0.018316
1.0 0.002860 0.239363 0.005720 0.032998
1.0 0.090770 0.239363 0.014856 0.032998
1.0 0.105364 0.233945 0.013841 0.026589
0.0 0.106189 0.251256 0.023352 0.021889
0.0 0.115088 0.240232 0.010995 0.018316
1.0 0.200636 0.239363 0.014856 0.032998
1.0 0.186042 0.233945 0.013841 0.026589
0.0 0.185217 0.251256 0.023352 0.021889
0.0 0.176319 0.240232 0.010995 0.018316
1.0 0.293114 0.239363 0.014856 0.032998
1.0 0.307708 0.233945 0.013841 0.026589
0.0 0.308533 0.251256 0.023352 0.021889
0.0 0.317431 0.240232 0.010995 0.018316
1.0 0.402980 0.239363 0.014856 0.032998
1.0 0.388386 0.233945 0.013841 0.026589
0.0 0.387561 0.251256 0.023352 0.021889
0.0 0.378662 0.240232 0.010995 0.018316
1.0 0.495458 0.239363 0.014856 0.032998
1.0 0.510052 0.233945 0.013841 0.026589
0.0 0.510877 0.251256 0.023352 0.021889
0.0 0.519775 0.240232 0.010995 0.018316
1.0 0.605323 0.239363 0.014856 0.032998
1.0 0.590730 0.233945 0.013841 0.026589
0.0 0.589904 0.251256 0.023352 0.021889
0.0 0.581006 0.240232 0.010995 0.018316
1.0 0.697802 0.239363 0.014856 0.032998
1.0 0.712395 0.233945 0.013841 0.026589
0.0 0.713221 0.251256 0.023352 0.021889
0.0 0.722119 0.240232 0.010995 0.018316
1.0 0.807667 0.239363 0.014856 0.032998
1.0 0.793073 0.233945 0.013841 0.026589
0.0 0.792248 0.251256 0.023352 0.021889
0.0 0.783350 0.240232 0.010995 0.018316
1.0 0.900145 0.239363 0.014856 0.032998
1.0 0.914739 0.233945 0.013841 0.026589
0.0 0.915564 0.251256 0.023352 0.021889
0.0 0.924463 0.240232 0.010995 0.018316
1.0 0.994248 0.233945 0.011503 0.026589
0.0 0.991458 0.251256 0.017084 0.021889
0.0 0.985694 0.240232 0.010995 0.018316
1.0 0.002860 0.356471 0.005720 0.032998
1.0 0.090770 0.356471 0.014856 0.032998
1.0 0.105364 0.361888 0.013841 0.026589
0.0 0.106189 0.344577 0.023352 0.021889
0.0 0.115088 0.355602 0.010995 0.018316
1.0 0.200636 0.356471 0.014856 0.032998
1.0 0.186042 0.361888 0.013841 0.026589
0.0 0.185217 0.344577 0.023352 0.021889
0.0 0.176319 0.355602 0.010995 0.018316
1.0 0.293114 0.356471 0.014856 0.032998
1.0 0.307708 0.361888 0.013841 0.026589
0.0 0.308533 0.344577 0.023352 0.021889
0.0 0.317431 0.355602 0.010995 0.018316
1.0 0.402980 0.356471 0.014856 0.032998
1.0 0.388386 0.361888 0.013841 0.026589
0.0 0.387561 0.344577 0.023352 0.021889
0.0 0.378662 0.355602 0.010995 0.018316
1.0 0.495458 0.356471 0.014856 0.032998
1.0 0.510052 0.361888 0.013841 0.026589
0.0 0.510877 0.344577 0.023352 0.021889
0.0 0.519775 0.355602 0.010995 0.018316
1.0 0.605323 0.356471 0.014856 0.032998
1.0 0.590730 0.361888 0.013841 0.026589
0.0 0.589904 0.344577 0.023352 0.021889
0.0 0.581006 0.355602 0.010995 0.018316
1.0 0.697802 0.356471 0.014856 0.032998
1.0 0.712395 0.361888 0.013841 0.026589
0.0 0.713221 0.344577 0.023352 0.021889
0.0 0.722119 0.355602 0.010995 0.018316
1.0 0.807667 0.356471 0.014856 0.032998
1.0 0.793073 0.361888 0.013841 0.026589
0.0 0.792248 0.344577 0.023352 0.021889
0.0 0.783350 0.355602 0.010995 0.018316
1.0 0.900145 0.356471 0.014856 0.032998
1.0 0.914739 0.361888 0.013841 0.026589
0.0 0.915564 0.344577 0.023352 0.021889
0.0 0.924463 0.355602 0.010995 0.018316
1.0 0.994248 0.361888 0.011503 0.026589
0.0 0.991458 0.344577 0.017084 0.021889
0.0 0.985694 0.355602 0.010995 0.018316
1.0 0.002860 0.508807 0.005720 0.032998
1.0 0.090770 0.508807 0.014856 0.032998
1.0 0.105364 0.503390 0.013841 0.026589
0.0 0.106189 0.520701 0.023352 0.021889
0.0 0.115088 0.509676 0.010995 0.018316
1.0 0.200636 0.508807 0.014856 0.032998
1.0 0.186042 0.503390 0.013841 0.026589
0.0 0.185217 0.520701 0.023352 0.021889
0.0 0.176319 0.509676 0.010995 0.018316
1.0 0.293114 0.508807 0.014856 0.032998
1.0 0.307708 0.503390 0.013841 0.026589
0.0 0.308533 0.520701 0.023352 0.021889
0.0 0.317431 0.509676 0.010995 0.018316
1.0 0.402980 0.508807 0.014856 0.032998
1.0 0.388386 0.503390 0.013841 0.026589
0.0 0.387561 0.520701 0.023352 0.021889
0.0 0.378662 0.509676 0.010995 0.018316
1.0 0.495458 0.508807 0.014856 0.032998
1.0 0.510052 0.503390 0.013841 0.026589
0.0 0.510877 0.520701 0.023352 0.021889
0.0 0.519775 0.509676 0.010995 0.018316
1.0 0.605323 0.508807 0.014856 0.032998
1.0 0.590730 0.503390 0.013841 0.026589
0.0 0.589904 0.520701 0.023352 0.021889
0.0 0.581006 0.509676 0.010995 0.018316
1.0 0.697802 0.508807 0.014856 0.032998
1.0 0.712395 0.503390 0.013841 0.026589
0.0 0.713221 0.520701 0.023352 0.021889
0.0 0.722119 0.509676 0.010995 0.018316
1.0 0.807667 0.508807 0.014856 0.032998
1.0 0.793073 0.503390 0.013841 0.026589
0.0 0.792248 0.520701 0.023352 0.021889
0.0 0.783350 0.509676 0.010995 0.018316
1.0 0.900145 0.508807 0.014856 0.032998
1.0 0.914739 0.503390 0.013841 0.026589
0.0 0.915564 0.520701 0.023352 0.021889
0.0 0.924463 0.509676 0.010995 0.018316
1.0 0.994248 0.503390 0.011503 0.026589
0.0 0.991458 0.520701 0.017084 0.021889
0.0 0.985694 0.509676 0.010995 0.018316
1.0 0.002860 0.625915 0.005720 0.032998
1.0 0.090770 0.625915 0.014856 0.032998
1.0 0.105364 0.631332 0.013841 0.026589
0.0 0.106189 0.614022 0.023352 0.021889
0.0 0.115088 0.625046 0.010995 0.018316
1.0 0.200636 0.625915 0.014856 0.032998
1.0 0.186042 0.631332 0.013841 0.026589
0.0 0.185217 0.614022 0.023352 0.021889
0.0 0.176319 0.625046 0.010995 0.018316
1.0 0.293114 0.625915 0.014856 0.032998
1.0 0.307708 0.631332 0.013841 0.026589
0.0 0.308533 0.614022 0.023352 0.021889
0.0 0.317431 0.625046 0.010995 0.018316
1.0 0.402980 0.625915 0.014856 0.032998
1.0 0.388386 0.631332 0.013841 0.026589
0.0 0.387561 0.614022 0.023352 0.021889
0.0 0.378662 0.625046 0.010995 0.018316
1.0 0.495458 0.625915 0.014856 0.032998
1.0 0.510052 0.631332 0.013841 0.026589
0.0 0.510877 0.614022 0.023352 0.021889
0.0 0.519775 0.625046 0.010995 0.018316
1.0 0.605323 0.625915 0.014856 0.032998
1.0 0.590730 0.631332 0.013841 0.026589
0.0 0.589904 0.614022 0.023352 0.021889
0.0 0.581006 0.625046 0.010995 0.018316
1.0 0.697802 0.625915 0.014856 0.032998
1.0 0.712395 0.631332 0.013841 0.026589
0.0 0.713221 0.614022 0.023352 0.021889
0.0 0.722119 0.625046 0.010995 0.018316
1.0 0.807667 0.625915 0.014856 0.032998
1.0 0.793073 0.631332 0.013841 0.026589
0.0 0.792248 0.614022 0.023352 0.021889
0.0 0.783350 0.625046 0.010995 0.018316
1.0 0.900145 0.625915 0.014856 0.032998
1.0 0.914739 0.631332 0.013841 0.026589
0.0 0.915564 0.614022 0.023352 0.021889
0.0 0.924463 0.625046 0.010995 0.018316
1.0 0.994248 0.631332 0.011503 0.026589
0.0 0.991458 0.614022 0.017084 0.021889
0.0 0.985694 0.625046 0.010995 0.018316
1.0 0.002860 0.778252 0.005720 0.032998
1.0 0.090770 0.778252 0.014856 0.032998
1.0 0.105364 0.772834 0.013841 0.026589
0.0 0.106189 0.790145 0.023352 0.021889
0.0 0.115088 0.779120 0.010995 0.018316
1.0 0.200636 0.778252 0.014856 0.032998
1.0 0.186042 0.772834 0.013841 0.026589
0.0 0.185217 0.790145 0.023352 0.021889
0.0 0.176319 0.779120 0.010995 0.018316
1.0 0.293114 0.778252 0.014856 0.032998
1.0 0.307708 0.772834 0.013841 0.026589
0.0 0.308533 0.790145 0.023352 0.021889
0.0 0.317431 0.779120 0.010995 0.018316
1.0 0.402980 0.778252 0.014856 0.032998
1.0 0.388386 0.772834 0.013841 0.026589
0.0 0.387561 0.790145 0.023352 0.021889
0.0 0.378662 0.779120 0.010995 0.018316
1.0 0.495458 0.778252 0.014856 0.032998
1.0 0.510052 0.772834 0.013841 0.026589
0.0 0.510877 0.790145 0.023352 0.021889
0.0 0.519775 0.779120 0.010995 0.018316
1.0 0.605323 0.778252 0.014856 0.032998
1.0 0.590730 0.772834 0.013841 0.026589
0.0 0.589904 0.790145 0.023352 0.021889
0.0 0.581006 0.779120 0.010995 0.018316
1.0 0.697802 0.778252 0.014856 0.032998
1.0 0.712395 0.772834 0.013841 0.026589
0.0 0.713221 0.790145 0.023352 0.021889
0.0 0.722119 0.779120 0.010995 0.018316
1.0 0.807667 0.778252 0.014856 0.032998
1.0 0.793073 0.772834 0.013841 0.026589
0.0 0.792248 0.790145 0.023352 0.021889
0.0 0.783350 0.779120 0.010995 0.018316
1.0 0.900145 0.778252 0.014856 0.032998
1.0 0.914739 0.772834 0.013841 0.026589
0.0 0.915564 0.790145 0.023352 0.021889
0.0 0.924463 0.779120 0.010995 0.018316
1.0 0.994248 0.772834 0.011503 0.026589
0.0 0.991458 0.790145 0.017084 0.021889
0.0 0.985694 0.779120 0.010995 0.018316
1.0 0.002860 0.895360 0.005720 0.032998
1.0 0.090770 0.895360 0.014856 0.032998
1.0 0.105364 0.900777 0.013841 0.026589
0.0 0.106189 0.883466 0.023352 0.021889
0.0 0.115088 0.894491 0.010995 0.018316
1.0 0.200636 0.895360 0.014856 0.032998
1.0 0.186042 0.900777 0.013841 0.026589
0.0 0.185217 0.883466 0.023352 0.021889
0.0 0.176319 0.894491 0.010995 0.018316
1.0 0.293114 0.895360 0.014856 0.032998
1.0 0.307708 0.900777 0.013841 0.026589
0.0 0.308533 0.883466 0.023352 0.021889
0.0 0.317431 0.894491 0.010995 0.018316
1.0 0.402980 0.895360 0.014856 0.032998
1.0 0.388386 0.900777 0.013841 0.026589
0.0 0.387561 0.883466 0.023352 0.021889
0.0 0.378662 0.894491 0.010995 0.018316
1.0 0.495458 0.895360 0.014856 0.032998
1.0 0.510052 0.900777 0.013841 0.026589
0.0 0.510877 0.883466 0.023352 0.021889
0.0 0.519775 0.894491 0.010995 0.018316
1.0 0.605323 0.895360 0.014856 0.032998
1.0 0.590730 0.900777 0.013841 0.026589
0.0 0.589904 0.883466 0.023352 0.021889
0.0 0.581006 0.894491 0.010995 0.018316
1.0 0.697802 0.895360 0.014856 0.032998
1.0 0.712395 0.900777 0.013841 0.026589
0.0 0.713221 0.883466 0.023352 0.021889
0.0 0.722119 0.894491 0.010995 0.018316
1.0 0.807667 0.895360 0.014856 0.032998
1.0 0.793073 0.900777 0.013841 0.026589
0.0 0.792248 0.883466 0.023352 0.021889
0.0 0.783350 0.894491 0.010995 0.018316
1.0 0.900145 0.895360 0.014856 0.032998
1.0 0.914739 0.900777 0.013841 0.026589
0.0 0.915564 0.883466 0.023352 0.021889
0.0 0.924463 0.894491 0.010995 0.018316
1.0 0.994248 0.900777 0.011503 0.026589
0.0 0.991458 0.883466 0.017084 0.021889
0.0 0.985694 0.894491 0.010995 0.018316
