0.0 0.119384 0.009037 0.052639 0.018074
0.0 0.172022 0.009037 0.052639 0.018074
0.0 0.321728 0.009037 0.052639 0.018074
0.0 0.374366 0.009037 0.052639 0.018074
0.0 0.524071 0.009037 0.052639 0.018074
0.0 0.576710 0.009037 0.052639 0.018074
0.0 0.726415 0.009037 0.052639 0.018074
0.0 0.779054 0.009037 0.052639 0.018074
0.0 0.928759 0.009037 0.052639 0.018074
0.0 0.977539 0.009037 0.044922 0.018074
0.0 0.119384 0.101033 0.052639 0.124324
0.0 0.172022 0.101033 0.052639 0.124324
0.0 0.321728 0.101033 0.052639 0.124324
0.0 0.374366 0.101033 0.052639 0.124324
0.0 0.524071 0.101033 0.052639 0.124324
0.0 0.576710 0.101033 0.052639 0.124324
0.0 0.726415 0.101033 0.052639 0.124324
0.0 0.779054 0.101033 0.052639 0.124324
0.0 0.928759 0.101033 0.052639 0.124324
0.0 0.977539 0.101033 0.044922 0.124324
0.0 0.119384 0.225356 0.052639 0.124324
0.0 0.172022 0.225356 0.052639 0.124324
0.0 0.321728 0.225356 0.052639 0.124324
0.0 0.374366 0.225356 0.052639 0.124324
0.0 0.524071 0.225356 0.052639 0.124324
0.0 0.576710 0.225356 0.052639 0.124324
0.0 0.726415 0.225356 0.052639 0.124324
0.0 0.779054 0.225356 0.052639 0.124324
0.0 0.928759 0.225356 0.052639 0.124324
0.0 0.977539 0.225356 0.044922 0.124324
0.0 0.119384 0.370477 0.052639 0.124324
0.0 0.172022 0.370477 0.052639 0.124324
0.0 0.321728 0.370477 0.052639 0.124324
0.0 0.374366 0.370477 0.052639 0.124324
0.0 0.524071 0.370477 0.052639 0.124324
0.0 0.576710 0.370477 0.052639 0.124324
0.0 0.726415 0.370477 0.052639 0.124324
0.0 0.779054 0.370477 0.052639 0.124324
0.0 0.928759 0.370477 0.052639 0.124324
0.0 0.977539 0.370477 0.044922 0.124324
0.0 0.119384 0.494801 0.052639 0.124324
0.0 0.172022 0.494801 0.052639 0.124324
0.0 0.321728 0.494801 0.052639 0.124324
0.0 0.374366 0.494801 0.052639 0.124324
0.0 0.524071 0.494801 0.052639 0.124324
0.0 0.576710 0.494801 0.052639 0.124324
0.0 0.726415 0.494801 0.052639 0.124324
0.0 0.779054 0.494801 0.052639 0.124324
0.0 0.928759 0.494801 0.052639 0.124324
0.0 0.977539 0.494801 0.044922 0.124324
0.0 0.119384 0.639922 0.052639 0.124324
0.0 0.172022 0.639922 0.052639 0.124324
0.0 0.321728 0.639922 0.052639 0.124324
0.0 0.374366 0.639922 0.052639 0.124324
0.0 0.524071 0.639922 0.052639 0.124324
0.0 0.576710 0.639922 0.052639 0.124324
0.0 0.726415 0.639922 0.052639 0.124324
0.0 0.779054 0.639922 0.052639 0.124324
0.0 0.928759 0.639922 0.052639 0.124324
0.0 0.977539 0.639922 0.044922 0.124324
0.0 0.119384 0.764245 0.052639 0.124324
0.0 0.172022 0.764245 0.052639 0.124324
0.0 0.321728 0.764245 0.052639 0.124324
0.0 0.374366 0.764245 0.052639 0.124324
0.0 0.524071 0.764245 0.052639 0.124324
0.0 0.576710 0.764245 0.052639 0.124324
0.0 0.726415 0.764245 0.052639 0.124324
0.0 0.779054 0.764245 0.052639 0.124324
0.0 0.928759 0.764245 0.052639 0.124324
0.0 0.977539 0.764245 0.044922 0.124324
0.0 0.119384 0.909366 0.052639 0.124324
0.0 0.172022 0.909366 0.052639 0.124324
0.0 0.321728 0.909366 0.052639 0.124324
0.0 0.374366 0.909366 0.052639 0.124324
0.0 0.524071 0.909366 0.052639 0.124324
0.0 0.576710 0.909366 0.052639 0.124324
0.0 0.726415 0.909366 0.052639 0.124324
0.0 0.779054 0.909366 0.052639 0.124324
0.0 0.928759 0.909366 0.052639 0.124324
0.0 0.977539 0.909366 0.044922 0.124324
0.0 0.119384 0.985764 0.052639 0.028472
0.0 0.172022 0.985764 0.052639 0.028472
0.0 0.321728 0.985764 0.052639 0.028472
0.0 0.374366 0.985764 0.052639 0.028472
0.0 0.524071 0.985764 0.052639 0.028472
0.0 0.576710 0.985764 0.052639 0.028472
0.0 0.726415 0.985764 0.052639 0.028472
0.0 0.779054 0.985764 0.052639 0.028472
0.0 0.928759 0.985764 0.052639 0.028472
0.0 0.977539 0.985764 0.044922 0.028472
