0.0 0.101553 0.005461 0.069680 0.010923
0.0 0.189853 0.005461 0.069680 0.010923
0.0 0.303897 0.005461 0.069680 0.010923
0.0 0.392197 0.005461 0.069680 0.010923
0.0 0.506241 0.005461 0.069680 0.010923
0.0 0.594540 0.005461 0.069680 0.010923
0.0 0.708585 0.005461 0.069680 0.010923
0.0 0.796884 0.005461 0.069680 0.010923
0.0 0.910928 0.005461 0.069680 0.010923
0.0 0.011175 0.098902 0.022349 0.105760
0.0 0.101553 0.098902 0.069680 0.105760
0.0 0.189853 0.098902 0.069680 0.105760
0.0 0.303897 0.098902 0.069680 0.105760
0.0 0.392197 0.098902 0.069680 0.105760
0.0 0.506241 0.098902 0.069680 0.105760
0.0 0.594540 0.098902 0.069680 0.105760
0.0 0.708585 0.098902 0.069680 0.105760
0.0 0.796884 0.098902 0.069680 0.105760
0.0 0.910928 0.098902 0.069680 0.105760
0.0 0.982194 0.098902 0.035612 0.105760
0.0 0.011175 0.227487 0.022349 0.105760
0.0 0.101553 0.227487 0.069680 0.105760
0.0 0.189853 0.227487 0.069680 0.105760
0.0 0.303897 0.227487 0.069680 0.105760
0.0 0.392197 0.227487 0.069680 0.105760
0.0 0.506241 0.227487 0.069680 0.105760
0.0 0.594540 0.227487 0.069680 0.105760
0.0 0.708585 0.227487 0.069680 0.105760
0.0 0.796884 0.227487 0.069680 0.105760
0.0 0.910928 0.227487 0.069680 0.105760
0.0 0.982194 0.227487 0.035612 0.105760
0.0 0.011175 0.368346 0.022349 0.105760
0.0 0.101553 0.368346 0.069680 0.105760
0.0 0.189853 0.368346 0.069680 0.105760
0.0 0.303897 0.368346 0.069680 0.105760
0.0 0.392197 0.368346 0.069680 0.105760
0.0 0.506241 0.368346 0.069680 0.105760
0.0 0.594540 0.368346 0.069680 0.105760
0.0 0.708585 0.368346 0.069680 0.105760
0.0 0.796884 0.368346 0.069680 0.105760
0.0 0.910928 0.368346 0.069680 0.105760
0.0 0.982194 0.368346 0.035612 0.105760
0.0 0.011175 0.496932 0.022349 0.105760
0.0 0.101553 0.496932 0.069680 0.105760
0.0 0.189853 0.496932 0.069680 0.105760
0.0 0.303897 0.496932 0.069680 0.105760
0.0 0.392197 0.496932 0.069680 0.105760
0.0 0.506241 0.496932 0.069680 0.105760
0.0 0.594540 0.496932 0.069680 0.105760
0.0 0.708585 0.496932 0.069680 0.105760
0.0 0.796884 0.496932 0.069680 0.105760
0.0 0.910928 0.496932 0.069680 0.105760
0.0 0.982194 0.496932 0.035612 0.105760
0.0 0.011175 0.637791 0.022349 0.105760
0.0 0.101553 0.637791 0.069680 0.105760
0.0 0.189853 0.637791 0.069680 0.105760
0.0 0.303897 0.637791 0.069680 0.105760
0.0 0.392197 0.637791 0.069680 0.105760
0.0 0.506241 0.637791 0.069680 0.105760
0.0 0.594540 0.637791 0.069680 0.105760
0.0 0.708585 0.637791 0.069680 0.105760
0.0 0.796884 0.637791 0.069680 0.105760
0.0 0.910928 0.637791 0.069680 0.105760
0.0 0.982194 0.637791 0.035612 0.105760
0.0 0.011175 0.766376 0.022349 0.105760
0.0 0.101553 0.766376 0.069680 0.105760
0.0 0.189853 0.766376 0.069680 0.105760
0.0 0.303897 0.766376 0.069680 0.105760
0.0 0.392197 0.766376 0.069680 0.105760
0.0 0.506241 0.766376 0.069680 0.105760
0.0 0.594540 0.766376 0.069680 0.105760
0.0 0.708585 0.766376 0.069680 0.105760
0.0 0.796884 0.766376 0.069680 0.105760
0.0 0.910928 0.766376 0.069680 0.105760
0.0 0.982194 0.766376 0.035612 0.105760
0.0 0.011175 0.907235 0.022349 0.105760
0.0 0.101553 0.907235 0.069680 0.105760
0.0 0.189853 0.907235 0.069680 0.105760
0.0 0.303897 0.907235 0.069680 0.105760
0.0 0.392197 0.907235 0.069680 0.105760
0.0 0.506241 0.907235 0.069680 0.105760
0.0 0.594540 0.907235 0.069680 0.105760
0.0 0.708585 0.907235 0.069680 0.105760
0.0 0.796884 0.907235 0.069680 0.105760
0.0 0.910928 0.907235 0.069680 0.105760
0.0 0.982194 0.907235 0.035612 0.105760
0.0 0.101553 0.991470 0.069680 0.017060
0.0 0.189853 0.991470 0.069680 0.017060
0.0 0.303897 0.991470 0.069680 0.017060
0.0 0.392197 0.991470 0.069680 0.017060
0.0 0.506241 0.991470 0.069680 0.017060
0.0 0.594540 0.991470 0.069680 0.017060
0.0 0.708585 0.991470 0.069680 0.017060
0.0 0.796884 0.991470 0.069680 0.017060
0.0 0.910928 0.991470 0.069680 0.017060
