0.0 0.011164 0.117326 0.022328 0.080410
0.0 0.092742 0.117326 0.052016 0.080410
0.0 0.198664 0.117326 0.052016 0.080410
0.0 0.295086 0.117326 0.052016 0.080410
0.0 0.401008 0.117326 0.052016 0.080410
0.0 0.497430 0.117326 0.052016 0.080410
0.0 0.603352 0.117326 0.052016 0.080410
0.0 0.699773 0.117326 0.052016 0.080410
0.0 0.805695 0.117326 0.052016 0.080410
0.0 0.902117 0.117326 0.052016 0.080410
0.0 0.991016 0.117326 0.017969 0.080410
0.0 0.011164 0.209062 0.022328 0.080410
0.0 0.092742 0.209062 0.052016 0.080410
0.0 0.198664 0.209062 0.052016 0.080410
0.0 0.295086 0.209062 0.052016 0.080410
0.0 0.401008 0.209062 0.052016 0.080410
0.0 0.497430 0.209062 0.052016 0.080410
0.0 0.603352 0.209062 0.052016 0.080410
0.0 0.699773 0.209062 0.052016 0.080410
0.0 0.805695 0.209062 0.052016 0.080410
0.0 0.902117 0.209062 0.052016 0.080410
0.0 0.991016 0.209062 0.017969 0.080410
0.0 0.011164 0.386771 0.022328 0.080410
0.0 0.092742 0.386771 0.052016 0.080410
0.0 0.198664 0.386771 0.052016 0.080410
0.0 0.295086 0.386771 0.052016 0.080410
0.0 0.401008 0.386771 0.052016 0.080410
0.0 0.497430 0.386771 0.052016 0.080410
0.0 0.603352 0.386771 0.052016 0.080410
0.0 0.699773 0.386771 0.052016 0.080410
0.0 0.805695 0.386771 0.052016 0.080410
0.0 0.902117 0.386771 0.052016 0.080410
0.0 0.991016 0.386771 0.017969 0.080410
0.0 0.011164 0.478507 0.022328 0.080410
0.0 0.092742 0.478507 0.052016 0.080410
0.0 0.198664 0.478507 0.052016 0.080410
0.0 0.295086 0.478507 0.052016 0.080410
0.0 0.401008 0.478507 0.052016 0.080410
0.0 0.497430 0.478507 0.052016 0.080410
0.0 0.603352 0.478507 0.052016 0.080410
0.0 0.699773 0.478507 0.052016 0.080410
0.0 0.805695 0.478507 0.052016 0.080410
0.0 0.902117 0.478507 0.052016 0.080410
0.0 0.991016 0.478507 0.017969 0.080410
0.0 0.011164 0.656215 0.022328 0.080410
0.0 0.092742 0.656215 0.052016 0.080410
0.0 0.198664 0.656215 0.052016 0.080410
0.0 0.295086 0.656215 0.052016 0.080410
0.0 0.401008 0.656215 0.052016 0.080410
0.0 0.497430 0.656215 0.052016 0.080410
0.0 0.603352 0.656215 0.052016 0.080410
0.0 0.699773 0.656215 0.052016 0.080410
0.0 0.805695 0.656215 0.052016 0.080410
0.0 0.902117 0.656215 0.052016 0.080410
0.0 0.991016 0.656215 0.017969 0.080410
0.0 0.011164 0.747951 0.022328 0.080410
0.0 0.092742 0.747951 0.052016 0.080410
0.0 0.198664 0.747951 0.052016 0.080410
0.0 0.295086 0.747951 0.052016 0.080410
0.0 0.401008 0.747951 0.052016 0.080410
0.0 0.497430 0.747951 0.052016 0.080410
0.0 0.603352 0.747951 0.052016 0.080410
0.0 0.699773 0.747951 0.052016 0.080410
0.0 0.805695 0.747951 0.052016 0.080410
0.0 0.902117 0.747951 0.052016 0.080410
0.0 0.991016 0.747951 0.017969 0.080410
0.0 0.011164 0.925660 0.022328 0.080410
0.0 0.092742 0.925660 0.052016 0.080410
0.0 0.198664 0.925660 0.052016 0.080410
0.0 0.295086 0.925660 0.052016 0.080410
0.0 0.401008 0.925660 0.052016 0.080410
0.0 0.497430 0.925660 0.052016 0.080410
0.0 0.603352 0.925660 0.052016 0.080410
0.0 0.699773 0.925660 0.052016 0.080410
0.0 0.805695 0.925660 0.052016 0.080410
0.0 0.902117 0.925660 0.052016 0.080410
0.0 0.991016 0.925660 0.017969 0.080410
0.0 0.011164 0.988595 0.022328 0.022809
0.0 0.092742 0.988595 0.052016 0.022809
0.0 0.198664 0.988595 0.052016 0.022809
0.0 0.295086 0.988595 0.052016 0.022809
0.0 0.401008 0.988595 0.052016 0.022809
0.0 0.497430 0.988595 0.052016 0.022809
0.0 0.603352 0.988595 0.052016 0.022809
0.0 0.699773 0.988595 0.052016 0.022809
0.0 0.805695 0.988595 0.052016 0.022809
0.0 0.902117 0.988595 0.052016 0.022809
