0.0 0.008442 0.116014 0.016884 0.094362
0.0 0.108941 0.116014 0.073525 0.094362
0.0 0.182466 0.116014 0.073525 0.094362
0.0 0.311284 0.116014 0.073525 0.094362
0.0 0.384809 0.116014 0.073525 0.094362
0.0 0.513628 0.116014 0.073525 0.094362
0.0 0.587153 0.116014 0.073525 0.094362
0.0 0.715972 0.116014 0.073525 0.094362
0.0 0.789497 0.116014 0.073525 0.094362
0.0 0.918316 0.116014 0.073525 0.094362
0.0 0.977539 0.116014 0.044922 0.094362
0.0 0.008442 0.210375 0.016884 0.094362
0.0 0.108941 0.210375 0.073525 0.094362
0.0 0.182466 0.210375 0.073525 0.094362
0.0 0.311284 0.210375 0.073525 0.094362
0.0 0.384809 0.210375 0.073525 0.094362
0.0 0.513628 0.210375 0.073525 0.094362
0.0 0.587153 0.210375 0.073525 0.094362
0.0 0.715972 0.210375 0.073525 0.094362
0.0 0.789497 0.210375 0.073525 0.094362
0.0 0.918316 0.210375 0.073525 0.094362
0.0 0.977539 0.210375 0.044922 0.094362
0.0 0.008442 0.385458 0.016884 0.094362
0.0 0.108941 0.385458 0.073525 0.094362
0.0 0.182466 0.385458 0.073525 0.094362
0.0 0.311284 0.385458 0.073525 0.094362
0.0 0.384809 0.385458 0.073525 0.094362
0.0 0.513628 0.385458 0.073525 0.094362
0.0 0.587153 0.385458 0.073525 0.094362
0.0 0.715972 0.385458 0.073525 0.094362
0.0 0.789497 0.385458 0.073525 0.094362
0.0 0.918316 0.385458 0.073525 0.094362
0.0 0.977539 0.385458 0.044922 0.094362
0.0 0.008442 0.479820 0.016884 0.094362
0.0 0.108941 0.479820 0.073525 0.094362
0.0 0.182466 0.479820 0.073525 0.094362
0.0 0.311284 0.479820 0.073525 0.094362
0.0 0.384809 0.479820 0.073525 0.094362
0.0 0.513628 0.479820 0.073525 0.094362
0.0 0.587153 0.479820 0.073525 0.094362
0.0 0.715972 0.479820 0.073525 0.094362
0.0 0.789497 0.479820 0.073525 0.094362
0.0 0.918316 0.479820 0.073525 0.094362
0.0 0.977539 0.479820 0.044922 0.094362
0.0 0.008442 0.654903 0.016884 0.094362
0.0 0.108941 0.654903 0.073525 0.094362
0.0 0.182466 0.654903 0.073525 0.094362
0.0 0.311284 0.654903 0.073525 0.094362
0.0 0.384809 0.654903 0.073525 0.094362
0.0 0.513628 0.654903 0.073525 0.094362
0.0 0.587153 0.654903 0.073525 0.094362
0.0 0.715972 0.654903 0.073525 0.094362
0.0 0.789497 0.654903 0.073525 0.094362
0.0 0.918316 0.654903 0.073525 0.094362
0.0 0.977539 0.654903 0.044922 0.094362
0.0 0.008442 0.749264 0.016884 0.094362
0.0 0.108941 0.749264 0.073525 0.094362
0.0 0.182466 0.749264 0.073525 0.094362
0.0 0.311284 0.749264 0.073525 0.094362
0.0 0.384809 0.749264 0.073525 0.094362
0.0 0.513628 0.749264 0.073525 0.094362
0.0 0.587153 0.749264 0.073525 0.094362
0.0 0.715972 0.749264 0.073525 0.094362
0.0 0.789497 0.749264 0.073525 0.094362
0.0 0.918316 0.749264 0.073525 0.094362
0.0 0.977539 0.749264 0.044922 0.094362
0.0 0.008442 0.924347 0.016884 0.094362
0.0 0.108941 0.924347 0.073525 0.094362
0.0 0.182466 0.924347 0.073525 0.094362
0.0 0.311284 0.924347 0.073525 0.094362
0.0 0.384809 0.924347 0.073525 0.094362
0.0 0.513628 0.924347 0.073525 0.094362
0.0 0.587153 0.924347 0.073525 0.094362
0.0 0.715972 0.924347 0.073525 0.094362
0.0 0.789497 0.924347 0.073525 0.094362
0.0 0.918316 0.924347 0.073525 0.094362
0.0 0.977539 0.924347 0.044922 0.094362
0.0 0.108941 0.985764 0.073525 0.028472
0.0 0.182466 0.985764 0.073525 0.028472
0.0 0.311284 0.985764 0.073525 0.028472
0.0 0.384809 0.985764 0.073525 0.028472
0.0 0.513628 0.985764 0.073525 0.028472
0.0 0.587153 0.985764 0.073525 0.028472
0.0 0.715972 0.985764 0.073525 0.028472
0.0 0.789497 0.985764 0.073525 0.028472
0.0 0.918316 0.985764 0.073525 0.028472
0.0 0.977539 0.985764 0.044922 0.028472
