0.0 0.005247 0.099449 0.010495 0.101686
0.0 0.105728 0.099449 0.054320 0.101686
0.0 0.185679 0.099449 0.054320 0.101686
0.0 0.308071 0.099449 0.054320 0.101686
0.0 0.388022 0.099449 0.054320 0.101686
0.0 0.510415 0.099449 0.054320 0.101686
0.0 0.590366 0.099449 0.054320 0.101686
0.0 0.712759 0.099449 0.054320 0.101686
0.0 0.792710 0.099449 0.054320 0.101686
0.0 0.915103 0.099449 0.054320 0.101686
0.0 0.983947 0.099449 0.032106 0.101686
0.0 0.005247 0.226940 0.010495 0.101686
0.0 0.105728 0.226940 0.054320 0.101686
0.0 0.185679 0.226940 0.054320 0.101686
0.0 0.308071 0.226940 0.054320 0.101686
0.0 0.388022 0.226940 0.054320 0.101686
0.0 0.510415 0.226940 0.054320 0.101686
0.0 0.590366 0.226940 0.054320 0.101686
0.0 0.712759 0.226940 0.054320 0.101686
0.0 0.792710 0.226940 0.054320 0.101686
0.0 0.915103 0.226940 0.054320 0.101686
0.0 0.983947 0.226940 0.032106 0.101686
0.0 0.005247 0.368893 0.010495 0.101686
0.0 0.105728 0.368893 0.054320 0.101686
0.0 0.185679 0.368893 0.054320 0.101686
0.0 0.308071 0.368893 0.054320 0.101686
0.0 0.388022 0.368893 0.054320 0.101686
0.0 0.510415 0.368893 0.054320 0.101686
0.0 0.590366 0.368893 0.054320 0.101686
0.0 0.712759 0.368893 0.054320 0.101686
0.0 0.792710 0.368893 0.054320 0.101686
0.0 0.915103 0.368893 0.054320 0.101686
0.0 0.983947 0.368893 0.032106 0.101686
0.0 0.005247 0.496384 0.010495 0.101686
0.0 0.105728 0.496384 0.054320 0.101686
0.0 0.185679 0.496384 0.054320 0.101686
0.0 0.308071 0.496384 0.054320 0.101686
0.0 0.388022 0.496384 0.054320 0.101686
0.0 0.510415 0.496384 0.054320 0.101686
0.0 0.590366 0.496384 0.054320 0.101686
0.0 0.712759 0.496384 0.054320 0.101686
0.0 0.792710 0.496384 0.054320 0.101686
0.0 0.915103 0.496384 0.054320 0.101686
0.0 0.983947 0.496384 0.032106 0.101686
0.0 0.005247 0.638338 0.010495 0.101686
0.0 0.105728 0.638338 0.054320 0.101686
0.0 0.185679 0.638338 0.054320 0.101686
0.0 0.308071 0.638338 0.054320 0.101686
0.0 0.388022 0.638338 0.054320 0.101686
0.0 0.510415 0.638338 0.054320 0.101686
0.0 0.590366 0.638338 0.054320 0.101686
0.0 0.712759 0.638338 0.054320 0.101686
0.0 0.792710 0.638338 0.054320 0.101686
0.0 0.915103 0.638338 0.054320 0.101686
0.0 0.983947 0.638338 0.032106 0.101686
0.0 0.005247 0.765829 0.010495 0.101686
0.0 0.105728 0.765829 0.054320 0.101686
0.0 0.185679 0.765829 0.054320 0.101686
0.0 0.308071 0.765829 0.054320 0.101686
0.0 0.388022 0.765829 0.054320 0.101686
0.0 0.510415 0.765829 0.054320 0.101686
0.0 0.590366 0.765829 0.054320 0.101686
0.0 0.712759 0.765829 0.054320 0.101686
0.0 0.792710 0.765829 0.054320 0.101686
0.0 0.915103 0.765829 0.054320 0.101686
0.0 0.983947 0.765829 0.032106 0.101686
0.0 0.005247 0.907782 0.010495 0.101686
0.0 0.105728 0.907782 0.054320 0.101686
0.0 0.185679 0.907782 0.054320 0.101686
0.0 0.308071 0.907782 0.054320 0.101686
0.0 0.388022 0.907782 0.054320 0.101686
0.0 0.510415 0.907782 0.054320 0.101686
0.0 0.590366 0.907782 0.054320 0.101686
0.0 0.712759 0.907782 0.054320 0.101686
0.0 0.792710 0.907782 0.054320 0.101686
0.0 0.915103 0.907782 0.054320 0.101686
0.0 0.983947 0.907782 0.032106 0.101686
0.0 0.105728 0.992215 0.054320 0.015570
0.0 0.185679 0.992215 0.054320 0.015570
0.0 0.308071 0.992215 0.054320 0.015570
0.0 0.388022 0.992215 0.054320 0.015570
0.0 0.510415 0.992215 0.054320 0.015570
0.0 0.590366 0.992215 0.054320 0.015570
0.0 0.712759 0.992215 0.054320 0.015570
0.0 0.792710 0.992215 0.054320 0.015570
0.0 0.915103 0.992215 0.054320 0.015570
