0.0 0.022266 0.105552 0.044531 0.115285
0.0 0.077457 0.105552 0.065852 0.115285
0.0 0.213949 0.105552 0.065852 0.115285
0.0 0.279801 0.105552 0.065852 0.115285
0.0 0.416293 0.105552 0.065852 0.115285
0.0 0.482145 0.105552 0.065852 0.115285
0.0 0.618637 0.105552 0.065852 0.115285
0.0 0.684488 0.105552 0.065852 0.115285
0.0 0.820980 0.105552 0.065852 0.115285
0.0 0.886832 0.105552 0.065852 0.115285
0.0 0.995199 0.105552 0.009602 0.115285
0.0 0.022266 0.220837 0.044531 0.115285
0.0 0.077457 0.220837 0.065852 0.115285
0.0 0.213949 0.220837 0.065852 0.115285
0.0 0.279801 0.220837 0.065852 0.115285
0.0 0.416293 0.220837 0.065852 0.115285
0.0 0.482145 0.220837 0.065852 0.115285
0.0 0.618637 0.220837 0.065852 0.115285
0.0 0.684488 0.220837 0.065852 0.115285
0.0 0.820980 0.220837 0.065852 0.115285
0.0 0.886832 0.220837 0.065852 0.115285
0.0 0.995199 0.220837 0.009602 0.115285
0.0 0.022266 0.374996 0.044531 0.115285
0.0 0.077457 0.374996 0.065852 0.115285
0.0 0.213949 0.374996 0.065852 0.115285
0.0 0.279801 0.374996 0.065852 0.115285
0.0 0.416293 0.374996 0.065852 0.115285
0.0 0.482145 0.374996 0.065852 0.115285
0.0 0.618637 0.374996 0.065852 0.115285
0.0 0.684488 0.374996 0.065852 0.115285
0.0 0.820980 0.374996 0.065852 0.115285
0.0 0.886832 0.374996 0.065852 0.115285
0.0 0.995199 0.374996 0.009602 0.115285
0.0 0.022266 0.490282 0.044531 0.115285
0.0 0.077457 0.490282 0.065852 0.115285
0.0 0.213949 0.490282 0.065852 0.115285
0.0 0.279801 0.490282 0.065852 0.115285
0.0 0.416293 0.490282 0.065852 0.115285
0.0 0.482145 0.490282 0.065852 0.115285
0.0 0.618637 0.490282 0.065852 0.115285
0.0 0.684488 0.490282 0.065852 0.115285
0.0 0.820980 0.490282 0.065852 0.115285
0.0 0.886832 0.490282 0.065852 0.115285
0.0 0.995199 0.490282 0.009602 0.115285
0.0 0.022266 0.644441 0.044531 0.115285
0.0 0.077457 0.644441 0.065852 0.115285
0.0 0.213949 0.644441 0.065852 0.115285
0.0 0.279801 0.644441 0.065852 0.115285
0.0 0.416293 0.644441 0.065852 0.115285
0.0 0.482145 0.644441 0.065852 0.115285
0.0 0.618637 0.644441 0.065852 0.115285
0.0 0.684488 0.644441 0.065852 0.115285
0.0 0.820980 0.644441 0.065852 0.115285
0.0 0.886832 0.644441 0.065852 0.115285
0.0 0.995199 0.644441 0.009602 0.115285
0.0 0.022266 0.759726 0.044531 0.115285
0.0 0.077457 0.759726 0.065852 0.115285
0.0 0.213949 0.759726 0.065852 0.115285
0.0 0.279801 0.759726 0.065852 0.115285
0.0 0.416293 0.759726 0.065852 0.115285
0.0 0.482145 0.759726 0.065852 0.115285
0.0 0.618637 0.759726 0.065852 0.115285
0.0 0.684488 0.759726 0.065852 0.115285
0.0 0.820980 0.759726 0.065852 0.115285
0.0 0.886832 0.759726 0.065852 0.115285
0.0 0.995199 0.759726 0.009602 0.115285
0.0 0.022266 0.913885 0.044531 0.115285
0.0 0.077457 0.913885 0.065852 0.115285
0.0 0.213949 0.913885 0.065852 0.115285
0.0 0.279801 0.913885 0.065852 0.115285
0.0 0.416293 0.913885 0.065852 0.115285
0.0 0.482145 0.913885 0.065852 0.115285
0.0 0.618637 0.913885 0.065852 0.115285
0.0 0.684488 0.913885 0.065852 0.115285
0.0 0.820980 0.913885 0.065852 0.115285
0.0 0.886832 0.913885 0.065852 0.115285
0.0 0.995199 0.913885 0.009602 0.115285
0.0 0.022266 0.985764 0.044531 0.028472
0.0 0.077457 0.985764 0.065852 0.028472
0.0 0.213949 0.985764 0.065852 0.028472
0.0 0.279801 0.985764 0.065852 0.028472
0.0 0.416293 0.985764 0.065852 0.028472
0.0 0.482145 0.985764 0.065852 0.028472
0.0 0.618637 0.985764 0.065852 0.028472
0.0 0.684488 0.985764 0.065852 0.028472
0.0 0.820980 0.985764 0.065852 0.028472
0.0 0.886832 0.985764 0.065852 0.028472
