0.0 0.119141 0.020139 0.017969 0.016667
0.0 0.172266 0.020139 0.017969 0.016667
0.0 0.321484 0.020139 0.017969 0.016667
0.0 0.374609 0.020139 0.017969 0.016667
0.0 0.523828 0.020139 0.017969 0.016667
0.0 0.576953 0.020139 0.017969 0.016667
0.0 0.726172 0.020139 0.017969 0.016667
0.0 0.779297 0.020139 0.017969 0.016667
0.0 0.928516 0.020139 0.017969 0.016667
0.0 0.981641 0.020139 0.017969 0.016667
1.0 0.002734 0.100236 0.005469 0.040021
1.0 0.089762 0.100236 0.012336 0.040021
1.0 0.104871 0.101424 0.011926 0.031431
0.0 0.104000 0.078125 0.022512 0.020653
0.0 0.113969 0.089090 0.009766 0.021014
0.0 0.119141 0.036806 0.017969 0.016667
1.0 0.201645 0.100236 0.012336 0.040021
1.0 0.186535 0.101424 0.011926 0.031431
0.0 0.187406 0.078125 0.022512 0.020653
0.0 0.177437 0.089090 0.009766 0.021014
0.0 0.172266 0.036806 0.017969 0.016667
1.0 0.292105 0.100236 0.012336 0.040021
1.0 0.307215 0.101424 0.011926 0.031431
0.0 0.306344 0.078125 0.022512 0.020653
0.0 0.316313 0.089090 0.009766 0.021014
0.0 0.321484 0.036806 0.017969 0.016667
1.0 0.403988 0.100236 0.012336 0.040021
1.0 0.388879 0.101424 0.011926 0.031431
0.0 0.389750 0.078125 0.022512 0.020653
0.0 0.379781 0.089090 0.009766 0.021014
0.0 0.374609 0.036806 0.017969 0.016667
1.0 0.494449 0.100236 0.012336 0.040021
1.0 0.509559 0.101424 0.011926 0.031431
0.0 0.508688 0.078125 0.022512 0.020653
0.0 0.518656 0.089090 0.009766 0.021014
0.0 0.523828 0.036806 0.017969 0.016667
1.0 0.606332 0.100236 0.012336 0.040021
1.0 0.591223 0.101424 0.011926 0.031431
0.0 0.592094 0.078125 0.022512 0.020653
0.0 0.582125 0.089090 0.009766 0.021014
0.0 0.576953 0.036806 0.017969 0.016667
1.0 0.696793 0.100236 0.012336 0.040021
1.0 0.711902 0.101424 0.011926 0.031431
0.0 0.711031 0.078125 0.022512 0.020653
0.0 0.721000 0.089090 0.009766 0.021014
0.0 0.726172 0.036806 0.017969 0.016667
1.0 0.808676 0.100236 0.012336 0.040021
1.0 0.793566 0.101424 0.011926 0.031431
0.0 0.794437 0.078125 0.022512 0.020653
0.0 0.784469 0.089090 0.009766 0.021014
0.0 0.779297 0.036806 0.017969 0.016667
1.0 0.899137 0.100236 0.012336 0.040021
1.0 0.914246 0.101424 0.011926 0.031431
0.0 0.913375 0.078125 0.022512 0.020653
0.0 0.923344 0.089090 0.009766 0.021014
0.0 0.928516 0.036806 0.017969 0.016667
1.0 0.994974 0.101424 0.010053 0.031431
0.0 0.992763 0.078125 0.014475 0.020653
0.0 0.986812 0.089090 0.009766 0.021014
0.0 0.981641 0.036806 0.017969 0.016667
1.0 0.002734 0.226153 0.005469 0.040021
1.0 0.089762 0.226153 0.012336 0.040021
1.0 0.104871 0.224965 0.011926 0.031431
0.0 0.104000 0.248264 0.022512 0.020653
0.0 0.113969 0.237299 0.009766 0.021014
0.0 0.119141 0.289583 0.017969 0.016667
1.0 0.201645 0.226153 0.012336 0.040021
1.0 0.186535 0.224965 0.011926 0.031431
0.0 0.187406 0.248264 0.022512 0.020653
0.0 0.177437 0.237299 0.009766 0.021014
0.0 0.172266 0.289583 0.017969 0.016667
1.0 0.292105 0.226153 0.012336 0.040021
1.0 0.307215 0.224965 0.011926 0.031431
0.0 0.306344 0.248264 0.022512 0.020653
0.0 0.316313 0.237299 0.009766 0.021014
0.0 0.321484 0.289583 0.017969 0.016667
1.0 0.403988 0.226153 0.012336 0.040021
1.0 0.388879 0.224965 0.011926 0.031431
0.0 0.389750 0.248264 0.022512 0.020653
0.0 0.379781 0.237299 0.009766 0.021014
0.0 0.374609 0.289583 0.017969 0.016667
1.0 0.494449 0.226153 0.012336 0.040021
1.0 0.509559 0.224965 0.011926 0.031431
0.0 0.508688 0.248264 0.022512 0.020653
0.0 0.518656 0.237299 0.009766 0.021014
0.0 0.523828 0.289583 0.017969 0.016667
1.0 0.606332 0.226153 0.012336 0.040021
1.0 0.591223 0.224965 0.011926 0.031431
0.0 0.592094 0.248264 0.022512 0.020653
0.0 0.582125 0.237299 0.009766 0.021014
0.0 0.576953 0.289583 0.017969 0.016667
1.0 0.696793 0.226153 0.012336 0.040021
1.0 0.711902 0.224965 0.011926 0.031431
0.0 0.711031 0.248264 0.022512 0.020653
0.0 0.721000 0.237299 0.009766 0.021014
0.0 0.726172 0.289583 0.017969 0.016667
1.0 0.808676 0.226153 0.012336 0.040021
1.0 0.793566 0.224965 0.011926 0.031431
0.0 0.794437 0.248264 0.022512 0.020653
0.0 0.784469 0.237299 0.009766 0.021014
0.0 0.779297 0.289583 0.017969 0.016667
1.0 0.899137 0.226153 0.012336 0.040021
1.0 0.914246 0.224965 0.011926 0.031431
0.0 0.913375 0.248264 0.022512 0.020653
0.0 0.923344 0.237299 0.009766 0.021014
0.0 0.928516 0.289583 0.017969 0.016667
1.0 0.994974 0.224965 0.010053 0.031431
0.0 0.992763 0.248264 0.014475 0.020653
0.0 0.986812 0.237299 0.009766 0.021014
0.0 0.981641 0.289583 0.017969 0.016667
1.0 0.002734 0.369681 0.005469 0.040021
1.0 0.089762 0.369681 0.012336 0.040021
1.0 0.104871 0.370868 0.011926 0.031431
0.0 0.104000 0.347569 0.022512 0.020653
0.0 0.113969 0.358535 0.009766 0.021014
0.0 0.119141 0.306250 0.017969 0.016667
1.0 0.201645 0.369681 0.012336 0.040021
1.0 0.186535 0.370868 0.011926 0.031431
0.0 0.187406 0.347569 0.022512 0.020653
0.0 0.177437 0.358535 0.009766 0.021014
0.0 0.172266 0.306250 0.017969 0.016667
1.0 0.292105 0.369681 0.012336 0.040021
1.0 0.307215 0.370868 0.011926 0.031431
0.0 0.306344 0.347569 0.022512 0.020653
0.0 0.316313 0.358535 0.009766 0.021014
0.0 0.321484 0.306250 0.017969 0.016667
1.0 0.403988 0.369681 0.012336 0.040021
1.0 0.388879 0.370868 0.011926 0.031431
0.0 0.389750 0.347569 0.022512 0.020653
0.0 0.379781 0.358535 0.009766 0.021014
0.0 0.374609 0.306250 0.017969 0.016667
1.0 0.494449 0.369681 0.012336 0.040021
1.0 0.509559 0.370868 0.011926 0.031431
0.0 0.508688 0.347569 0.022512 0.020653
0.0 0.518656 0.358535 0.009766 0.021014
0.0 0.523828 0.306250 0.017969 0.016667
1.0 0.606332 0.369681 0.012336 0.040021
1.0 0.591223 0.370868 0.011926 0.031431
0.0 0.592094 0.347569 0.022512 0.020653
0.0 0.582125 0.358535 0.009766 0.021014
0.0 0.576953 0.306250 0.017969 0.016667
1.0 0.696793 0.369681 0.012336 0.040021
1.0 0.711902 0.370868 0.011926 0.031431
0.0 0.711031 0.347569 0.022512 0.020653
0.0 0.721000 0.358535 0.009766 0.021014
0.0 0.726172 0.306250 0.017969 0.016667
1.0 0.808676 0.369681 0.012336 0.040021
1.0 0.793566 0.370868 0.011926 0.031431
0.0 0.794437 0.347569 0.022512 0.020653
0.0 0.784469 0.358535 0.009766 0.021014
0.0 0.779297 0.306250 0.017969 0.016667
1.0 0.899137 0.369681 0.012336 0.040021
1.0 0.914246 0.370868 0.011926 0.031431
0.0 0.913375 0.347569 0.022512 0.020653
0.0 0.923344 0.358535 0.009766 0.021014
0.0 0.928516 0.306250 0.017969 0.016667
1.0 0.994974 0.370868 0.010053 0.031431
0.0 0.992763 0.347569 0.014475 0.020653
0.0 0.986812 0.358535 0.009766 0.021014
0.0 0.981641 0.306250 0.017969 0.016667
1.0 0.002734 0.495597 0.005469 0.040021
1.0 0.089762 0.495597 0.012336 0.040021
1.0 0.104871 0.494410 0.011926 0.031431
0.0 0.104000 0.517708 0.022512 0.020653
0.0 0.113969 0.506743 0.009766 0.021014
0.0 0.119141 0.559028 0.017969 0.016667
1.0 0.201645 0.495597 0.012336 0.040021
1.0 0.186535 0.494410 0.011926 0.031431
0.0 0.187406 0.517708 0.022512 0.020653
0.0 0.177437 0.506743 0.009766 0.021014
0.0 0.172266 0.559028 0.017969 0.016667
1.0 0.292105 0.495597 0.012336 0.040021
1.0 0.307215 0.494410 0.011926 0.031431
0.0 0.306344 0.517708 0.022512 0.020653
0.0 0.316313 0.506743 0.009766 0.021014
0.0 0.321484 0.559028 0.017969 0.016667
1.0 0.403988 0.495597 0.012336 0.040021
1.0 0.388879 0.494410 0.011926 0.031431
0.0 0.389750 0.517708 0.022512 0.020653
0.0 0.379781 0.506743 0.009766 0.021014
0.0 0.374609 0.559028 0.017969 0.016667
1.0 0.494449 0.495597 0.012336 0.040021
1.0 0.509559 0.494410 0.011926 0.031431
0.0 0.508688 0.517708 0.022512 0.020653
0.0 0.518656 0.506743 0.009766 0.021014
0.0 0.523828 0.559028 0.017969 0.016667
1.0 0.606332 0.495597 0.012336 0.040021
1.0 0.591223 0.494410 0.011926 0.031431
0.0 0.592094 0.517708 0.022512 0.020653
0.0 0.582125 0.506743 0.009766 0.021014
0.0 0.576953 0.559028 0.017969 0.016667
1.0 0.696793 0.495597 0.012336 0.040021
1.0 0.711902 0.494410 0.011926 0.031431
0.0 0.711031 0.517708 0.022512 0.020653
0.0 0.721000 0.506743 0.009766 0.021014
0.0 0.726172 0.559028 0.017969 0.016667
1.0 0.808676 0.495597 0.012336 0.040021
1.0 0.793566 0.494410 0.011926 0.031431
0.0 0.794437 0.517708 0.022512 0.020653
0.0 0.784469 0.506743 0.009766 0.021014
0.0 0.779297 0.559028 0.017969 0.016667
1.0 0.899137 0.495597 0.012336 0.040021
1.0 0.914246 0.494410 0.011926 0.031431
0.0 0.913375 0.517708 0.022512 0.020653
0.0 0.923344 0.506743 0.009766 0.021014
0.0 0.928516 0.559028 0.017969 0.016667
1.0 0.994974 0.494410 0.010053 0.031431
0.0 0.992763 0.517708 0.014475 0.020653
0.0 0.986812 0.506743 0.009766 0.021014
0.0 0.981641 0.559028 0.017969 0.016667
1.0 0.002734 0.639125 0.005469 0.040021
1.0 0.089762 0.639125 0.012336 0.040021
1.0 0.104871 0.640313 0.011926 0.031431
0.0 0.104000 0.617014 0.022512 0.020653
0.0 0.113969 0.627979 0.009766 0.021014
0.0 0.119141 0.575694 0.017969 0.016667
1.0 0.201645 0.639125 0.012336 0.040021
1.0 0.186535 0.640313 0.011926 0.031431
0.0 0.187406 0.617014 0.022512 0.020653
0.0 0.177437 0.627979 0.009766 0.021014
0.0 0.172266 0.575694 0.017969 0.016667
1.0 0.292105 0.639125 0.012336 0.040021
1.0 0.307215 0.640313 0.011926 0.031431
0.0 0.306344 0.617014 0.022512 0.020653
0.0 0.316313 0.627979 0.009766 0.021014
0.0 0.321484 0.575694 0.017969 0.016667
1.0 0.403988 0.639125 0.012336 0.040021
1.0 0.388879 0.640313 0.011926 0.031431
0.0 0.389750 0.617014 0.022512 0.020653
0.0 0.379781 0.627979 0.009766 0.021014
0.0 0.374609 0.575694 0.017969 0.016667
1.0 0.494449 0.639125 0.012336 0.040021
1.0 0.509559 0.640313 0.011926 0.031431
0.0 0.508688 0.617014 0.022512 0.020653
0.0 0.518656 0.627979 0.009766 0.021014
0.0 0.523828 0.575694 0.017969 0.016667
1.0 0.606332 0.639125 0.012336 0.040021
1.0 0.591223 0.640313 0.011926 0.031431
0.0 0.592094 0.617014 0.022512 0.020653
0.0 0.582125 0.627979 0.009766 0.021014
0.0 0.576953 0.575694 0.017969 0.016667
1.0 0.696793 0.639125 0.012336 0.040021
1.0 0.711902 0.640313 0.011926 0.031431
0.0 0.711031 0.617014 0.022512 0.020653
0.0 0.721000 0.627979 0.009766 0.021014
0.0 0.726172 0.575694 0.017969 0.016667
1.0 0.808676 0.639125 0.012336 0.040021
1.0 0.793566 0.640313 0.011926 0.031431
0.0 0.794437 0.617014 0.022512 0.020653
0.0 0.784469 0.627979 0.009766 0.021014
0.0 0.779297 0.575694 0.017969 0.016667
1.0 0.899137 0.639125 0.012336 0.040021
1.0 0.914246 0.640313 0.011926 0.031431
0.0 0.913375 0.617014 0.022512 0.020653
0.0 0.923344 0.627979 0.009766 0.021014
0.0 0.928516 0.575694 0.017969 0.016667
1.0 0.994974 0.640313 0.010053 0.031431
0.0 0.992763 0.617014 0.014475 0.020653
0.0 0.986812 0.627979 0.009766 0.021014
0.0 0.981641 0.575694 0.017969 0.016667
1.0 0.002734 0.765042 0.005469 0.040021
1.0 0.089762 0.765042 0.012336 0.040021
1.0 0.104871 0.763854 0.011926 0.031431
0.0 0.104000 0.787153 0.022512 0.020653
0.0 0.113969 0.776188 0.009766 0.021014
0.0 0.119141 0.828472 0.017969 0.016667
1.0 0.201645 0.765042 0.012336 0.040021
1.0 0.186535 0.763854 0.011926 0.031431
0.0 0.187406 0.787153 0.022512 0.020653
0.0 0.177437 0.776188 0.009766 0.021014
0.0 0.172266 0.828472 0.017969 0.016667
1.0 0.292105 0.765042 0.012336 0.040021
1.0 0.307215 0.763854 0.011926 0.031431
0.0 0.306344 0.787153 0.022512 0.020653
0.0 0.316313 0.776188 0.009766 0.021014
0.0 0.321484 0.828472 0.017969 0.016667
1.0 0.403988 0.765042 0.012336 0.040021
1.0 0.388879 0.763854 0.011926 0.031431
0.0 0.389750 0.787153 0.022512 0.020653
0.0 0.379781 0.776188 0.009766 0.021014
0.0 0.374609 0.828472 0.017969 0.016667
1.0 0.494449 0.765042 0.012336 0.040021
1.0 0.509559 0.763854 0.011926 0.031431
0.0 0.508688 0.787153 0.022512 0.020653
0.0 0.518656 0.776188 0.009766 0.021014
0.0 0.523828 0.828472 0.017969 0.016667
1.0 0.606332 0.765042 0.012336 0.040021
1.0 0.591223 0.763854 0.011926 0.031431
0.0 0.592094 0.787153 0.022512 0.020653
0.0 0.582125 0.776188 0.009766 0.021014
0.0 0.576953 0.828472 0.017969 0.016667
1.0 0.696793 0.765042 0.012336 0.040021
1.0 0.711902 0.763854 0.011926 0.031431
0.0 0.711031 0.787153 0.022512 0.020653
0.0 0.721000 0.776188 0.009766 0.021014
0.0 0.726172 0.828472 0.017969 0.016667
1.0 0.808676 0.765042 0.012336 0.040021
1.0 0.793566 0.763854 0.011926 0.031431
0.0 0.794437 0.787153 0.022512 0.020653
0.0 0.784469 0.776188 0.009766 0.021014
0.0 0.779297 0.828472 0.017969 0.016667
1.0 0.899137 0.765042 0.012336 0.040021
1.0 0.914246 0.763854 0.011926 0.031431
0.0 0.913375 0.787153 0.022512 0.020653
0.0 0.923344 0.776188 0.009766 0.021014
0.0 0.928516 0.828472 0.017969 0.016667
1.0 0.994974 0.763854 0.010053 0.031431
0.0 0.992763 0.787153 0.014475 0.020653
0.0 0.986812 0.776188 0.009766 0.021014
0.0 0.981641 0.828472 0.017969 0.016667
1.0 0.002734 0.908569 0.005469 0.040021
1.0 0.089762 0.908569 0.012336 0.040021
1.0 0.104871 0.909757 0.011926 0.031431
0.0 0.104000 0.886458 0.022512 0.020653
0.0 0.113969 0.897424 0.009766 0.021014
0.0 0.119141 0.845139 0.017969 0.016667
1.0 0.201645 0.908569 0.012336 0.040021
1.0 0.186535 0.909757 0.011926 0.031431
0.0 0.187406 0.886458 0.022512 0.020653
0.0 0.177437 0.897424 0.009766 0.021014
0.0 0.172266 0.845139 0.017969 0.016667
1.0 0.292105 0.908569 0.012336 0.040021
1.0 0.307215 0.909757 0.011926 0.031431
0.0 0.306344 0.886458 0.022512 0.020653
0.0 0.316313 0.897424 0.009766 0.021014
0.0 0.321484 0.845139 0.017969 0.016667
1.0 0.403988 0.908569 0.012336 0.040021
1.0 0.388879 0.909757 0.011926 0.031431
0.0 0.389750 0.886458 0.022512 0.020653
0.0 0.379781 0.897424 0.009766 0.021014
0.0 0.374609 0.845139 0.017969 0.016667
1.0 0.494449 0.908569 0.012336 0.040021
1.0 0.509559 0.909757 0.011926 0.031431
0.0 0.508688 0.886458 0.022512 0.020653
0.0 0.518656 0.897424 0.009766 0.021014
0.0 0.523828 0.845139 0.017969 0.016667
1.0 0.606332 0.908569 0.012336 0.040021
1.0 0.591223 0.909757 0.011926 0.031431
0.0 0.592094 0.886458 0.022512 0.020653
0.0 0.582125 0.897424 0.009766 0.021014
0.0 0.576953 0.845139 0.017969 0.016667
1.0 0.696793 0.908569 0.012336 0.040021
1.0 0.711902 0.909757 0.011926 0.031431
0.0 0.711031 0.886458 0.022512 0.020653
0.0 0.721000 0.897424 0.009766 0.021014
0.0 0.726172 0.845139 0.017969 0.016667
1.0 0.808676 0.908569 0.012336 0.040021
1.0 0.793566 0.909757 0.011926 0.031431
0.0 0.794437 0.886458 0.022512 0.020653
0.0 0.784469 0.897424 0.009766 0.021014
0.0 0.779297 0.845139 0.017969 0.016667
1.0 0.899137 0.908569 0.012336 0.040021
1.0 0.914246 0.909757 0.011926 0.031431
0.0 0.913375 0.886458 0.022512 0.020653
0.0 0.923344 0.897424 0.009766 0.021014
0.0 0.928516 0.845139 0.017969 0.016667
1.0 0.994974 0.909757 0.010053 0.031431
0.0 0.992763 0.886458 0.014475 0.020653
0.0 0.986812 0.897424 0.009766 0.021014
0.0 0.981641 0.845139 0.017969 0.016667
