0.0 0.121423 0.014236 0.048560 0.028472
0.0 0.137806 0.007085 0.015794 0.014170
0.0 0.169983 0.014236 0.048560 0.028472
0.0 0.153600 0.007085 0.015794 0.014170
0.0 0.323767 0.014236 0.048560 0.028472
0.0 0.340150 0.007085 0.015794 0.014170
0.0 0.372327 0.014236 0.048560 0.028472
0.0 0.355944 0.007085 0.015794 0.014170
0.0 0.526111 0.014236 0.048560 0.028472
0.0 0.542493 0.007085 0.015794 0.014170
0.0 0.574670 0.014236 0.048560 0.028472
0.0 0.558288 0.007085 0.015794 0.014170
0.0 0.728455 0.014236 0.048560 0.028472
0.0 0.744837 0.007085 0.015794 0.014170
0.0 0.777014 0.014236 0.048560 0.028472
0.0 0.760632 0.007085 0.015794 0.014170
0.0 0.930798 0.014236 0.048560 0.028472
0.0 0.947181 0.007085 0.015794 0.014170
0.0 0.977539 0.014236 0.044922 0.028472
0.0 0.962975 0.007085 0.015794 0.014170
1.0 0.006557 0.108161 0.013114 0.083790
1.0 0.096366 0.108161 0.040836 0.083790
1.0 0.126346 0.092859 0.032738 0.063957
0.0 0.121423 0.056007 0.048560 0.055069
0.0 0.137806 0.063745 0.015794 0.041940
1.0 0.195040 0.108161 0.040836 0.083790
1.0 0.165060 0.092859 0.032738 0.063957
0.0 0.169983 0.056007 0.048560 0.055069
0.0 0.153600 0.063745 0.015794 0.041940
1.0 0.298710 0.108161 0.040836 0.083790
1.0 0.328690 0.092859 0.032738 0.063957
0.0 0.323767 0.056007 0.048560 0.055069
0.0 0.340150 0.063745 0.015794 0.041940
1.0 0.397384 0.108161 0.040836 0.083790
1.0 0.367404 0.092859 0.032738 0.063957
0.0 0.372327 0.056007 0.048560 0.055069
0.0 0.355944 0.063745 0.015794 0.041940
1.0 0.501054 0.108161 0.040836 0.083790
1.0 0.531033 0.092859 0.032738 0.063957
0.0 0.526111 0.056007 0.048560 0.055069
0.0 0.542493 0.063745 0.015794 0.041940
1.0 0.599728 0.108161 0.040836 0.083790
1.0 0.569748 0.092859 0.032738 0.063957
0.0 0.574670 0.056007 0.048560 0.055069
0.0 0.558288 0.063745 0.015794 0.041940
1.0 0.703397 0.108161 0.040836 0.083790
1.0 0.733377 0.092859 0.032738 0.063957
0.0 0.728455 0.056007 0.048560 0.055069
0.0 0.744837 0.063745 0.015794 0.041940
1.0 0.802071 0.108161 0.040836 0.083790
1.0 0.772092 0.092859 0.032738 0.063957
0.0 0.777014 0.056007 0.048560 0.055069
0.0 0.760632 0.063745 0.015794 0.041940
1.0 0.905741 0.108161 0.040836 0.083790
1.0 0.935721 0.092859 0.032738 0.063957
0.0 0.930798 0.056007 0.048560 0.055069
0.0 0.947181 0.063745 0.015794 0.041940
1.0 0.991999 0.108161 0.016003 0.083790
1.0 0.974435 0.092859 0.032738 0.063957
0.0 0.977539 0.056007 0.044922 0.055069
0.0 0.962975 0.063745 0.015794 0.041940
1.0 0.006557 0.218228 0.013114 0.083790
1.0 0.096366 0.218228 0.040836 0.083790
1.0 0.126346 0.233530 0.032738 0.063957
0.0 0.121423 0.270382 0.048560 0.055069
0.0 0.137806 0.262644 0.015794 0.041940
1.0 0.195040 0.218228 0.040836 0.083790
1.0 0.165060 0.233530 0.032738 0.063957
0.0 0.169983 0.270382 0.048560 0.055069
0.0 0.153600 0.262644 0.015794 0.041940
1.0 0.298710 0.218228 0.040836 0.083790
1.0 0.328690 0.233530 0.032738 0.063957
0.0 0.323767 0.270382 0.048560 0.055069
0.0 0.340150 0.262644 0.015794 0.041940
1.0 0.397384 0.218228 0.040836 0.083790
1.0 0.367404 0.233530 0.032738 0.063957
0.0 0.372327 0.270382 0.048560 0.055069
0.0 0.355944 0.262644 0.015794 0.041940
1.0 0.501054 0.218228 0.040836 0.083790
1.0 0.531033 0.233530 0.032738 0.063957
0.0 0.526111 0.270382 0.048560 0.055069
0.0 0.542493 0.262644 0.015794 0.041940
1.0 0.599728 0.218228 0.040836 0.083790
1.0 0.569748 0.233530 0.032738 0.063957
0.0 0.574670 0.270382 0.048560 0.055069
0.0 0.558288 0.262644 0.015794 0.041940
1.0 0.703397 0.218228 0.040836 0.083790
1.0 0.733377 0.233530 0.032738 0.063957
0.0 0.728455 0.270382 0.048560 0.055069
0.0 0.744837 0.262644 0.015794 0.041940
1.0 0.802071 0.218228 0.040836 0.083790
1.0 0.772092 0.233530 0.032738 0.063957
0.0 0.777014 0.270382 0.048560 0.055069
0.0 0.760632 0.262644 0.015794 0.041940
1.0 0.905741 0.218228 0.040836 0.083790
1.0 0.935721 0.233530 0.032738 0.063957
0.0 0.930798 0.270382 0.048560 0.055069
0.0 0.947181 0.262644 0.015794 0.041940
1.0 0.991999 0.218228 0.016003 0.083790
1.0 0.974435 0.233530 0.032738 0.063957
0.0 0.977539 0.270382 0.044922 0.055069
0.0 0.962975 0.262644 0.015794 0.041940
1.0 0.006557 0.377605 0.013114 0.083790
1.0 0.096366 0.377605 0.040836 0.083790
1.0 0.126346 0.362304 0.032738 0.063957
0.0 0.121423 0.325451 0.048560 0.055069
0.0 0.137806 0.333189 0.015794 0.041940
1.0 0.195040 0.377605 0.040836 0.083790
1.0 0.165060 0.362304 0.032738 0.063957
0.0 0.169983 0.325451 0.048560 0.055069
0.0 0.153600 0.333189 0.015794 0.041940
1.0 0.298710 0.377605 0.040836 0.083790
1.0 0.328690 0.362304 0.032738 0.063957
0.0 0.323767 0.325451 0.048560 0.055069
0.0 0.340150 0.333189 0.015794 0.041940
1.0 0.397384 0.377605 0.040836 0.083790
1.0 0.367404 0.362304 0.032738 0.063957
0.0 0.372327 0.325451 0.048560 0.055069
0.0 0.355944 0.333189 0.015794 0.041940
1.0 0.501054 0.377605 0.040836 0.083790
1.0 0.531033 0.362304 0.032738 0.063957
0.0 0.526111 0.325451 0.048560 0.055069
0.0 0.542493 0.333189 0.015794 0.041940
1.0 0.599728 0.377605 0.040836 0.083790
1.0 0.569748 0.362304 0.032738 0.063957
0.0 0.574670 0.325451 0.048560 0.055069
0.0 0.558288 0.333189 0.015794 0.041940
1.0 0.703397 0.377605 0.040836 0.083790
1.0 0.733377 0.362304 0.032738 0.063957
0.0 0.728455 0.325451 0.048560 0.055069
0.0 0.744837 0.333189 0.015794 0.041940
1.0 0.802071 0.377605 0.040836 0.083790
1.0 0.772092 0.362304 0.032738 0.063957
0.0 0.777014 0.325451 0.048560 0.055069
0.0 0.760632 0.333189 0.015794 0.041940
1.0 0.905741 0.377605 0.040836 0.083790
1.0 0.935721 0.362304 0.032738 0.063957
0.0 0.930798 0.325451 0.048560 0.055069
0.0 0.947181 0.333189 0.015794 0.041940
1.0 0.991999 0.377605 0.016003 0.083790
1.0 0.974435 0.362304 0.032738 0.063957
0.0 0.977539 0.325451 0.044922 0.055069
0.0 0.962975 0.333189 0.015794 0.041940
1.0 0.006557 0.487672 0.013114 0.083790
1.0 0.096366 0.487672 0.040836 0.083790
1.0 0.126346 0.502974 0.032738 0.063957
0.0 0.121423 0.539827 0.048560 0.055069
0.0 0.137806 0.532089 0.015794 0.041940
1.0 0.195040 0.487672 0.040836 0.083790
1.0 0.165060 0.502974 0.032738 0.063957
0.0 0.169983 0.539827 0.048560 0.055069
0.0 0.153600 0.532089 0.015794 0.041940
1.0 0.298710 0.487672 0.040836 0.083790
1.0 0.328690 0.502974 0.032738 0.063957
0.0 0.323767 0.539827 0.048560 0.055069
0.0 0.340150 0.532089 0.015794 0.041940
1.0 0.397384 0.487672 0.040836 0.083790
1.0 0.367404 0.502974 0.032738 0.063957
0.0 0.372327 0.539827 0.048560 0.055069
0.0 0.355944 0.532089 0.015794 0.041940
1.0 0.501054 0.487672 0.040836 0.083790
1.0 0.531033 0.502974 0.032738 0.063957
0.0 0.526111 0.539827 0.048560 0.055069
0.0 0.542493 0.532089 0.015794 0.041940
1.0 0.599728 0.487672 0.040836 0.083790
1.0 0.569748 0.502974 0.032738 0.063957
0.0 0.574670 0.539827 0.048560 0.055069
0.0 0.558288 0.532089 0.015794 0.041940
1.0 0.703397 0.487672 0.040836 0.083790
1.0 0.733377 0.502974 0.032738 0.063957
0.0 0.728455 0.539827 0.048560 0.055069
0.0 0.744837 0.532089 0.015794 0.041940
1.0 0.802071 0.487672 0.040836 0.083790
1.0 0.772092 0.502974 0.032738 0.063957
0.0 0.777014 0.539827 0.048560 0.055069
0.0 0.760632 0.532089 0.015794 0.041940
1.0 0.905741 0.487672 0.040836 0.083790
1.0 0.935721 0.502974 0.032738 0.063957
0.0 0.930798 0.539827 0.048560 0.055069
0.0 0.947181 0.532089 0.015794 0.041940
1.0 0.991999 0.487672 0.016003 0.083790
1.0 0.974435 0.502974 0.032738 0.063957
0.0 0.977539 0.539827 0.044922 0.055069
0.0 0.962975 0.532089 0.015794 0.041940
1.0 0.006557 0.647050 0.013114 0.083790
1.0 0.096366 0.647050 0.040836 0.083790
1.0 0.126346 0.631748 0.032738 0.063957
0.0 0.121423 0.594896 0.048560 0.055069
0.0 0.137806 0.602634 0.015794 0.041940
1.0 0.195040 0.647050 0.040836 0.083790
1.0 0.165060 0.631748 0.032738 0.063957
0.0 0.169983 0.594896 0.048560 0.055069
0.0 0.153600 0.602634 0.015794 0.041940
1.0 0.298710 0.647050 0.040836 0.083790
1.0 0.328690 0.631748 0.032738 0.063957
0.0 0.323767 0.594896 0.048560 0.055069
0.0 0.340150 0.602634 0.015794 0.041940
1.0 0.397384 0.647050 0.040836 0.083790
1.0 0.367404 0.631748 0.032738 0.063957
0.0 0.372327 0.594896 0.048560 0.055069
0.0 0.355944 0.602634 0.015794 0.041940
1.0 0.501054 0.647050 0.040836 0.083790
1.0 0.531033 0.631748 0.032738 0.063957
0.0 0.526111 0.594896 0.048560 0.055069
0.0 0.542493 0.602634 0.015794 0.041940
1.0 0.599728 0.647050 0.040836 0.083790
1.0 0.569748 0.631748 0.032738 0.063957
0.0 0.574670 0.594896 0.048560 0.055069
0.0 0.558288 0.602634 0.015794 0.041940
1.0 0.703397 0.647050 0.040836 0.083790
1.0 0.733377 0.631748 0.032738 0.063957
0.0 0.728455 0.594896 0.048560 0.055069
0.0 0.744837 0.602634 0.015794 0.041940
1.0 0.802071 0.647050 0.040836 0.083790
1.0 0.772092 0.631748 0.032738 0.063957
0.0 0.777014 0.594896 0.048560 0.055069
0.0 0.760632 0.602634 0.015794 0.041940
1.0 0.905741 0.647050 0.040836 0.083790
1.0 0.935721 0.631748 0.032738 0.063957
0.0 0.930798 0.594896 0.048560 0.055069
0.0 0.947181 0.602634 0.015794 0.041940
1.0 0.991999 0.647050 0.016003 0.083790
1.0 0.974435 0.631748 0.032738 0.063957
0.0 0.977539 0.594896 0.044922 0.055069
0.0 0.962975 0.602634 0.015794 0.041940
1.0 0.006557 0.757117 0.013114 0.083790
1.0 0.096366 0.757117 0.040836 0.083790
1.0 0.126346 0.772419 0.032738 0.063957
0.0 0.121423 0.809271 0.048560 0.055069
0.0 0.137806 0.801533 0.015794 0.041940
1.0 0.195040 0.757117 0.040836 0.083790
1.0 0.165060 0.772419 0.032738 0.063957
0.0 0.169983 0.809271 0.048560 0.055069
0.0 0.153600 0.801533 0.015794 0.041940
1.0 0.298710 0.757117 0.040836 0.083790
1.0 0.328690 0.772419 0.032738 0.063957
0.0 0.323767 0.809271 0.048560 0.055069
0.0 0.340150 0.801533 0.015794 0.041940
1.0 0.397384 0.757117 0.040836 0.083790
1.0 0.367404 0.772419 0.032738 0.063957
0.0 0.372327 0.809271 0.048560 0.055069
0.0 0.355944 0.801533 0.015794 0.041940
1.0 0.501054 0.757117 0.040836 0.083790
1.0 0.531033 0.772419 0.032738 0.063957
0.0 0.526111 0.809271 0.048560 0.055069
0.0 0.542493 0.801533 0.015794 0.041940
1.0 0.599728 0.757117 0.040836 0.083790
1.0 0.569748 0.772419 0.032738 0.063957
0.0 0.574670 0.809271 0.048560 0.055069
0.0 0.558288 0.801533 0.015794 0.041940
1.0 0.703397 0.757117 0.040836 0.083790
1.0 0.733377 0.772419 0.032738 0.063957
0.0 0.728455 0.809271 0.048560 0.055069
0.0 0.744837 0.801533 0.015794 0.041940
1.0 0.802071 0.757117 0.040836 0.083790
1.0 0.772092 0.772419 0.032738 0.063957
0.0 0.777014 0.809271 0.048560 0.055069
0.0 0.760632 0.801533 0.015794 0.041940
1.0 0.905741 0.757117 0.040836 0.083790
1.0 0.935721 0.772419 0.032738 0.063957
0.0 0.930798 0.809271 0.048560 0.055069
0.0 0.947181 0.801533 0.015794 0.041940
1.0 0.991999 0.757117 0.016003 0.083790
1.0 0.974435 0.772419 0.032738 0.063957
0.0 0.977539 0.809271 0.044922 0.055069
0.0 0.962975 0.801533 0.015794 0.041940
1.0 0.006557 0.916494 0.013114 0.083790
1.0 0.096366 0.916494 0.040836 0.083790
1.0 0.126346 0.901193 0.032738 0.063957
0.0 0.121423 0.864340 0.048560 0.055069
0.0 0.137806 0.872078 0.015794 0.041940
1.0 0.195040 0.916494 0.040836 0.083790
1.0 0.165060 0.901193 0.032738 0.063957
0.0 0.169983 0.864340 0.048560 0.055069
0.0 0.153600 0.872078 0.015794 0.041940
1.0 0.298710 0.916494 0.040836 0.083790
1.0 0.328690 0.901193 0.032738 0.063957
0.0 0.323767 0.864340 0.048560 0.055069
0.0 0.340150 0.872078 0.015794 0.041940
1.0 0.397384 0.916494 0.040836 0.083790
1.0 0.367404 0.901193 0.032738 0.063957
0.0 0.372327 0.864340 0.048560 0.055069
0.0 0.355944 0.872078 0.015794 0.041940
1.0 0.501054 0.916494 0.040836 0.083790
1.0 0.531033 0.901193 0.032738 0.063957
0.0 0.526111 0.864340 0.048560 0.055069
0.0 0.542493 0.872078 0.015794 0.041940
1.0 0.599728 0.916494 0.040836 0.083790
1.0 0.569748 0.901193 0.032738 0.063957
0.0 0.574670 0.864340 0.048560 0.055069
0.0 0.558288 0.872078 0.015794 0.041940
1.0 0.703397 0.916494 0.040836 0.083790
1.0 0.733377 0.901193 0.032738 0.063957
0.0 0.728455 0.864340 0.048560 0.055069
0.0 0.744837 0.872078 0.015794 0.041940
1.0 0.802071 0.916494 0.040836 0.083790
1.0 0.772092 0.901193 0.032738 0.063957
0.0 0.777014 0.864340 0.048560 0.055069
0.0 0.760632 0.872078 0.015794 0.041940
1.0 0.905741 0.916494 0.040836 0.083790
1.0 0.935721 0.901193 0.032738 0.063957
0.0 0.930798 0.864340 0.048560 0.055069
0.0 0.947181 0.872078 0.015794 0.041940
1.0 0.991999 0.916494 0.016003 0.083790
1.0 0.974435 0.901193 0.032738 0.063957
0.0 0.977539 0.864340 0.044922 0.055069
0.0 0.962975 0.872078 0.015794 0.041940
1.0 0.096366 0.992333 0.040836 0.015334
1.0 0.195040 0.992333 0.040836 0.015334
1.0 0.298710 0.992333 0.040836 0.015334
1.0 0.397384 0.992333 0.040836 0.015334
1.0 0.501054 0.992333 0.040836 0.015334
1.0 0.599728 0.992333 0.040836 0.015334
1.0 0.703397 0.992333 0.040836 0.015334
1.0 0.802071 0.992333 0.040836 0.015334
1.0 0.905741 0.992333 0.040836 0.015334
