1.0 0.106621 0.031029 0.130076 0.062058
1.0 0.197895 0.036914 0.091396 0.073828
1.0 0.034950 0.037774 0.069900 0.075548
1.0 0.132216 0.053270 0.052381 0.055621
1.0 0.493379 0.031029 0.130076 0.062058
1.0 0.402105 0.036914 0.091396 0.073828
1.0 0.587953 0.037774 0.115706 0.075548
1.0 0.467784 0.053270 0.052381 0.055621
1.0 0.906621 0.031029 0.130076 0.062058
1.0 0.976098 0.036914 0.047803 0.073828
1.0 0.812047 0.037774 0.115706 0.075548
1.0 0.932216 0.053270 0.052381 0.055621
1.0 0.106621 0.607513 0.130076 0.230808
0.0 0.062291 0.701858 0.098880 0.042117
0.0 0.244120 0.663377 0.045182 0.079984
1.0 0.197895 0.595962 0.091396 0.231247
1.0 0.034950 0.600768 0.069900 0.244298
1.0 0.132216 0.500897 0.052381 0.055621
1.0 0.493379 0.607513 0.130076 0.230808
0.0 0.537709 0.701858 0.098880 0.042117
0.0 0.355880 0.663377 0.045182 0.079984
1.0 0.402105 0.595962 0.091396 0.231247
1.0 0.587953 0.600768 0.115706 0.244298
1.0 0.467784 0.500897 0.052381 0.055621
1.0 0.906621 0.607513 0.130076 0.230808
0.0 0.862291 0.701858 0.098880 0.042117
1.0 0.976098 0.595962 0.047803 0.231247
1.0 0.812047 0.600768 0.115706 0.244298
1.0 0.932216 0.500897 0.052381 0.055621
1.0 0.106621 0.838321 0.130076 0.230808
0.0 0.062291 0.743975 0.098880 0.042117
0.0 0.244120 0.782456 0.045182 0.079984
1.0 0.197895 0.849871 0.091396 0.231247
1.0 0.034950 0.845066 0.069900 0.244298
1.0 0.132216 0.944936 0.052381 0.055621
1.0 0.493379 0.838321 0.130076 0.230808
0.0 0.537709 0.743975 0.098880 0.042117
0.0 0.355880 0.782456 0.045182 0.079984
1.0 0.402105 0.849871 0.091396 0.231247
1.0 0.587953 0.845066 0.115706 0.244298
1.0 0.467784 0.944936 0.052381 0.055621
1.0 0.906621 0.838321 0.130076 0.230808
0.0 0.862291 0.743975 0.098880 0.042117
1.0 0.976098 0.849871 0.047803 0.231247
1.0 0.812047 0.845066 0.115706 0.244298
1.0 0.932216 0.944936 0.052381 0.055621
