1.0 0.684261 0.016892 0.073450 0.033784
1.0 0.784489 0.016892 0.073450 0.033784
1.0 0.040031 0.584317 0.080063 0.211391
1.0 0.129131 0.641689 0.129467 0.206082
1.0 0.221788 0.685327 0.087673 0.184902
0.0 0.212007 0.601519 0.030669 0.042488
0.0 0.183271 0.757118 0.034627 0.041320
1.0 0.519272 0.584317 0.136170 0.211391
1.0 0.402119 0.641689 0.129467 0.206082
1.0 0.309462 0.685327 0.087673 0.184902
1.0 0.684261 0.467489 0.073450 0.113658
1.0 0.619345 0.493470 0.072088 0.114483
0.0 0.604316 0.597088 0.050493 0.071616
0.0 0.596828 0.536567 0.021208 0.036850
0.0 0.319243 0.601519 0.030669 0.042488
0.0 0.347979 0.757118 0.034627 0.041320
1.0 0.940696 0.584317 0.118607 0.211391
1.0 0.784489 0.467489 0.073450 0.113658
1.0 0.849405 0.493470 0.072088 0.114483
0.0 0.864434 0.597088 0.050493 0.071616
0.0 0.871922 0.536567 0.021208 0.036850
1.0 0.040031 0.932772 0.080063 0.134457
1.0 0.129131 0.905413 0.129467 0.189174
1.0 0.221788 0.870229 0.087673 0.184902
0.0 0.212007 0.954037 0.030669 0.042488
0.0 0.183271 0.798438 0.034627 0.041320
1.0 0.519272 0.932772 0.136170 0.134457
1.0 0.402119 0.905413 0.129467 0.189174
1.0 0.309462 0.870229 0.087673 0.184902
0.0 0.604316 0.958467 0.050493 0.071616
0.0 0.319243 0.954037 0.030669 0.042488
0.0 0.347979 0.798438 0.034627 0.041320
1.0 0.940696 0.932772 0.118607 0.134457
0.0 0.864434 0.958467 0.050493 0.071616
