1 0.38333333333333336 0.7125 0.11666666666666667 0.38
1 0.8258333333333333 0.5775 0.051666666666666666 0.115
1 0.44916666666666666 0.57875 0.018333333333333333 0.1175
1 0.21833333333333332 0.575 0.05333333333333334 0.115
1 0.5808333333333333 0.72875 0.115 0.4175
1 0.14083333333333334 0.575 0.06166666666666667 0.115
1 0.7408333333333333 0.57625 0.051666666666666666 0.1125
1 0.7258333333333333 0.575 0.025 0.105
1 0.2375 0.575 0.021666666666666667 0.105
1 0.8041666666666667 0.57875 0.03166666666666667 0.1025
1 0.325 0.5775 0.02666666666666667 0.04
1 0.15833333333333333 0.5757 0.02666666666666667 0.1036
1 0.515 0.5775 0.016666666666666666 0.115
1 0.09166666666666666 0.572225 0.0463 0.061099999999999995
0 0.37593333333333334 0.902775 0.1259333333333334 0.08610000000000013
0 0.5870333333333334 0.9 0.11666666666666667 0.08332500000000011
0 0.12731666666666666 0.628475 0.041666666666666664 0.02082499999999996
0 0.83935 0.63055 0.045366666666666715 0.02500000000000007