1 0.5005952380952381 0.43227513227513226 0.1488095238095238 0.32486772486772486
1 0.35327380952380955 0.47619047619047616 0.17559523809523808 0.37671957671957673
1 0.22351190476190477 0.4291005291005291 0.12321428571428572 0.3037037037037037
1 0.6238095238095238 0.3058201058201058 0.06428571428571428 0.1312169312169312
1 0.7035714285714286 0.31322751322751324 0.08095238095238096 0.1439153439153439
1 0.8363095238095238 0.2962962962962963 0.08214285714285714 0.12486772486772486
1 0.9321428571428572 0.30264550264550266 0.09404761904761905 0.13333333333333333
1 0.7580357142857143 0.3037037037037037 0.06488095238095239 0.13544973544973546
1 0.5645833333333333 0.3322751322751323 0.08988095238095238 0.182010582010582
1 0.47767857142857145 0.2841269841269841 0.0744047619047619 0.06031746031746032
1 0.969047619047619 0.29365079365079366 0.05238095238095238 0.12169312169312169
1 0.5491071428571429 0.2634920634920635 0.052976190476190475 0.04656084656084656
1 0.07529761904761904 0.32063492063492066 0.04702380952380952 0.06772486772486773
1 0.6598214285714286 0.29947089947089944 0.04107142857142857 0.12063492063492064
0 0.3958333333333333 0.671957671957672 0.10119047619047619 0.09523809523809523
0 0.18526785714285715 0.542994708994709 0.0818452380952381 0.051587301587301584
0 0.7786488095238095 0.3664021164021164 0.031994047619047616 0.023809523809523808
0 0.9828869047619048 0.3558201058201058 0.025297619047619048 0.023809523809523808