1 0.5975728155339806 0.5720524017467249 0.09223300970873786 0.30858806404657935
1 0.4383495145631068 0.5735080058224163 0.08446601941747572 0.31149927219796214
1 0.712135922330097 0.4468704512372635 0.035922330097087375 0.09898107714701601
1 0.6592233009708738 0.44759825327510916 0.03495145631067961 0.10043668122270742
1 0.2975728155339806 0.44905385735080056 0.03398058252427184 0.10043668122270742
1 0.3509708737864078 0.4497816593886463 0.03398058252427184 0.09898107714701601
1 0.19805825242718447 0.46142649199417757 0.031067961165048542 0.040756914119359534
0 0.4311553398058252 0.7807278020378458 0.17387378640776702 0.11114992721979615
0 0.622242718446602 0.7760989810771469 0.16593203883495153 0.11777292576419218
0 0.4496893203883496 0.6986899563318777 0.1332718446601942 0.06352256186317319
0 0.6279805825242719 0.6967103347889374 0.12798058252427177 0.059548762736535615