1 0.46358267716535434 0.48668639053254437 0.1515748031496063 0.29289940828402367
1 0.33070866141732286 0.4940828402366864 0.18110236220472442 0.30177514792899407
1 0.9399606299212598 0.4408284023668639 0.12007874015748031 0.23668639053254437
1 0.1889763779527559 0.40976331360946744 0.06692913385826772 0.10355029585798817
1 0.05216535433070866 0.43047337278106507 0.0610236220472441 0.038461538461538464
1 0.6151574803149606 0.41124260355029585 0.02952755905511811 0.023668639053254437
1 0.7372047244094488 0.42011834319526625 0.03346456692913386 0.029585798816568046
1 0.8789370078740157 0.41124260355029585 0.025590551181102362 0.05917159763313609
1 0.780511811023622 0.41863905325443784 0.03346456692913386 0.026627218934911243
1 0.5492125984251969 0.40976331360946744 0.031496062992125984 0.03254437869822485
1 0.2312992125984252 0.3979289940828402 0.021653543307086614 0.020710059171597635
1 0.12303149606299213 0.41863905325443784 0.03740157480314961 0.014792899408284023
1 0.16830708661417323 0.4334319526627219 0.02952755905511811 0.04437869822485207
0 0.2608267716535433 0.6300295857988165 0.12616141732283467 0.038994082840236706
0 0.3798228346456693 0.6475147928994083 0.14226377952755903 0.041686390532544304