1 0.8273333333333334 0.5775 0.050666666666666665 0.115
1 0.7516666666666667 0.578 0.038 0.114
1 0.387 0.714 0.118 0.378
1 0.21933333333333332 0.575 0.05466666666666667 0.116
1 0.13133333333333333 0.5765 0.042666666666666665 0.115
1 0.578 0.70836 0.11333333333333333 0.37271000000000004
1 0.727 0.576 0.024666666666666667 0.106
1 0.238 0.576 0.021333333333333333 0.106
1 0.15766666666666668 0.5765 0.03133333333333333 0.103
1 0.8036666666666666 0.582 0.028666666666666667 0.096
1 0.32566666666666666 0.5785 0.027333333333333334 0.041
1 0.45 0.581 0.018666666666666668 0.12
1 0.48133333333333334 0.5825 0.08266666666666667 0.125
1 0.5173333333333333 0.578 0.013333333333333334 0.112
1 0.093 0.567 0.042 0.046
1 0.27366666666666667 0.588 0.015333333333333332 0.01
0 0.37809333333333334 0.905 0.12190666666666664 0.0871400000000001
0 0.5876199999999999 0.9042899999999999 0.12380666666666669 0.08856999999999994