0.0 0.244303 0.013890 0.090170 0.027780
1.0 0.149252 0.121528 0.064127 0.226851
1.0 0.254395 0.130788 0.069986 0.209490
0.0 0.257715 0.059896 0.123242 0.119792
0.0 0.176563 0.003646 0.078125 0.007292
0.0 0.443197 0.013890 0.090170 0.027780
1.0 0.538248 0.121528 0.064127 0.226851
1.0 0.433105 0.130788 0.069986 0.209490
0.0 0.429785 0.059896 0.123242 0.119792
0.0 0.510937 0.003646 0.078125 0.007292
0.0 0.869303 0.013890 0.090170 0.027780
1.0 0.774252 0.121528 0.064127 0.226851
1.0 0.879395 0.130788 0.069986 0.209490
0.0 0.882715 0.059896 0.123242 0.119792
0.0 0.801563 0.003646 0.078125 0.007292
0.0 0.996582 0.059896 0.006836 0.119792
0.0 0.244303 0.602719 0.090170 0.094330
1.0 0.149252 0.461806 0.064127 0.226851
1.0 0.254395 0.452545 0.069986 0.209490
0.0 0.257715 0.527951 0.123242 0.128819
0.0 0.176563 0.616840 0.078125 0.081597
0.0 0.443197 0.602719 0.090170 0.094330
1.0 0.538248 0.461806 0.064127 0.226851
1.0 0.433105 0.452545 0.069986 0.209490
0.0 0.429785 0.527951 0.123242 0.128819
0.0 0.510937 0.616840 0.078125 0.081597
0.0 0.869303 0.602719 0.090170 0.094330
1.0 0.774252 0.461806 0.064127 0.226851
1.0 0.879395 0.452545 0.069986 0.209490
0.0 0.882715 0.527951 0.123242 0.128819
0.0 0.801563 0.616840 0.078125 0.081597
0.0 0.996582 0.527951 0.006836 0.128819
0.0 0.244303 0.813948 0.090170 0.094330
1.0 0.149252 0.920718 0.064127 0.158564
1.0 0.254395 0.929688 0.069986 0.140623
0.0 0.257715 0.888715 0.123242 0.128819
0.0 0.176563 0.799826 0.078125 0.081597
0.0 0.443197 0.813948 0.090170 0.094330
1.0 0.538248 0.920718 0.064127 0.158564
1.0 0.433105 0.929688 0.069986 0.140623
0.0 0.429785 0.888715 0.123242 0.128819
0.0 0.510937 0.799826 0.078125 0.081597
0.0 0.869303 0.813948 0.090170 0.094330
1.0 0.774252 0.920718 0.064127 0.158564
1.0 0.879395 0.929688 0.069986 0.140623
0.0 0.882715 0.888715 0.123242 0.128819
0.0 0.801563 0.799826 0.078125 0.081597
0.0 0.996582 0.888715 0.006836 0.128819
