0.0 0.241111 0.007577 0.089106 0.015153
1.0 0.191742 0.145833 0.092991 0.291667
1.0 0.276968 0.133523 0.094426 0.267046
0.0 0.446389 0.007577 0.089106 0.015153
1.0 0.495758 0.145833 0.092991 0.291667
1.0 0.410532 0.133523 0.094426 0.267046
0.0 0.866111 0.007577 0.089106 0.015153
1.0 0.816742 0.145833 0.092991 0.291667
1.0 0.901968 0.133523 0.094426 0.267046
1.0 0.994159 0.133523 0.011681 0.267046
0.0 0.241111 0.638257 0.089106 0.140153
1.0 0.191742 0.438872 0.092991 0.294411
1.0 0.276968 0.460121 0.094426 0.287668
0.0 0.446389 0.638257 0.089106 0.140153
1.0 0.495758 0.438872 0.092991 0.294411
1.0 0.410532 0.460121 0.094426 0.287668
0.0 0.866111 0.638257 0.089106 0.140153
1.0 0.816742 0.438872 0.092991 0.294411
1.0 0.901968 0.460121 0.094426 0.287668
1.0 0.994159 0.460121 0.011681 0.287668
0.0 0.241111 0.778410 0.089106 0.140153
1.0 0.191742 0.915294 0.092991 0.169411
1.0 0.276968 0.906356 0.094426 0.187289
0.0 0.446389 0.778410 0.089106 0.140153
1.0 0.495758 0.915294 0.092991 0.169411
1.0 0.410532 0.906356 0.094426 0.187289
0.0 0.866111 0.778410 0.089106 0.140153
1.0 0.816742 0.915294 0.092991 0.169411
1.0 0.901968 0.906356 0.094426 0.187289
1.0 0.994159 0.906356 0.011681 0.187289
