0.0 0.132229 0.053008 0.054408 0.060651
1.0 0.090186 0.041667 0.088649 0.083333
1.0 0.023557 0.027976 0.047114 0.055951
0.0 0.242771 0.053008 0.054408 0.060651
1.0 0.284814 0.041667 0.088649 0.083333
1.0 0.361860 0.027976 0.067947 0.055951
0.0 0.548896 0.053008 0.054408 0.060651
1.0 0.506853 0.041667 0.088649 0.083333
1.0 0.429807 0.027976 0.067947 0.055951
0.0 0.659438 0.053008 0.054408 0.060651
1.0 0.701480 0.041667 0.088649 0.083333
1.0 0.778526 0.027976 0.067947 0.055951
0.0 0.965562 0.053008 0.054408 0.060651
1.0 0.923520 0.041667 0.088649 0.083333
1.0 0.846474 0.027976 0.067947 0.055951
0.0 0.132229 0.113659 0.054408 0.060651
1.0 0.090186 0.164690 0.088649 0.162713
1.0 0.023557 0.193870 0.047114 0.166309
1.0 0.095181 0.246846 0.054079 0.069659
1.0 0.029509 0.272231 0.032123 0.053044
0.0 0.242771 0.113659 0.054408 0.060651
1.0 0.284814 0.164690 0.088649 0.162713
1.0 0.361860 0.193870 0.067947 0.166309
1.0 0.279819 0.246846 0.054079 0.069659
1.0 0.345491 0.272231 0.032123 0.053044
0.0 0.548896 0.113659 0.054408 0.060651
1.0 0.506853 0.164690 0.088649 0.162713
1.0 0.429807 0.193870 0.067947 0.166309
1.0 0.511848 0.246846 0.054079 0.069659
1.0 0.446176 0.272231 0.032123 0.053044
0.0 0.659438 0.113659 0.054408 0.060651
1.0 0.701480 0.164690 0.088649 0.162713
1.0 0.778526 0.193870 0.067947 0.166309
1.0 0.696485 0.246846 0.054079 0.069659
1.0 0.762158 0.272231 0.032123 0.053044
0.0 0.965562 0.113659 0.054408 0.060651
1.0 0.923520 0.164690 0.088649 0.162713
1.0 0.846474 0.193870 0.067947 0.166309
1.0 0.928515 0.246846 0.054079 0.069659
1.0 0.862842 0.272231 0.032123 0.053044
0.0 0.132229 0.608563 0.054408 0.060651
1.0 0.090186 0.557532 0.088649 0.162713
1.0 0.023557 0.528352 0.047114 0.166309
1.0 0.095181 0.475376 0.054079 0.069659
1.0 0.029509 0.449991 0.032123 0.053044
0.0 0.242771 0.608563 0.054408 0.060651
1.0 0.284814 0.557532 0.088649 0.162713
1.0 0.361860 0.528352 0.067947 0.166309
1.0 0.279819 0.475376 0.054079 0.069659
1.0 0.345491 0.449991 0.032123 0.053044
0.0 0.548896 0.608563 0.054408 0.060651
1.0 0.506853 0.557532 0.088649 0.162713
1.0 0.429807 0.528352 0.067947 0.166309
1.0 0.511848 0.475376 0.054079 0.069659
1.0 0.446176 0.449991 0.032123 0.053044
0.0 0.659438 0.608563 0.054408 0.060651
1.0 0.701480 0.557532 0.088649 0.162713
1.0 0.778526 0.528352 0.067947 0.166309
1.0 0.696485 0.475376 0.054079 0.069659
1.0 0.762158 0.449991 0.032123 0.053044
0.0 0.965562 0.608563 0.054408 0.060651
1.0 0.923520 0.557532 0.088649 0.162713
1.0 0.846474 0.528352 0.067947 0.166309
1.0 0.928515 0.475376 0.054079 0.069659
1.0 0.862842 0.449991 0.032123 0.053044
0.0 0.132229 0.669214 0.054408 0.060651
1.0 0.090186 0.720246 0.088649 0.162713
1.0 0.023557 0.749425 0.047114 0.166309
1.0 0.095181 0.802402 0.054079 0.069659
1.0 0.029509 0.827787 0.032123 0.053044
0.0 0.242771 0.669214 0.054408 0.060651
1.0 0.284814 0.720246 0.088649 0.162713
1.0 0.361860 0.749425 0.067947 0.166309
1.0 0.279819 0.802402 0.054079 0.069659
1.0 0.345491 0.827787 0.032123 0.053044
0.0 0.548896 0.669214 0.054408 0.060651
1.0 0.506853 0.720246 0.088649 0.162713
1.0 0.429807 0.749425 0.067947 0.166309
1.0 0.511848 0.802402 0.054079 0.069659
1.0 0.446176 0.827787 0.032123 0.053044
0.0 0.659438 0.669214 0.054408 0.060651
1.0 0.701480 0.720246 0.088649 0.162713
1.0 0.778526 0.749425 0.067947 0.166309
1.0 0.696485 0.802402 0.054079 0.069659
1.0 0.762158 0.827787 0.032123 0.053044
0.0 0.965562 0.669214 0.054408 0.060651
1.0 0.923520 0.720246 0.088649 0.162713
1.0 0.846474 0.749425 0.067947 0.166309
1.0 0.928515 0.802402 0.054079 0.069659
1.0 0.862842 0.827787 0.032123 0.053044
1.0 0.095181 0.998051 0.054079 0.003898
1.0 0.029509 0.989512 0.032123 0.020976
1.0 0.279819 0.998051 0.054079 0.003898
1.0 0.345491 0.989512 0.032123 0.020976
1.0 0.511848 0.998051 0.054079 0.003898
1.0 0.446176 0.989512 0.032123 0.020976
1.0 0.696485 0.998051 0.054079 0.003898
1.0 0.762158 0.989512 0.032123 0.020976
1.0 0.928515 0.998051 0.054079 0.003898
1.0 0.862842 0.989512 0.032123 0.020976
