1.0 0.014066 0.042539 0.028132 0.085079
1.0 0.096084 0.042539 0.123431 0.085079
1.0 0.233861 0.049937 0.127780 0.099873
1.0 0.100739 0.089501 0.077344 0.069590
1.0 0.202151 0.103353 0.045634 0.054741
1.0 0.591416 0.042539 0.123431 0.085079
1.0 0.453639 0.049937 0.127780 0.099873
1.0 0.586761 0.089501 0.077344 0.069590
1.0 0.485349 0.103353 0.045634 0.054741
1.0 0.721084 0.042539 0.123431 0.085079
1.0 0.858861 0.049937 0.127780 0.099873
1.0 0.725739 0.089501 0.077344 0.069590
1.0 0.827151 0.103353 0.045634 0.054741
0.0 0.015625 0.638158 0.031250 0.081792
1.0 0.014066 0.587760 0.028132 0.179010
0.0 0.020164 0.624298 0.022172 0.064750
0.0 0.048015 0.638158 0.033531 0.081792
1.0 0.096084 0.587760 0.123431 0.179010
1.0 0.233861 0.573239 0.127780 0.179558
1.0 0.100739 0.493832 0.077344 0.069590
1.0 0.202151 0.479980 0.045634 0.054741
0.0 0.042336 0.624298 0.022172 0.064750
0.0 0.639485 0.638158 0.033531 0.081792
1.0 0.591416 0.587760 0.123431 0.179010
1.0 0.453639 0.573239 0.127780 0.179558
1.0 0.586761 0.493832 0.077344 0.069590
1.0 0.485349 0.479980 0.045634 0.054741
0.0 0.645164 0.624298 0.022172 0.064750
0.0 0.673015 0.638158 0.033531 0.081792
1.0 0.721084 0.587760 0.123431 0.179010
1.0 0.858861 0.573239 0.127780 0.179558
1.0 0.725739 0.493832 0.077344 0.069590
1.0 0.827151 0.479980 0.045634 0.054741
0.0 0.667336 0.624298 0.022172 0.064750
0.0 0.015625 0.778508 0.031250 0.081792
1.0 0.014066 0.828907 0.028132 0.179010
0.0 0.020164 0.792368 0.022172 0.064750
0.0 0.048015 0.778508 0.033531 0.081792
1.0 0.096084 0.828907 0.123431 0.179010
1.0 0.233861 0.843428 0.127780 0.179558
1.0 0.100739 0.922835 0.077344 0.069590
1.0 0.202151 0.936686 0.045634 0.054741
0.0 0.042336 0.792368 0.022172 0.064750
0.0 0.639485 0.778508 0.033531 0.081792
1.0 0.591416 0.828907 0.123431 0.179010
1.0 0.453639 0.843428 0.127780 0.179558
1.0 0.586761 0.922835 0.077344 0.069590
1.0 0.485349 0.936686 0.045634 0.054741
0.0 0.645164 0.792368 0.022172 0.064750
0.0 0.673015 0.778508 0.033531 0.081792
1.0 0.721084 0.828907 0.123431 0.179010
1.0 0.858861 0.843428 0.127780 0.179558
1.0 0.725739 0.922835 0.077344 0.069590
1.0 0.827151 0.936686 0.045634 0.054741
0.0 0.667336 0.792368 0.022172 0.064750
