0.0 0.071648 0.164413 0.031029 0.037263
1.0 0.044877 0.137726 0.049223 0.082311
1.0 0.008229 0.125879 0.016459 0.081254
1.0 0.045311 0.094446 0.031080 0.033170
1.0 0.007217 0.084819 0.014434 0.025734
0.0 0.030776 0.106131 0.043768 0.052853
0.0 0.147102 0.164413 0.031029 0.037263
1.0 0.173873 0.137726 0.049223 0.082311
1.0 0.227305 0.125879 0.050028 0.081254
1.0 0.173439 0.094446 0.031080 0.033170
1.0 0.213360 0.084819 0.018089 0.025734
0.0 0.187974 0.106131 0.043768 0.052853
0.0 0.239510 0.132940 0.041723 0.050454
0.0 0.384148 0.164413 0.031029 0.037263
1.0 0.357377 0.137726 0.049223 0.082311
1.0 0.303945 0.125879 0.050028 0.081254
1.0 0.357811 0.094446 0.031080 0.033170
1.0 0.317890 0.084819 0.018089 0.025734
0.0 0.343276 0.106131 0.043768 0.052853
0.0 0.291740 0.132940 0.041723 0.050454
0.0 0.459602 0.164413 0.031029 0.037263
1.0 0.486373 0.137726 0.049223 0.082311
1.0 0.539805 0.125879 0.050028 0.081254
1.0 0.485939 0.094446 0.031080 0.033170
1.0 0.525860 0.084819 0.018089 0.025734
0.0 0.500474 0.106131 0.043768 0.052853
0.0 0.552010 0.132940 0.041723 0.050454
0.0 0.696648 0.164413 0.031029 0.037263
1.0 0.669877 0.137726 0.049223 0.082311
1.0 0.616445 0.125879 0.050028 0.081254
1.0 0.670311 0.094446 0.031080 0.033170
1.0 0.630390 0.084819 0.018089 0.025734
0.0 0.655776 0.106131 0.043768 0.052853
0.0 0.604240 0.132940 0.041723 0.050454
0.0 0.772102 0.164413 0.031029 0.037263
1.0 0.798873 0.137726 0.049223 0.082311
1.0 0.852305 0.125879 0.050028 0.081254
1.0 0.798439 0.094446 0.031080 0.033170
1.0 0.838360 0.084819 0.018089 0.025734
0.0 0.812974 0.106131 0.043768 0.052853
0.0 0.864510 0.132940 0.041723 0.050454
0.0 0.996817 0.164413 0.006367 0.037263
1.0 0.978883 0.137726 0.042235 0.082311
1.0 0.928945 0.125879 0.050028 0.081254
1.0 0.982811 0.094446 0.031080 0.033170
1.0 0.942890 0.084819 0.018089 0.025734
0.0 0.968276 0.106131 0.043768 0.052853
0.0 0.916740 0.132940 0.041723 0.050454
0.0 0.071648 0.210587 0.031029 0.037263
1.0 0.044877 0.237274 0.049223 0.082311
1.0 0.008229 0.249121 0.016459 0.081254
1.0 0.045311 0.280554 0.031080 0.033170
1.0 0.007217 0.290181 0.014434 0.025734
0.0 0.030776 0.268869 0.043768 0.052853
0.0 0.147102 0.210587 0.031029 0.037263
1.0 0.173873 0.237274 0.049223 0.082311
1.0 0.227305 0.249121 0.050028 0.081254
1.0 0.173439 0.280554 0.031080 0.033170
1.0 0.213360 0.290181 0.018089 0.025734
0.0 0.187974 0.268869 0.043768 0.052853
0.0 0.239510 0.242060 0.041723 0.050454
0.0 0.384148 0.210587 0.031029 0.037263
1.0 0.357377 0.237274 0.049223 0.082311
1.0 0.303945 0.249121 0.050028 0.081254
1.0 0.357811 0.280554 0.031080 0.033170
1.0 0.317890 0.290181 0.018089 0.025734
0.0 0.343276 0.268869 0.043768 0.052853
0.0 0.291740 0.242060 0.041723 0.050454
0.0 0.459602 0.210587 0.031029 0.037263
1.0 0.486373 0.237274 0.049223 0.082311
1.0 0.539805 0.249121 0.050028 0.081254
1.0 0.485939 0.280554 0.031080 0.033170
1.0 0.525860 0.290181 0.018089 0.025734
0.0 0.500474 0.268869 0.043768 0.052853
0.0 0.552010 0.242060 0.041723 0.050454
0.0 0.696648 0.210587 0.031029 0.037263
1.0 0.669877 0.237274 0.049223 0.082311
1.0 0.616445 0.249121 0.050028 0.081254
1.0 0.670311 0.280554 0.031080 0.033170
1.0 0.630390 0.290181 0.018089 0.025734
0.0 0.655776 0.268869 0.043768 0.052853
0.0 0.604240 0.242060 0.041723 0.050454
0.0 0.772102 0.210587 0.031029 0.037263
1.0 0.798873 0.237274 0.049223 0.082311
1.0 0.852305 0.249121 0.050028 0.081254
1.0 0.798439 0.280554 0.031080 0.033170
1.0 0.838360 0.290181 0.018089 0.025734
0.0 0.812974 0.268869 0.043768 0.052853
0.0 0.864510 0.242060 0.041723 0.050454
0.0 0.996817 0.210587 0.006367 0.037263
1.0 0.978883 0.237274 0.042235 0.082311
1.0 0.928945 0.249121 0.050028 0.081254
1.0 0.982811 0.280554 0.031080 0.033170
1.0 0.942890 0.290181 0.018089 0.025734
0.0 0.968276 0.268869 0.043768 0.052853
0.0 0.916740 0.242060 0.041723 0.050454
0.0 0.071648 0.581080 0.031029 0.037263
1.0 0.044877 0.554392 0.049223 0.082311
1.0 0.008229 0.542545 0.016459 0.081254
1.0 0.045311 0.511113 0.031080 0.033170
1.0 0.007217 0.501486 0.014434 0.025734
0.0 0.030776 0.522798 0.043768 0.052853
0.0 0.147102 0.581080 0.031029 0.037263
1.0 0.173873 0.554392 0.049223 0.082311
1.0 0.227305 0.542545 0.050028 0.081254
1.0 0.173439 0.511113 0.031080 0.033170
1.0 0.213360 0.501486 0.018089 0.025734
0.0 0.187974 0.522798 0.043768 0.052853
0.0 0.239510 0.549606 0.041723 0.050454
0.0 0.384148 0.581080 0.031029 0.037263
1.0 0.357377 0.554392 0.049223 0.082311
1.0 0.303945 0.542545 0.050028 0.081254
1.0 0.357811 0.511113 0.031080 0.033170
1.0 0.317890 0.501486 0.018089 0.025734
0.0 0.343276 0.522798 0.043768 0.052853
0.0 0.291740 0.549606 0.041723 0.050454
0.0 0.459602 0.581080 0.031029 0.037263
1.0 0.486373 0.554392 0.049223 0.082311
1.0 0.539805 0.542545 0.050028 0.081254
1.0 0.485939 0.511113 0.031080 0.033170
1.0 0.525860 0.501486 0.018089 0.025734
0.0 0.500474 0.522798 0.043768 0.052853
0.0 0.552010 0.549606 0.041723 0.050454
0.0 0.696648 0.581080 0.031029 0.037263
1.0 0.669877 0.554392 0.049223 0.082311
1.0 0.616445 0.542545 0.050028 0.081254
1.0 0.670311 0.511113 0.031080 0.033170
1.0 0.630390 0.501486 0.018089 0.025734
0.0 0.655776 0.522798 0.043768 0.052853
0.0 0.604240 0.549606 0.041723 0.050454
0.0 0.772102 0.581080 0.031029 0.037263
1.0 0.798873 0.554392 0.049223 0.082311
1.0 0.852305 0.542545 0.050028 0.081254
1.0 0.798439 0.511113 0.031080 0.033170
1.0 0.838360 0.501486 0.018089 0.025734
0.0 0.812974 0.522798 0.043768 0.052853
0.0 0.864510 0.549606 0.041723 0.050454
0.0 0.996817 0.581080 0.006367 0.037263
1.0 0.978883 0.554392 0.042235 0.082311
1.0 0.928945 0.542545 0.050028 0.081254
1.0 0.982811 0.511113 0.031080 0.033170
1.0 0.942890 0.501486 0.018089 0.025734
0.0 0.968276 0.522798 0.043768 0.052853
0.0 0.916740 0.549606 0.041723 0.050454
0.0 0.071648 0.627253 0.031029 0.037263
1.0 0.044877 0.653941 0.049223 0.082311
1.0 0.008229 0.665788 0.016459 0.081254
1.0 0.045311 0.697221 0.031080 0.033170
1.0 0.007217 0.706848 0.014434 0.025734
0.0 0.030776 0.685536 0.043768 0.052853
0.0 0.147102 0.627253 0.031029 0.037263
1.0 0.173873 0.653941 0.049223 0.082311
1.0 0.227305 0.665788 0.050028 0.081254
1.0 0.173439 0.697221 0.031080 0.033170
1.0 0.213360 0.706848 0.018089 0.025734
0.0 0.187974 0.685536 0.043768 0.052853
0.0 0.239510 0.658727 0.041723 0.050454
0.0 0.384148 0.627253 0.031029 0.037263
1.0 0.357377 0.653941 0.049223 0.082311
1.0 0.303945 0.665788 0.050028 0.081254
1.0 0.357811 0.697221 0.031080 0.033170
1.0 0.317890 0.706848 0.018089 0.025734
0.0 0.343276 0.685536 0.043768 0.052853
0.0 0.291740 0.658727 0.041723 0.050454
0.0 0.459602 0.627253 0.031029 0.037263
1.0 0.486373 0.653941 0.049223 0.082311
1.0 0.539805 0.665788 0.050028 0.081254
1.0 0.485939 0.697221 0.031080 0.033170
1.0 0.525860 0.706848 0.018089 0.025734
0.0 0.500474 0.685536 0.043768 0.052853
0.0 0.552010 0.658727 0.041723 0.050454
0.0 0.696648 0.627253 0.031029 0.037263
1.0 0.669877 0.653941 0.049223 0.082311
1.0 0.616445 0.665788 0.050028 0.081254
1.0 0.670311 0.697221 0.031080 0.033170
1.0 0.630390 0.706848 0.018089 0.025734
0.0 0.655776 0.685536 0.043768 0.052853
0.0 0.604240 0.658727 0.041723 0.050454
0.0 0.772102 0.627253 0.031029 0.037263
1.0 0.798873 0.653941 0.049223 0.082311
1.0 0.852305 0.665788 0.050028 0.081254
1.0 0.798439 0.697221 0.031080 0.033170
1.0 0.838360 0.706848 0.018089 0.025734
0.0 0.812974 0.685536 0.043768 0.052853
0.0 0.864510 0.658727 0.041723 0.050454
0.0 0.996817 0.627253 0.006367 0.037263
1.0 0.978883 0.653941 0.042235 0.082311
1.0 0.928945 0.665788 0.050028 0.081254
1.0 0.982811 0.697221 0.031080 0.033170
1.0 0.942890 0.706848 0.018089 0.025734
0.0 0.968276 0.685536 0.043768 0.052853
0.0 0.916740 0.658727 0.041723 0.050454
0.0 0.071648 0.989558 0.031029 0.020885
1.0 0.044877 0.964952 0.049223 0.070097
1.0 0.008229 0.959212 0.016459 0.081254
1.0 0.045311 0.927779 0.031080 0.033170
1.0 0.007217 0.918152 0.014434 0.025734
0.0 0.030776 0.939464 0.043768 0.052853
0.0 0.147102 0.989558 0.031029 0.020885
1.0 0.173873 0.964952 0.049223 0.070097
1.0 0.227305 0.959212 0.050028 0.081254
1.0 0.173439 0.927779 0.031080 0.033170
1.0 0.213360 0.918152 0.018089 0.025734
0.0 0.187974 0.939464 0.043768 0.052853
0.0 0.239510 0.966273 0.041723 0.050454
0.0 0.384148 0.989558 0.031029 0.020885
1.0 0.357377 0.964952 0.049223 0.070097
1.0 0.303945 0.959212 0.050028 0.081254
1.0 0.357811 0.927779 0.031080 0.033170
1.0 0.317890 0.918152 0.018089 0.025734
0.0 0.343276 0.939464 0.043768 0.052853
0.0 0.291740 0.966273 0.041723 0.050454
0.0 0.459602 0.989558 0.031029 0.020885
1.0 0.486373 0.964952 0.049223 0.070097
1.0 0.539805 0.959212 0.050028 0.081254
1.0 0.485939 0.927779 0.031080 0.033170
1.0 0.525860 0.918152 0.018089 0.025734
0.0 0.500474 0.939464 0.043768 0.052853
0.0 0.552010 0.966273 0.041723 0.050454
0.0 0.696648 0.989558 0.031029 0.020885
1.0 0.669877 0.964952 0.049223 0.070097
1.0 0.616445 0.959212 0.050028 0.081254
1.0 0.670311 0.927779 0.031080 0.033170
1.0 0.630390 0.918152 0.018089 0.025734
0.0 0.655776 0.939464 0.043768 0.052853
0.0 0.604240 0.966273 0.041723 0.050454
0.0 0.772102 0.989558 0.031029 0.020885
1.0 0.798873 0.964952 0.049223 0.070097
1.0 0.852305 0.959212 0.050028 0.081254
1.0 0.798439 0.927779 0.031080 0.033170
1.0 0.838360 0.918152 0.018089 0.025734
0.0 0.812974 0.939464 0.043768 0.052853
0.0 0.864510 0.966273 0.041723 0.050454
0.0 0.996817 0.989558 0.006367 0.020885
1.0 0.978883 0.964952 0.042235 0.070097
1.0 0.928945 0.959212 0.050028 0.081254
1.0 0.982811 0.927779 0.031080 0.033170
1.0 0.942890 0.918152 0.018089 0.025734
0.0 0.968276 0.939464 0.043768 0.052853
0.0 0.916740 0.966273 0.041723 0.050454
