1.0 0.249489 0.036672 0.127088 0.073343
1.0 0.102959 0.035429 0.143418 0.070859
1.0 0.252916 0.084839 0.082352 0.073389
1.0 0.141775 0.087496 0.053276 0.063778
1.0 0.438011 0.036672 0.127088 0.073343
1.0 0.584541 0.035429 0.143418 0.070859
1.0 0.434584 0.084839 0.082352 0.073389
1.0 0.545725 0.087496 0.053276 0.063778
1.0 0.874489 0.036672 0.127088 0.073343
1.0 0.727959 0.035429 0.143418 0.070859
1.0 0.877916 0.084839 0.082352 0.073389
1.0 0.766775 0.087496 0.053276 0.063778
1.0 0.015625 0.610404 0.031250 0.195859
0.0 0.309240 0.643691 0.069020 0.078786
1.0 0.249489 0.603249 0.127088 0.186519
1.0 0.102959 0.610404 0.143418 0.195859
1.0 0.252916 0.498495 0.082352 0.073389
1.0 0.141775 0.495838 0.053276 0.063778
0.0 0.378260 0.643691 0.069020 0.078786
1.0 0.438011 0.603249 0.127088 0.186519
1.0 0.584541 0.610404 0.143418 0.195859
1.0 0.434584 0.498495 0.082352 0.073389
1.0 0.545725 0.495838 0.053276 0.063778
0.0 0.934240 0.643691 0.069020 0.078786
1.0 0.874489 0.603249 0.127088 0.186519
1.0 0.727959 0.610404 0.143418 0.195859
1.0 0.877916 0.498495 0.082352 0.073389
1.0 0.766775 0.495838 0.053276 0.063778
0.0 0.984375 0.643691 0.031250 0.078786
1.0 0.015625 0.806263 0.031250 0.195859
0.0 0.309240 0.772975 0.069020 0.078786
1.0 0.249489 0.813417 0.127088 0.186519
1.0 0.102959 0.806263 0.143418 0.195859
1.0 0.252916 0.918172 0.082352 0.073389
1.0 0.141775 0.920829 0.053276 0.063778
0.0 0.378260 0.772975 0.069020 0.078786
1.0 0.438011 0.813417 0.127088 0.186519
1.0 0.584541 0.806263 0.143418 0.195859
1.0 0.434584 0.918172 0.082352 0.073389
1.0 0.545725 0.920829 0.053276 0.063778
0.0 0.934240 0.772975 0.069020 0.078786
1.0 0.874489 0.813417 0.127088 0.186519
1.0 0.727959 0.806263 0.143418 0.195859
1.0 0.877916 0.918172 0.082352 0.073389
1.0 0.766775 0.920829 0.053276 0.063778
0.0 0.984375 0.772975 0.031250 0.078786
