0.0 0.039605 0.256944 0.079210 0.195218
0.0 0.196724 0.256944 0.114367 0.195218
0.0 0.334526 0.256944 0.114367 0.195218
0.0 0.509224 0.256944 0.114367 0.195218
0.0 0.647026 0.256944 0.114367 0.195218
0.0 0.821724 0.256944 0.114367 0.195218
0.0 0.951171 0.256944 0.097658 0.195218
0.0 0.039605 0.465278 0.079210 0.195218
0.0 0.196724 0.465278 0.114367 0.195218
0.0 0.334526 0.465278 0.114367 0.195218
0.0 0.509224 0.465278 0.114367 0.195218
0.0 0.647026 0.465278 0.114367 0.195218
0.0 0.821724 0.465278 0.114367 0.195218
0.0 0.951171 0.465278 0.097658 0.195218
0.0 0.039605 0.812500 0.079210 0.195218
0.0 0.196724 0.812500 0.114367 0.195218
0.0 0.334526 0.812500 0.114367 0.195218
0.0 0.509224 0.812500 0.114367 0.195218
0.0 0.647026 0.812500 0.114367 0.195218
0.0 0.821724 0.812500 0.114367 0.195218
0.0 0.951171 0.812500 0.097658 0.195218
0.0 0.039605 0.961612 0.079210 0.076775
0.0 0.196724 0.961612 0.114367 0.076775
0.0 0.334526 0.961612 0.114367 0.076775
0.0 0.509224 0.961612 0.114367 0.076775
0.0 0.647026 0.961612 0.114367 0.076775
0.0 0.821724 0.961612 0.114367 0.076775
0.0 0.951171 0.961612 0.097658 0.076775
