0.0 0.045250 0.093750 0.089187 0.187500
0.0 0.134437 0.093750 0.089187 0.187500
0.0 0.279625 0.093750 0.089187 0.187500
0.0 0.368812 0.093750 0.089187 0.187500
0.0 0.514000 0.093750 0.089187 0.187500
0.0 0.603187 0.093750 0.089187 0.187500
0.0 0.748375 0.093750 0.089187 0.187500
0.0 0.837562 0.093750 0.089187 0.187500
0.0 0.969078 0.093750 0.061844 0.187500
0.0 0.045250 0.291667 0.089187 0.208333
0.0 0.134437 0.291667 0.089187 0.208333
0.0 0.279625 0.291667 0.089187 0.208333
0.0 0.368812 0.291667 0.089187 0.208333
0.0 0.514000 0.291667 0.089187 0.208333
0.0 0.603187 0.291667 0.089187 0.208333
0.0 0.748375 0.291667 0.089187 0.208333
0.0 0.837562 0.291667 0.089187 0.208333
0.0 0.969078 0.291667 0.061844 0.208333
0.0 0.045250 0.500000 0.089187 0.208333
0.0 0.134437 0.500000 0.089187 0.208333
0.0 0.279625 0.500000 0.089187 0.208333
0.0 0.368812 0.500000 0.089187 0.208333
0.0 0.514000 0.500000 0.089187 0.208333
0.0 0.603187 0.500000 0.089187 0.208333
0.0 0.748375 0.500000 0.089187 0.208333
0.0 0.837562 0.500000 0.089187 0.208333
0.0 0.969078 0.500000 0.061844 0.208333
0.0 0.045250 0.708333 0.089187 0.208333
0.0 0.134437 0.708333 0.089187 0.208333
0.0 0.279625 0.708333 0.089187 0.208333
0.0 0.368812 0.708333 0.089187 0.208333
0.0 0.514000 0.708333 0.089187 0.208333
0.0 0.603187 0.708333 0.089187 0.208333
0.0 0.748375 0.708333 0.089187 0.208333
0.0 0.837562 0.708333 0.089187 0.208333
0.0 0.969078 0.708333 0.061844 0.208333
0.0 0.045250 0.906250 0.089187 0.187500
0.0 0.134437 0.906250 0.089187 0.187500
0.0 0.279625 0.906250 0.089187 0.187500
0.0 0.368812 0.906250 0.089187 0.187500
0.0 0.514000 0.906250 0.089187 0.187500
0.0 0.603187 0.906250 0.089187 0.187500
0.0 0.748375 0.906250 0.089187 0.187500
0.0 0.837562 0.906250 0.089187 0.187500
0.0 0.969078 0.906250 0.061844 0.187500
