0.0 0.034258 0.015882 0.068516 0.031764
0.0 0.201907 0.015882 0.103347 0.031764
0.0 0.329343 0.015882 0.103347 0.031764
0.0 0.514407 0.015882 0.103347 0.031764
0.0 0.641843 0.015882 0.103347 0.031764
0.0 0.826907 0.015882 0.103347 0.031764
0.0 0.951335 0.015882 0.097330 0.031764
0.0 0.034258 0.219615 0.068516 0.169425
0.0 0.201907 0.219615 0.103347 0.169425
0.0 0.329343 0.219615 0.103347 0.169425
0.0 0.514407 0.219615 0.103347 0.169425
0.0 0.641843 0.219615 0.103347 0.169425
0.0 0.826907 0.219615 0.103347 0.169425
0.0 0.951335 0.219615 0.097330 0.169425
0.0 0.034258 0.502607 0.068516 0.169425
0.0 0.201907 0.502607 0.103347 0.169425
0.0 0.329343 0.502607 0.103347 0.169425
0.0 0.514407 0.502607 0.103347 0.169425
0.0 0.641843 0.502607 0.103347 0.169425
0.0 0.826907 0.502607 0.103347 0.169425
0.0 0.951335 0.502607 0.097330 0.169425
0.0 0.034258 0.775171 0.068516 0.169425
0.0 0.201907 0.775171 0.103347 0.169425
0.0 0.329343 0.775171 0.103347 0.169425
0.0 0.514407 0.775171 0.103347 0.169425
0.0 0.641843 0.775171 0.103347 0.169425
0.0 0.826907 0.775171 0.103347 0.169425
0.0 0.951335 0.775171 0.097330 0.169425
0.0 0.034258 0.986725 0.068516 0.026550
0.0 0.201907 0.986725 0.103347 0.026550
0.0 0.329343 0.986725 0.103347 0.026550
0.0 0.514407 0.986725 0.103347 0.026550
0.0 0.641843 0.986725 0.103347 0.026550
0.0 0.826907 0.986725 0.103347 0.026550
0.0 0.951335 0.986725 0.097330 0.026550
