0.0 0.033312 0.014853 0.066624 0.029706
0.0 0.207031 0.014853 0.109810 0.029706
0.0 0.324219 0.014853 0.109810 0.029706
0.0 0.519531 0.014853 0.109810 0.029706
0.0 0.636719 0.014853 0.109810 0.029706
0.0 0.832031 0.014853 0.109810 0.029706
0.0 0.947157 0.014853 0.105686 0.029706
0.0 0.033312 0.238620 0.066624 0.203319
0.0 0.207031 0.238620 0.109810 0.203319
0.0 0.324219 0.238620 0.109810 0.203319
0.0 0.519531 0.238620 0.109810 0.203319
0.0 0.636719 0.238620 0.109810 0.203319
0.0 0.832031 0.238620 0.109810 0.203319
0.0 0.947157 0.238620 0.105686 0.203319
0.0 0.033312 0.483602 0.066624 0.203319
0.0 0.207031 0.483602 0.109810 0.203319
0.0 0.324219 0.483602 0.109810 0.203319
0.0 0.519531 0.483602 0.109810 0.203319
0.0 0.636719 0.483602 0.109810 0.203319
0.0 0.832031 0.483602 0.109810 0.203319
0.0 0.947157 0.483602 0.105686 0.203319
0.0 0.033312 0.794176 0.066624 0.203319
0.0 0.207031 0.794176 0.109810 0.203319
0.0 0.324219 0.794176 0.109810 0.203319
0.0 0.519531 0.794176 0.109810 0.203319
0.0 0.636719 0.794176 0.109810 0.203319
0.0 0.832031 0.794176 0.109810 0.203319
0.0 0.947157 0.794176 0.105686 0.203319
0.0 0.033312 0.968749 0.066624 0.062502
0.0 0.207031 0.968749 0.109810 0.062502
0.0 0.324219 0.968749 0.109810 0.062502
0.0 0.519531 0.968749 0.109810 0.062502
0.0 0.636719 0.968749 0.109810 0.062502
0.0 0.832031 0.968749 0.109810 0.062502
0.0 0.947157 0.968749 0.105686 0.062502
