0.0 0.048883 0.139825 0.097766 0.279650
0.0 0.290961 0.139825 0.183704 0.279650
0.0 0.474664 0.139825 0.183704 0.279650
0.0 0.759711 0.139825 0.183704 0.279650
0.0 0.925781 0.139825 0.148438 0.279650
0.0 0.048883 0.495126 0.097766 0.382884
0.0 0.290961 0.495126 0.183704 0.382884
0.0 0.474664 0.495126 0.183704 0.382884
0.0 0.759711 0.495126 0.183704 0.382884
0.0 0.925781 0.495126 0.148438 0.382884
0.0 0.048883 0.865049 0.097766 0.269901
0.0 0.290961 0.865049 0.183704 0.269901
0.0 0.474664 0.865049 0.183704 0.269901
0.0 0.759711 0.865049 0.183704 0.269901
0.0 0.925781 0.865049 0.148438 0.269901
