0.0 0.024012 0.179071 0.048024 0.068221
1.0 0.057293 0.204310 0.084920 0.128954
0.0 0.294927 0.179071 0.067153 0.068221
1.0 0.367296 0.289742 0.034940 0.098407
1.0 0.252082 0.204310 0.084920 0.128954
0.0 0.474604 0.179071 0.067153 0.068221
1.0 0.402236 0.289742 0.034940 0.098407
1.0 0.517449 0.204310 0.084920 0.128954
0.0 0.755083 0.179071 0.067153 0.068221
1.0 0.827452 0.289742 0.034940 0.098407
1.0 0.712238 0.204310 0.084920 0.128954
0.0 0.934761 0.179071 0.067153 0.068221
1.0 0.862392 0.289742 0.034940 0.098407
1.0 0.967573 0.204310 0.064855 0.128954
0.0 0.024012 0.505652 0.048024 0.068221
1.0 0.057293 0.480413 0.084920 0.128954
0.0 0.294927 0.505652 0.067153 0.068221
1.0 0.367296 0.394980 0.034940 0.098407
1.0 0.252082 0.480413 0.084920 0.128954
0.0 0.474604 0.505652 0.067153 0.068221
1.0 0.402236 0.394980 0.034940 0.098407
1.0 0.517449 0.480413 0.084920 0.128954
0.0 0.755083 0.505652 0.067153 0.068221
1.0 0.827452 0.394980 0.034940 0.098407
1.0 0.712238 0.480413 0.084920 0.128954
0.0 0.934761 0.505652 0.067153 0.068221
1.0 0.862392 0.394980 0.034940 0.098407
1.0 0.967573 0.480413 0.064855 0.128954
0.0 0.024012 0.808237 0.048024 0.068221
1.0 0.057293 0.833476 0.084920 0.128954
0.0 0.294927 0.808237 0.067153 0.068221
1.0 0.367296 0.918909 0.034940 0.098407
1.0 0.252082 0.833476 0.084920 0.128954
0.0 0.474604 0.808237 0.067153 0.068221
1.0 0.402236 0.918909 0.034940 0.098407
1.0 0.517449 0.833476 0.084920 0.128954
0.0 0.755083 0.808237 0.067153 0.068221
1.0 0.827452 0.918909 0.034940 0.098407
1.0 0.712238 0.833476 0.084920 0.128954
0.0 0.934761 0.808237 0.067153 0.068221
1.0 0.862392 0.918909 0.034940 0.098407
1.0 0.967573 0.833476 0.064855 0.128954
1.0 0.367296 0.987472 0.034940 0.025057
1.0 0.402236 0.987472 0.034940 0.025057
1.0 0.827452 0.987472 0.034940 0.025057
1.0 0.862392 0.987472 0.034940 0.025057
