0.0 0.092746 0.018750 0.070129 0.037500
1.0 0.049799 0.018750 0.099598 0.037500
0.0 0.290066 0.018750 0.070129 0.037500
1.0 0.335970 0.018750 0.105511 0.037500
0.0 0.504205 0.018750 0.070129 0.037500
1.0 0.458301 0.018750 0.105511 0.037500
0.0 0.701525 0.018750 0.070129 0.037500
1.0 0.747428 0.018750 0.105511 0.037500
0.0 0.915663 0.018750 0.070129 0.037500
1.0 0.869759 0.018750 0.105511 0.037500
0.0 0.092746 0.068800 0.070129 0.062599
1.0 0.049799 0.137344 0.099598 0.199688
1.0 0.147375 0.240650 0.068668 0.174757
1.0 0.173579 0.249293 0.035654 0.176670
0.0 0.290066 0.068800 0.070129 0.062599
1.0 0.335970 0.137344 0.105511 0.199688
1.0 0.235438 0.240650 0.068668 0.174757
1.0 0.209233 0.249293 0.035654 0.176670
0.0 0.504205 0.068800 0.070129 0.062599
1.0 0.458301 0.137344 0.105511 0.199688
1.0 0.558833 0.240650 0.068668 0.174757
1.0 0.585038 0.249293 0.035654 0.176670
0.0 0.701525 0.068800 0.070129 0.062599
1.0 0.747428 0.137344 0.105511 0.199688
1.0 0.646896 0.240650 0.068668 0.174757
1.0 0.620691 0.249293 0.035654 0.176670
0.0 0.915663 0.068800 0.070129 0.062599
1.0 0.869759 0.137344 0.105511 0.199688
1.0 0.967979 0.240650 0.064043 0.174757
1.0 0.989335 0.249293 0.021331 0.176670
0.0 0.092746 0.622867 0.070129 0.062599
1.0 0.049799 0.554323 0.099598 0.199688
1.0 0.147375 0.451017 0.068668 0.174757
1.0 0.173579 0.442374 0.035654 0.176670
0.0 0.290066 0.622867 0.070129 0.062599
1.0 0.335970 0.554323 0.105511 0.199688
1.0 0.235438 0.451017 0.068668 0.174757
1.0 0.209233 0.442374 0.035654 0.176670
0.0 0.504205 0.622867 0.070129 0.062599
1.0 0.458301 0.554323 0.105511 0.199688
1.0 0.558833 0.451017 0.068668 0.174757
1.0 0.585038 0.442374 0.035654 0.176670
0.0 0.701525 0.622867 0.070129 0.062599
1.0 0.747428 0.554323 0.105511 0.199688
1.0 0.646896 0.451017 0.068668 0.174757
1.0 0.620691 0.442374 0.035654 0.176670
0.0 0.915663 0.622867 0.070129 0.062599
1.0 0.869759 0.554323 0.105511 0.199688
1.0 0.967979 0.451017 0.064043 0.174757
1.0 0.989335 0.442374 0.021331 0.176670
0.0 0.092746 0.685466 0.070129 0.062599
1.0 0.049799 0.754011 0.099598 0.199688
1.0 0.147375 0.857316 0.068668 0.174757
1.0 0.173579 0.865959 0.035654 0.176670
0.0 0.290066 0.685466 0.070129 0.062599
1.0 0.335970 0.754011 0.105511 0.199688
1.0 0.235438 0.857316 0.068668 0.174757
1.0 0.209233 0.865959 0.035654 0.176670
0.0 0.504205 0.685466 0.070129 0.062599
1.0 0.458301 0.754011 0.105511 0.199688
1.0 0.558833 0.857316 0.068668 0.174757
1.0 0.585038 0.865959 0.035654 0.176670
0.0 0.701525 0.685466 0.070129 0.062599
1.0 0.747428 0.754011 0.105511 0.199688
1.0 0.646896 0.857316 0.068668 0.174757
1.0 0.620691 0.865959 0.035654 0.176670
0.0 0.915663 0.685466 0.070129 0.062599
1.0 0.869759 0.754011 0.105511 0.199688
1.0 0.967979 0.857316 0.064043 0.174757
1.0 0.989335 0.865959 0.021331 0.176670
1.0 0.147375 0.990153 0.068668 0.019694
1.0 0.173579 0.985353 0.035654 0.029294
1.0 0.235438 0.990153 0.068668 0.019694
1.0 0.209233 0.985353 0.035654 0.029294
1.0 0.558833 0.990153 0.068668 0.019694
1.0 0.585038 0.985353 0.035654 0.029294
1.0 0.646896 0.990153 0.068668 0.019694
1.0 0.620691 0.985353 0.035654 0.029294
1.0 0.967979 0.990153 0.064043 0.019694
1.0 0.989335 0.985353 0.021331 0.029294
