0.0 0.037356 0.005177 0.029430 0.010354
1.0 0.002638 0.042207 0.005277 0.064599
1.0 0.054317 0.030316 0.034263 0.060631
0.0 0.157176 0.005177 0.029430 0.010354
1.0 0.200780 0.042207 0.023050 0.064599
1.0 0.140214 0.030316 0.034263 0.060631
0.0 0.267434 0.005177 0.029430 0.010354
1.0 0.223830 0.042207 0.023050 0.064599
1.0 0.284395 0.030316 0.034263 0.060631
0.0 0.387254 0.005177 0.029430 0.010354
1.0 0.430858 0.042207 0.023050 0.064599
1.0 0.370292 0.030316 0.034263 0.060631
0.0 0.497512 0.005177 0.029430 0.010354
1.0 0.453908 0.042207 0.023050 0.064599
1.0 0.514473 0.030316 0.034263 0.060631
0.0 0.617332 0.005177 0.029430 0.010354
1.0 0.660936 0.042207 0.023050 0.064599
1.0 0.600371 0.030316 0.034263 0.060631
0.0 0.727590 0.005177 0.029430 0.010354
1.0 0.683986 0.042207 0.023050 0.064599
1.0 0.744551 0.030316 0.034263 0.060631
0.0 0.847410 0.005177 0.029430 0.010354
1.0 0.891014 0.042207 0.023050 0.064599
1.0 0.830449 0.030316 0.034263 0.060631
0.0 0.957668 0.005177 0.029430 0.010354
1.0 0.914064 0.042207 0.023050 0.064599
1.0 0.974629 0.030316 0.034263 0.060631
0.0 0.037356 0.224119 0.029430 0.042556
1.0 0.002638 0.170988 0.005277 0.064599
1.0 0.054317 0.193282 0.034263 0.081438
0.0 0.157176 0.224119 0.029430 0.042556
1.0 0.200780 0.170988 0.023050 0.064599
1.0 0.140214 0.193282 0.034263 0.081438
0.0 0.267434 0.224119 0.029430 0.042556
1.0 0.223830 0.170988 0.023050 0.064599
1.0 0.284395 0.193282 0.034263 0.081438
0.0 0.387254 0.224119 0.029430 0.042556
1.0 0.430858 0.170988 0.023050 0.064599
1.0 0.370292 0.193282 0.034263 0.081438
0.0 0.497512 0.224119 0.029430 0.042556
1.0 0.453908 0.170988 0.023050 0.064599
1.0 0.514473 0.193282 0.034263 0.081438
0.0 0.617332 0.224119 0.029430 0.042556
1.0 0.660936 0.170988 0.023050 0.064599
1.0 0.600371 0.193282 0.034263 0.081438
0.0 0.727590 0.224119 0.029430 0.042556
1.0 0.683986 0.170988 0.023050 0.064599
1.0 0.744551 0.193282 0.034263 0.081438
0.0 0.847410 0.224119 0.029430 0.042556
1.0 0.891014 0.170988 0.023050 0.064599
1.0 0.830449 0.193282 0.034263 0.081438
0.0 0.957668 0.224119 0.029430 0.042556
1.0 0.914064 0.170988 0.023050 0.064599
1.0 0.974629 0.193282 0.034263 0.081438
0.0 0.037356 0.303659 0.029430 0.042556
1.0 0.002638 0.356790 0.005277 0.064599
1.0 0.054317 0.334496 0.034263 0.081438
0.0 0.157176 0.303659 0.029430 0.042556
1.0 0.200780 0.356790 0.023050 0.064599
1.0 0.140214 0.334496 0.034263 0.081438
0.0 0.267434 0.303659 0.029430 0.042556
1.0 0.223830 0.356790 0.023050 0.064599
1.0 0.284395 0.334496 0.034263 0.081438
0.0 0.387254 0.303659 0.029430 0.042556
1.0 0.430858 0.356790 0.023050 0.064599
1.0 0.370292 0.334496 0.034263 0.081438
0.0 0.497512 0.303659 0.029430 0.042556
1.0 0.453908 0.356790 0.023050 0.064599
1.0 0.514473 0.334496 0.034263 0.081438
0.0 0.617332 0.303659 0.029430 0.042556
1.0 0.660936 0.356790 0.023050 0.064599
1.0 0.600371 0.334496 0.034263 0.081438
0.0 0.727590 0.303659 0.029430 0.042556
1.0 0.683986 0.356790 0.023050 0.064599
1.0 0.744551 0.334496 0.034263 0.081438
0.0 0.847410 0.303659 0.029430 0.042556
1.0 0.891014 0.356790 0.023050 0.064599
1.0 0.830449 0.334496 0.034263 0.081438
0.0 0.957668 0.303659 0.029430 0.042556
1.0 0.914064 0.356790 0.023050 0.064599
1.0 0.974629 0.334496 0.034263 0.081438
0.0 0.037356 0.538702 0.029430 0.042556
1.0 0.002638 0.485571 0.005277 0.064599
1.0 0.054317 0.507865 0.034263 0.081438
0.0 0.157176 0.538702 0.029430 0.042556
1.0 0.200780 0.485571 0.023050 0.064599
1.0 0.140214 0.507865 0.034263 0.081438
0.0 0.267434 0.538702 0.029430 0.042556
1.0 0.223830 0.485571 0.023050 0.064599
1.0 0.284395 0.507865 0.034263 0.081438
0.0 0.387254 0.538702 0.029430 0.042556
1.0 0.430858 0.485571 0.023050 0.064599
1.0 0.370292 0.507865 0.034263 0.081438
0.0 0.497512 0.538702 0.029430 0.042556
1.0 0.453908 0.485571 0.023050 0.064599
1.0 0.514473 0.507865 0.034263 0.081438
0.0 0.617332 0.538702 0.029430 0.042556
1.0 0.660936 0.485571 0.023050 0.064599
1.0 0.600371 0.507865 0.034263 0.081438
0.0 0.727590 0.538702 0.029430 0.042556
1.0 0.683986 0.485571 0.023050 0.064599
1.0 0.744551 0.507865 0.034263 0.081438
0.0 0.847410 0.538702 0.029430 0.042556
1.0 0.891014 0.485571 0.023050 0.064599
1.0 0.830449 0.507865 0.034263 0.081438
0.0 0.957668 0.538702 0.029430 0.042556
1.0 0.914064 0.485571 0.023050 0.064599
1.0 0.974629 0.507865 0.034263 0.081438
0.0 0.037356 0.618242 0.029430 0.042556
1.0 0.002638 0.671373 0.005277 0.064599
1.0 0.054317 0.649079 0.034263 0.081438
0.0 0.157176 0.618242 0.029430 0.042556
1.0 0.200780 0.671373 0.023050 0.064599
1.0 0.140214 0.649079 0.034263 0.081438
0.0 0.267434 0.618242 0.029430 0.042556
1.0 0.223830 0.671373 0.023050 0.064599
1.0 0.284395 0.649079 0.034263 0.081438
0.0 0.387254 0.618242 0.029430 0.042556
1.0 0.430858 0.671373 0.023050 0.064599
1.0 0.370292 0.649079 0.034263 0.081438
0.0 0.497512 0.618242 0.029430 0.042556
1.0 0.453908 0.671373 0.023050 0.064599
1.0 0.514473 0.649079 0.034263 0.081438
0.0 0.617332 0.618242 0.029430 0.042556
1.0 0.660936 0.671373 0.023050 0.064599
1.0 0.600371 0.649079 0.034263 0.081438
0.0 0.727590 0.618242 0.029430 0.042556
1.0 0.683986 0.671373 0.023050 0.064599
1.0 0.744551 0.649079 0.034263 0.081438
0.0 0.847410 0.618242 0.029430 0.042556
1.0 0.891014 0.671373 0.023050 0.064599
1.0 0.830449 0.649079 0.034263 0.081438
0.0 0.957668 0.618242 0.029430 0.042556
1.0 0.914064 0.671373 0.023050 0.064599
1.0 0.974629 0.649079 0.034263 0.081438
0.0 0.037356 0.853285 0.029430 0.042556
1.0 0.002638 0.800154 0.005277 0.064599
1.0 0.054317 0.822449 0.034263 0.081438
0.0 0.157176 0.853285 0.029430 0.042556
1.0 0.200780 0.800154 0.023050 0.064599
1.0 0.140214 0.822449 0.034263 0.081438
0.0 0.267434 0.853285 0.029430 0.042556
1.0 0.223830 0.800154 0.023050 0.064599
1.0 0.284395 0.822449 0.034263 0.081438
0.0 0.387254 0.853285 0.029430 0.042556
1.0 0.430858 0.800154 0.023050 0.064599
1.0 0.370292 0.822449 0.034263 0.081438
0.0 0.497512 0.853285 0.029430 0.042556
1.0 0.453908 0.800154 0.023050 0.064599
1.0 0.514473 0.822449 0.034263 0.081438
0.0 0.617332 0.853285 0.029430 0.042556
1.0 0.660936 0.800154 0.023050 0.064599
1.0 0.600371 0.822449 0.034263 0.081438
0.0 0.727590 0.853285 0.029430 0.042556
1.0 0.683986 0.800154 0.023050 0.064599
1.0 0.744551 0.822449 0.034263 0.081438
0.0 0.847410 0.853285 0.029430 0.042556
1.0 0.891014 0.800154 0.023050 0.064599
1.0 0.830449 0.822449 0.034263 0.081438
0.0 0.957668 0.853285 0.029430 0.042556
1.0 0.914064 0.800154 0.023050 0.064599
1.0 0.974629 0.822449 0.034263 0.081438
0.0 0.037356 0.932826 0.029430 0.042556
1.0 0.002638 0.976829 0.005277 0.046343
1.0 0.054317 0.961472 0.034263 0.077056
0.0 0.157176 0.932826 0.029430 0.042556
1.0 0.200780 0.976829 0.023050 0.046343
1.0 0.140214 0.961472 0.034263 0.077056
0.0 0.267434 0.932826 0.029430 0.042556
1.0 0.223830 0.976829 0.023050 0.046343
1.0 0.284395 0.961472 0.034263 0.077056
0.0 0.387254 0.932826 0.029430 0.042556
1.0 0.430858 0.976829 0.023050 0.046343
1.0 0.370292 0.961472 0.034263 0.077056
0.0 0.497512 0.932826 0.029430 0.042556
1.0 0.453908 0.976829 0.023050 0.046343
1.0 0.514473 0.961472 0.034263 0.077056
0.0 0.617332 0.932826 0.029430 0.042556
1.0 0.660936 0.976829 0.023050 0.046343
1.0 0.600371 0.961472 0.034263 0.077056
0.0 0.727590 0.932826 0.029430 0.042556
1.0 0.683986 0.976829 0.023050 0.046343
1.0 0.744551 0.961472 0.034263 0.077056
0.0 0.847410 0.932826 0.029430 0.042556
1.0 0.891014 0.976829 0.023050 0.046343
1.0 0.830449 0.961472 0.034263 0.077056
0.0 0.957668 0.932826 0.029430 0.042556
1.0 0.914064 0.976829 0.023050 0.046343
1.0 0.974629 0.961472 0.034263 0.077056
