0.0 0.059081 0.106233 0.109253 0.058430
1.0 0.098757 0.144293 0.111861 0.126554
0.0 0.250294 0.106233 0.109253 0.058430
1.0 0.210618 0.144293 0.111861 0.126554
0.0 0.519237 0.106233 0.109253 0.058430
1.0 0.558913 0.144293 0.111861 0.126554
0.0 0.710450 0.106233 0.109253 0.058430
1.0 0.670774 0.144293 0.111861 0.126554
0.0 0.962384 0.106233 0.075233 0.058430
1.0 0.981569 0.144293 0.036861 0.126554
0.0 0.059081 0.578489 0.109253 0.058430
1.0 0.098757 0.540429 0.111861 0.126554
0.0 0.250294 0.578489 0.109253 0.058430
1.0 0.210618 0.540429 0.111861 0.126554
0.0 0.519237 0.578489 0.109253 0.058430
1.0 0.558913 0.540429 0.111861 0.126554
0.0 0.710450 0.578489 0.109253 0.058430
1.0 0.670774 0.540429 0.111861 0.126554
0.0 0.962384 0.578489 0.075233 0.058430
1.0 0.981569 0.540429 0.036861 0.126554
0.0 0.059081 0.735400 0.109253 0.058430
1.0 0.098757 0.773460 0.111861 0.126554
0.0 0.250294 0.735400 0.109253 0.058430
1.0 0.210618 0.773460 0.111861 0.126554
0.0 0.519237 0.735400 0.109253 0.058430
1.0 0.558913 0.773460 0.111861 0.126554
0.0 0.710450 0.735400 0.109253 0.058430
1.0 0.670774 0.773460 0.111861 0.126554
0.0 0.962384 0.735400 0.075233 0.058430
1.0 0.981569 0.773460 0.036861 0.126554
