0.0 0.093262 0.005469 0.075269 0.010939
1.0 0.044937 0.011260 0.089874 0.022520
0.0 0.102925 0.018750 0.075269 0.037500
0.0 0.289550 0.005469 0.075269 0.010939
1.0 0.345037 0.011260 0.104197 0.022520
0.0 0.279887 0.018750 0.075269 0.037500
0.0 0.504721 0.005469 0.075269 0.010939
1.0 0.449234 0.011260 0.104197 0.022520
0.0 0.514384 0.018750 0.075269 0.037500
0.0 0.701008 0.005469 0.075269 0.010939
1.0 0.756495 0.011260 0.104197 0.022520
0.0 0.691346 0.018750 0.075269 0.037500
0.0 0.916179 0.005469 0.075269 0.010939
1.0 0.860692 0.011260 0.104197 0.022520
0.0 0.925842 0.018750 0.075269 0.037500
0.0 0.093262 0.109351 0.075269 0.090580
1.0 0.044937 0.138561 0.089874 0.172162
1.0 0.145573 0.249182 0.059236 0.111189
1.0 0.177470 0.268205 0.027872 0.111189
0.0 0.102925 0.057879 0.075269 0.040758
0.0 0.289550 0.109351 0.075269 0.090580
1.0 0.345037 0.138561 0.104197 0.172162
1.0 0.237239 0.249182 0.059236 0.111189
1.0 0.205342 0.268205 0.027872 0.111189
0.0 0.279887 0.057879 0.075269 0.040758
0.0 0.504721 0.109351 0.075269 0.090580
1.0 0.449234 0.138561 0.104197 0.172162
1.0 0.557032 0.249182 0.059236 0.111189
1.0 0.588929 0.268205 0.027872 0.111189
0.0 0.514384 0.057879 0.075269 0.040758
0.0 0.701008 0.109351 0.075269 0.090580
1.0 0.756495 0.138561 0.104197 0.172162
1.0 0.648697 0.249182 0.059236 0.111189
1.0 0.616800 0.268205 0.027872 0.111189
0.0 0.691346 0.057879 0.075269 0.040758
0.0 0.916179 0.109351 0.075269 0.090580
1.0 0.860692 0.138561 0.104197 0.172162
1.0 0.968490 0.249182 0.059236 0.111189
1.0 0.993226 0.268205 0.013549 0.111189
0.0 0.925842 0.057879 0.075269 0.040758
0.0 0.093262 0.582316 0.075269 0.090580
1.0 0.044937 0.553105 0.089874 0.172162
1.0 0.145573 0.442485 0.059236 0.111189
1.0 0.177470 0.423461 0.027872 0.111189
0.0 0.102925 0.633788 0.075269 0.040758
0.0 0.289550 0.582316 0.075269 0.090580
1.0 0.345037 0.553105 0.104197 0.172162
1.0 0.237239 0.442485 0.059236 0.111189
1.0 0.205342 0.423461 0.027872 0.111189
0.0 0.279887 0.633788 0.075269 0.040758
0.0 0.504721 0.582316 0.075269 0.090580
1.0 0.449234 0.553105 0.104197 0.172162
1.0 0.557032 0.442485 0.059236 0.111189
1.0 0.588929 0.423461 0.027872 0.111189
0.0 0.514384 0.633788 0.075269 0.040758
0.0 0.701008 0.582316 0.075269 0.090580
1.0 0.756495 0.553105 0.104197 0.172162
1.0 0.648697 0.442485 0.059236 0.111189
1.0 0.616800 0.423461 0.027872 0.111189
0.0 0.691346 0.633788 0.075269 0.040758
0.0 0.916179 0.582316 0.075269 0.090580
1.0 0.860692 0.553105 0.104197 0.172162
1.0 0.968490 0.442485 0.059236 0.111189
1.0 0.993226 0.423461 0.013549 0.111189
0.0 0.925842 0.633788 0.075269 0.040758
0.0 0.093262 0.726018 0.075269 0.090580
1.0 0.044937 0.755228 0.089874 0.172162
1.0 0.145573 0.865849 0.059236 0.111189
1.0 0.177470 0.884872 0.027872 0.111189
0.0 0.102925 0.674546 0.075269 0.040758
0.0 0.289550 0.726018 0.075269 0.090580
1.0 0.345037 0.755228 0.104197 0.172162
1.0 0.237239 0.865849 0.059236 0.111189
1.0 0.205342 0.884872 0.027872 0.111189
0.0 0.279887 0.674546 0.075269 0.040758
0.0 0.504721 0.726018 0.075269 0.090580
1.0 0.449234 0.755228 0.104197 0.172162
1.0 0.557032 0.865849 0.059236 0.111189
1.0 0.588929 0.884872 0.027872 0.111189
0.0 0.514384 0.674546 0.075269 0.040758
0.0 0.701008 0.726018 0.075269 0.090580
1.0 0.756495 0.755228 0.104197 0.172162
1.0 0.648697 0.865849 0.059236 0.111189
1.0 0.616800 0.884872 0.027872 0.111189
0.0 0.691346 0.674546 0.075269 0.040758
0.0 0.916179 0.726018 0.075269 0.090580
1.0 0.860692 0.755228 0.104197 0.172162
1.0 0.968490 0.865849 0.059236 0.111189
1.0 0.993226 0.884872 0.013549 0.111189
0.0 0.925842 0.674546 0.075269 0.040758
1.0 0.177470 0.992267 0.027872 0.015466
1.0 0.205342 0.992267 0.027872 0.015466
1.0 0.588929 0.992267 0.027872 0.015466
1.0 0.616800 0.992267 0.027872 0.015466
1.0 0.993226 0.992267 0.013549 0.015466
