0.0 0.083984 0.540201 0.167969 0.424623
0.0 0.062109 0.208543 0.124219 0.273869
0.0 0.045117 0.663317 0.090234 0.311558
0.0 0.032227 0.676508 0.064453 0.420854
0.0 0.068359 0.216709 0.136719 0.319095
0.0 0.654297 0.764447 0.307031 0.463568
0.0 0.640234 0.476131 0.307031 0.457286
0.0 0.317578 0.540201 0.221094 0.424623
0.0 0.412891 0.208543 0.324219 0.273869
0.0 0.365820 0.663317 0.162109 0.311558
0.0 0.420117 0.676508 0.219141 0.420854
0.0 0.321484 0.216709 0.166406 0.319095
0.0 0.908594 0.764447 0.182813 0.463568
0.0 0.915625 0.476131 0.168750 0.457286
