0.0 0.187826 0.172454 0.192708 0.150463
0.0 0.189617 0.030091 0.197591 0.060183
0.0 0.499674 0.172454 0.192708 0.150463
0.0 0.497883 0.030091 0.197591 0.060183
0.0 0.812826 0.172454 0.192708 0.150463
0.0 0.814617 0.030091 0.197591 0.060183
0.0 0.187826 0.410880 0.192708 0.150463
0.0 0.189617 0.601565 0.197591 0.156829
0.0 0.499674 0.410880 0.192708 0.150463
0.0 0.497883 0.601565 0.197591 0.156829
0.0 0.812826 0.410880 0.192708 0.150463
0.0 0.814617 0.601565 0.197591 0.156829
0.0 0.187826 0.965278 0.192708 0.069444
0.0 0.189617 0.815102 0.197591 0.156829
0.0 0.499674 0.965278 0.192708 0.069444
0.0 0.497883 0.815102 0.197591 0.156829
0.0 0.812826 0.965278 0.192708 0.069444
0.0 0.814617 0.815102 0.197591 0.156829
