1.0 0.492109 0.633818 0.200367 0.359006
1.0 0.655857 0.665240 0.235607 0.417755
1.0 0.789396 0.768941 0.170231 0.328025
1.0 0.343972 0.687067 0.085421 0.147002
1.0 0.259204 0.642414 0.104910 0.166215
1.0 0.114487 0.594038 0.103814 0.149901
1.0 0.035575 0.542650 0.071150 0.163089
1.0 0.199503 0.624849 0.086588 0.151038
1.0 0.410899 0.691899 0.119250 0.204245
1.0 0.498263 0.776073 0.087455 0.088991
1.0 0.418952 0.760255 0.062718 0.066566
1.0 0.935109 0.935853 0.058962 0.082482
1.0 0.304492 0.675499 0.059162 0.126537
0.0 0.634536 0.471399 0.120585 0.132734
0.0 0.844680 0.686252 0.094360 0.084806
0.0 0.185173 0.559433 0.037340 0.036381
