1.0 0.143110 0.006944 0.024362 0.013889
1.0 0.100670 0.006656 0.046131 0.013312
1.0 0.178765 0.006944 0.024362 0.013889
1.0 0.221205 0.006656 0.046131 0.013312
1.0 0.414204 0.006944 0.024362 0.013889
1.0 0.371764 0.006656 0.046131 0.013312
1.0 0.449858 0.006944 0.024362 0.013889
1.0 0.492299 0.006656 0.046131 0.013312
1.0 0.685298 0.006944 0.024362 0.013889
1.0 0.642857 0.006656 0.046131 0.013312
1.0 0.720952 0.006944 0.024362 0.013889
1.0 0.763393 0.006656 0.046131 0.013312
1.0 0.956392 0.006944 0.024362 0.013889
1.0 0.913951 0.006656 0.046131 0.013312
1.0 0.989933 0.006944 0.020135 0.013889
1.0 0.006768 0.088762 0.013536 0.147437
0.0 0.006638 0.116530 0.013276 0.045017
0.0 0.010244 0.145520 0.006252 0.011120
0.0 0.013023 0.112428 0.010105 0.017702
0.0 0.023503 0.106127 0.003775 0.017702
1.0 0.143110 0.021905 0.024362 0.016032
0.0 0.159038 0.067862 0.003799 0.013900
1.0 0.069850 0.088762 0.065208 0.147437
1.0 0.137735 0.046675 0.024362 0.040066
1.0 0.100670 0.070400 0.046131 0.111869
0.0 0.050248 0.116530 0.025484 0.045017
0.0 0.080787 0.163257 0.039264 0.088327
0.0 0.143823 0.059908 0.007815 0.013900
0.0 0.040537 0.145520 0.006252 0.011120
0.0 0.067388 0.172448 0.015522 0.027065
0.0 0.037758 0.112428 0.010105 0.017702
0.0 0.027278 0.106127 0.003775 0.017702
1.0 0.178765 0.021905 0.024362 0.016032
0.0 0.162837 0.067862 0.003799 0.013900
1.0 0.252025 0.088762 0.065208 0.147437
1.0 0.184140 0.046675 0.024362 0.040066
1.0 0.221205 0.070400 0.046131 0.111869
0.0 0.271627 0.116530 0.025484 0.045017
0.0 0.241088 0.163257 0.039264 0.088327
0.0 0.178052 0.059908 0.007815 0.013900
0.0 0.281338 0.145520 0.006252 0.011120
0.0 0.254487 0.172448 0.015522 0.027065
0.0 0.284117 0.112428 0.010105 0.017702
0.0 0.294597 0.106127 0.003775 0.017702
1.0 0.414204 0.021905 0.024362 0.016032
0.0 0.430132 0.067862 0.003799 0.013900
1.0 0.340943 0.088762 0.065208 0.147437
1.0 0.408829 0.046675 0.024362 0.040066
1.0 0.371764 0.070400 0.046131 0.111869
0.0 0.321341 0.116530 0.025484 0.045017
0.0 0.351881 0.163257 0.039264 0.088327
0.0 0.414917 0.059908 0.007815 0.013900
0.0 0.311631 0.145520 0.006252 0.011120
0.0 0.338482 0.172448 0.015522 0.027065
0.0 0.308852 0.112428 0.010105 0.017702
0.0 0.298372 0.106127 0.003775 0.017702
1.0 0.449858 0.021905 0.024362 0.016032
0.0 0.433931 0.067862 0.003799 0.013900
1.0 0.523119 0.088762 0.065208 0.147437
1.0 0.455233 0.046675 0.024362 0.040066
1.0 0.492299 0.070400 0.046131 0.111869
0.0 0.542721 0.116530 0.025484 0.045017
0.0 0.512182 0.163257 0.039264 0.088327
0.0 0.449146 0.059908 0.007815 0.013900
0.0 0.552432 0.145520 0.006252 0.011120
0.0 0.525581 0.172448 0.015522 0.027065
0.0 0.555211 0.112428 0.010105 0.017702
0.0 0.565690 0.106127 0.003775 0.017702
1.0 0.685298 0.021905 0.024362 0.016032
0.0 0.701226 0.067862 0.003799 0.013900
1.0 0.612037 0.088762 0.065208 0.147437
1.0 0.679923 0.046675 0.024362 0.040066
1.0 0.642857 0.070400 0.046131 0.111869
0.0 0.592435 0.116530 0.025484 0.045017
0.0 0.622974 0.163257 0.039264 0.088327
0.0 0.686010 0.059908 0.007815 0.013900
0.0 0.582724 0.145520 0.006252 0.011120
0.0 0.609576 0.172448 0.015522 0.027065
0.0 0.579946 0.112428 0.010105 0.017702
0.0 0.569466 0.106127 0.003775 0.017702
1.0 0.720952 0.021905 0.024362 0.016032
0.0 0.705024 0.067862 0.003799 0.013900
1.0 0.794213 0.088762 0.065208 0.147437
1.0 0.726327 0.046675 0.024362 0.040066
1.0 0.763393 0.070400 0.046131 0.111869
0.0 0.813815 0.116530 0.025484 0.045017
0.0 0.783276 0.163257 0.039264 0.088327
0.0 0.720240 0.059908 0.007815 0.013900
0.0 0.823526 0.145520 0.006252 0.011120
0.0 0.796674 0.172448 0.015522 0.027065
0.0 0.826304 0.112428 0.010105 0.017702
0.0 0.836784 0.106127 0.003775 0.017702
1.0 0.956392 0.021905 0.024362 0.016032
0.0 0.972319 0.067862 0.003799 0.013900
1.0 0.883131 0.088762 0.065208 0.147437
1.0 0.951017 0.046675 0.024362 0.040066
1.0 0.913951 0.070400 0.046131 0.111869
0.0 0.863529 0.116530 0.025484 0.045017
0.0 0.894068 0.163257 0.039264 0.088327
0.0 0.957104 0.059908 0.007815 0.013900
0.0 0.853818 0.145520 0.006252 0.011120
0.0 0.880669 0.172448 0.015522 0.027065
0.0 0.851039 0.112428 0.010105 0.017702
0.0 0.840560 0.106127 0.003775 0.017702
1.0 0.989933 0.021905 0.020135 0.016032
0.0 0.976118 0.067862 0.003799 0.013900
1.0 0.992620 0.046675 0.014760 0.040066
0.0 0.991333 0.059908 0.007815 0.013900
1.0 0.006768 0.327904 0.013536 0.147437
0.0 0.006638 0.300137 0.013276 0.045017
0.0 0.010244 0.271147 0.006252 0.011120
0.0 0.013023 0.304239 0.010105 0.017702
0.0 0.023503 0.310539 0.003775 0.017702
1.0 0.143110 0.394762 0.024362 0.016032
0.0 0.159038 0.348805 0.003799 0.013900
1.0 0.069850 0.327904 0.065208 0.147437
1.0 0.137735 0.369991 0.024362 0.040066
1.0 0.100670 0.346266 0.046131 0.111869
0.0 0.050248 0.300137 0.025484 0.045017
0.0 0.080787 0.253409 0.039264 0.088327
0.0 0.143823 0.356758 0.007815 0.013900
0.0 0.040537 0.271147 0.006252 0.011120
0.0 0.067388 0.244218 0.015522 0.027065
0.0 0.037758 0.304239 0.010105 0.017702
0.0 0.027278 0.310539 0.003775 0.017702
1.0 0.178765 0.394762 0.024362 0.016032
0.0 0.162837 0.348805 0.003799 0.013900
1.0 0.252025 0.327904 0.065208 0.147437
1.0 0.184140 0.369991 0.024362 0.040066
1.0 0.221205 0.346266 0.046131 0.111869
0.0 0.271627 0.300137 0.025484 0.045017
0.0 0.241088 0.253409 0.039264 0.088327
0.0 0.178052 0.356758 0.007815 0.013900
0.0 0.281338 0.271147 0.006252 0.011120
0.0 0.254487 0.244218 0.015522 0.027065
0.0 0.284117 0.304239 0.010105 0.017702
0.0 0.294597 0.310539 0.003775 0.017702
1.0 0.414204 0.394762 0.024362 0.016032
0.0 0.430132 0.348805 0.003799 0.013900
1.0 0.340943 0.327904 0.065208 0.147437
1.0 0.408829 0.369991 0.024362 0.040066
1.0 0.371764 0.346266 0.046131 0.111869
0.0 0.321341 0.300137 0.025484 0.045017
0.0 0.351881 0.253409 0.039264 0.088327
0.0 0.414917 0.356758 0.007815 0.013900
0.0 0.311631 0.271147 0.006252 0.011120
0.0 0.338482 0.244218 0.015522 0.027065
0.0 0.308852 0.304239 0.010105 0.017702
0.0 0.298372 0.310539 0.003775 0.017702
1.0 0.449858 0.394762 0.024362 0.016032
0.0 0.433931 0.348805 0.003799 0.013900
1.0 0.523119 0.327904 0.065208 0.147437
1.0 0.455233 0.369991 0.024362 0.040066
1.0 0.492299 0.346266 0.046131 0.111869
0.0 0.542721 0.300137 0.025484 0.045017
0.0 0.512182 0.253409 0.039264 0.088327
0.0 0.449146 0.356758 0.007815 0.013900
0.0 0.552432 0.271147 0.006252 0.011120
0.0 0.525581 0.244218 0.015522 0.027065
0.0 0.555211 0.304239 0.010105 0.017702
0.0 0.565690 0.310539 0.003775 0.017702
1.0 0.685298 0.394762 0.024362 0.016032
0.0 0.701226 0.348805 0.003799 0.013900
1.0 0.612037 0.327904 0.065208 0.147437
1.0 0.679923 0.369991 0.024362 0.040066
1.0 0.642857 0.346266 0.046131 0.111869
0.0 0.592435 0.300137 0.025484 0.045017
0.0 0.622974 0.253409 0.039264 0.088327
0.0 0.686010 0.356758 0.007815 0.013900
0.0 0.582724 0.271147 0.006252 0.011120
0.0 0.609576 0.244218 0.015522 0.027065
0.0 0.579946 0.304239 0.010105 0.017702
0.0 0.569466 0.310539 0.003775 0.017702
1.0 0.720952 0.394762 0.024362 0.016032
0.0 0.705024 0.348805 0.003799 0.013900
1.0 0.794213 0.327904 0.065208 0.147437
1.0 0.726327 0.369991 0.024362 0.040066
1.0 0.763393 0.346266 0.046131 0.111869
0.0 0.813815 0.300137 0.025484 0.045017
0.0 0.783276 0.253409 0.039264 0.088327
0.0 0.720240 0.356758 0.007815 0.013900
0.0 0.823526 0.271147 0.006252 0.011120
0.0 0.796674 0.244218 0.015522 0.027065
0.0 0.826304 0.304239 0.010105 0.017702
0.0 0.836784 0.310539 0.003775 0.017702
1.0 0.956392 0.394762 0.024362 0.016032
0.0 0.972319 0.348805 0.003799 0.013900
1.0 0.883131 0.327904 0.065208 0.147437
1.0 0.951017 0.369991 0.024362 0.040066
1.0 0.913951 0.346266 0.046131 0.111869
0.0 0.863529 0.300137 0.025484 0.045017
0.0 0.894068 0.253409 0.039264 0.088327
0.0 0.957104 0.356758 0.007815 0.013900
0.0 0.853818 0.271147 0.006252 0.011120
0.0 0.880669 0.244218 0.015522 0.027065
0.0 0.851039 0.304239 0.010105 0.017702
0.0 0.840560 0.310539 0.003775 0.017702
1.0 0.989933 0.394762 0.020135 0.016032
0.0 0.976118 0.348805 0.003799 0.013900
1.0 0.992620 0.369991 0.014760 0.040066
0.0 0.991333 0.356758 0.007815 0.013900
1.0 0.006768 0.477651 0.013536 0.147437
0.0 0.006638 0.505419 0.013276 0.045017
0.0 0.010244 0.534408 0.006252 0.011120
0.0 0.013023 0.501317 0.010105 0.017702
0.0 0.023503 0.495016 0.003775 0.017702
1.0 0.143110 0.410794 0.024362 0.016032
0.0 0.159038 0.456750 0.003799 0.013900
1.0 0.069850 0.477651 0.065208 0.147437
1.0 0.137735 0.435564 0.024362 0.040066
1.0 0.100670 0.459289 0.046131 0.111869
0.0 0.050248 0.505419 0.025484 0.045017
0.0 0.080787 0.552146 0.039264 0.088327
0.0 0.143823 0.448797 0.007815 0.013900
0.0 0.040537 0.534408 0.006252 0.011120
0.0 0.067388 0.561337 0.015522 0.027065
0.0 0.037758 0.501317 0.010105 0.017702
0.0 0.027278 0.495016 0.003775 0.017702
1.0 0.178765 0.410794 0.024362 0.016032
0.0 0.162837 0.456750 0.003799 0.013900
1.0 0.252025 0.477651 0.065208 0.147437
1.0 0.184140 0.435564 0.024362 0.040066
1.0 0.221205 0.459289 0.046131 0.111869
0.0 0.271627 0.505419 0.025484 0.045017
0.0 0.241088 0.552146 0.039264 0.088327
0.0 0.178052 0.448797 0.007815 0.013900
0.0 0.281338 0.534408 0.006252 0.011120
0.0 0.254487 0.561337 0.015522 0.027065
0.0 0.284117 0.501317 0.010105 0.017702
0.0 0.294597 0.495016 0.003775 0.017702
1.0 0.414204 0.410794 0.024362 0.016032
0.0 0.430132 0.456750 0.003799 0.013900
1.0 0.340943 0.477651 0.065208 0.147437
1.0 0.408829 0.435564 0.024362 0.040066
1.0 0.371764 0.459289 0.046131 0.111869
0.0 0.321341 0.505419 0.025484 0.045017
0.0 0.351881 0.552146 0.039264 0.088327
0.0 0.414917 0.448797 0.007815 0.013900
0.0 0.311631 0.534408 0.006252 0.011120
0.0 0.338482 0.561337 0.015522 0.027065
0.0 0.308852 0.501317 0.010105 0.017702
0.0 0.298372 0.495016 0.003775 0.017702
1.0 0.449858 0.410794 0.024362 0.016032
0.0 0.433931 0.456750 0.003799 0.013900
1.0 0.523119 0.477651 0.065208 0.147437
1.0 0.455233 0.435564 0.024362 0.040066
1.0 0.492299 0.459289 0.046131 0.111869
0.0 0.542721 0.505419 0.025484 0.045017
0.0 0.512182 0.552146 0.039264 0.088327
0.0 0.449146 0.448797 0.007815 0.013900
0.0 0.552432 0.534408 0.006252 0.011120
0.0 0.525581 0.561337 0.015522 0.027065
0.0 0.555211 0.501317 0.010105 0.017702
0.0 0.565690 0.495016 0.003775 0.017702
1.0 0.685298 0.410794 0.024362 0.016032
0.0 0.701226 0.456750 0.003799 0.013900
1.0 0.612037 0.477651 0.065208 0.147437
1.0 0.679923 0.435564 0.024362 0.040066
1.0 0.642857 0.459289 0.046131 0.111869
0.0 0.592435 0.505419 0.025484 0.045017
0.0 0.622974 0.552146 0.039264 0.088327
0.0 0.686010 0.448797 0.007815 0.013900
0.0 0.582724 0.534408 0.006252 0.011120
0.0 0.609576 0.561337 0.015522 0.027065
0.0 0.579946 0.501317 0.010105 0.017702
0.0 0.569466 0.495016 0.003775 0.017702
1.0 0.720952 0.410794 0.024362 0.016032
0.0 0.705024 0.456750 0.003799 0.013900
1.0 0.794213 0.477651 0.065208 0.147437
1.0 0.726327 0.435564 0.024362 0.040066
1.0 0.763393 0.459289 0.046131 0.111869
0.0 0.813815 0.505419 0.025484 0.045017
0.0 0.783276 0.552146 0.039264 0.088327
0.0 0.720240 0.448797 0.007815 0.013900
0.0 0.823526 0.534408 0.006252 0.011120
0.0 0.796674 0.561337 0.015522 0.027065
0.0 0.826304 0.501317 0.010105 0.017702
0.0 0.836784 0.495016 0.003775 0.017702
1.0 0.956392 0.410794 0.024362 0.016032
0.0 0.972319 0.456750 0.003799 0.013900
1.0 0.883131 0.477651 0.065208 0.147437
1.0 0.951017 0.435564 0.024362 0.040066
1.0 0.913951 0.459289 0.046131 0.111869
0.0 0.863529 0.505419 0.025484 0.045017
0.0 0.894068 0.552146 0.039264 0.088327
0.0 0.957104 0.448797 0.007815 0.013900
0.0 0.853818 0.534408 0.006252 0.011120
0.0 0.880669 0.561337 0.015522 0.027065
0.0 0.851039 0.501317 0.010105 0.017702
0.0 0.840560 0.495016 0.003775 0.017702
1.0 0.989933 0.410794 0.020135 0.016032
0.0 0.976118 0.456750 0.003799 0.013900
1.0 0.992620 0.435564 0.014760 0.040066
0.0 0.991333 0.448797 0.007815 0.013900
1.0 0.006768 0.716793 0.013536 0.147437
0.0 0.006638 0.689025 0.013276 0.045017
0.0 0.010244 0.660036 0.006252 0.011120
0.0 0.013023 0.693128 0.010105 0.017702
0.0 0.023503 0.699428 0.003775 0.017702
1.0 0.143110 0.783651 0.024362 0.016032
0.0 0.159038 0.737694 0.003799 0.013900
1.0 0.069850 0.716793 0.065208 0.147437
1.0 0.137735 0.758880 0.024362 0.040066
1.0 0.100670 0.735155 0.046131 0.111869
0.0 0.050248 0.689025 0.025484 0.045017
0.0 0.080787 0.642298 0.039264 0.088327
0.0 0.143823 0.745647 0.007815 0.013900
0.0 0.040537 0.660036 0.006252 0.011120
0.0 0.067388 0.633107 0.015522 0.027065
0.0 0.037758 0.693128 0.010105 0.017702
0.0 0.027278 0.699428 0.003775 0.017702
1.0 0.178765 0.783651 0.024362 0.016032
0.0 0.162837 0.737694 0.003799 0.013900
1.0 0.252025 0.716793 0.065208 0.147437
1.0 0.184140 0.758880 0.024362 0.040066
1.0 0.221205 0.735155 0.046131 0.111869
0.0 0.271627 0.689025 0.025484 0.045017
0.0 0.241088 0.642298 0.039264 0.088327
0.0 0.178052 0.745647 0.007815 0.013900
0.0 0.281338 0.660036 0.006252 0.011120
0.0 0.254487 0.633107 0.015522 0.027065
0.0 0.284117 0.693128 0.010105 0.017702
0.0 0.294597 0.699428 0.003775 0.017702
1.0 0.414204 0.783651 0.024362 0.016032
0.0 0.430132 0.737694 0.003799 0.013900
1.0 0.340943 0.716793 0.065208 0.147437
1.0 0.408829 0.758880 0.024362 0.040066
1.0 0.371764 0.735155 0.046131 0.111869
0.0 0.321341 0.689025 0.025484 0.045017
0.0 0.351881 0.642298 0.039264 0.088327
0.0 0.414917 0.745647 0.007815 0.013900
0.0 0.311631 0.660036 0.006252 0.011120
0.0 0.338482 0.633107 0.015522 0.027065
0.0 0.308852 0.693128 0.010105 0.017702
0.0 0.298372 0.699428 0.003775 0.017702
1.0 0.449858 0.783651 0.024362 0.016032
0.0 0.433931 0.737694 0.003799 0.013900
1.0 0.523119 0.716793 0.065208 0.147437
1.0 0.455233 0.758880 0.024362 0.040066
1.0 0.492299 0.735155 0.046131 0.111869
0.0 0.542721 0.689025 0.025484 0.045017
0.0 0.512182 0.642298 0.039264 0.088327
0.0 0.449146 0.745647 0.007815 0.013900
0.0 0.552432 0.660036 0.006252 0.011120
0.0 0.525581 0.633107 0.015522 0.027065
0.0 0.555211 0.693128 0.010105 0.017702
0.0 0.565690 0.699428 0.003775 0.017702
1.0 0.685298 0.783651 0.024362 0.016032
0.0 0.701226 0.737694 0.003799 0.013900
1.0 0.612037 0.716793 0.065208 0.147437
1.0 0.679923 0.758880 0.024362 0.040066
1.0 0.642857 0.735155 0.046131 0.111869
0.0 0.592435 0.689025 0.025484 0.045017
0.0 0.622974 0.642298 0.039264 0.088327
0.0 0.686010 0.745647 0.007815 0.013900
0.0 0.582724 0.660036 0.006252 0.011120
0.0 0.609576 0.633107 0.015522 0.027065
0.0 0.579946 0.693128 0.010105 0.017702
0.0 0.569466 0.699428 0.003775 0.017702
1.0 0.720952 0.783651 0.024362 0.016032
0.0 0.705024 0.737694 0.003799 0.013900
1.0 0.794213 0.716793 0.065208 0.147437
1.0 0.726327 0.758880 0.024362 0.040066
1.0 0.763393 0.735155 0.046131 0.111869
0.0 0.813815 0.689025 0.025484 0.045017
0.0 0.783276 0.642298 0.039264 0.088327
0.0 0.720240 0.745647 0.007815 0.013900
0.0 0.823526 0.660036 0.006252 0.011120
0.0 0.796674 0.633107 0.015522 0.027065
0.0 0.826304 0.693128 0.010105 0.017702
0.0 0.836784 0.699428 0.003775 0.017702
1.0 0.956392 0.783651 0.024362 0.016032
0.0 0.972319 0.737694 0.003799 0.013900
1.0 0.883131 0.716793 0.065208 0.147437
1.0 0.951017 0.758880 0.024362 0.040066
1.0 0.913951 0.735155 0.046131 0.111869
0.0 0.863529 0.689025 0.025484 0.045017
0.0 0.894068 0.642298 0.039264 0.088327
0.0 0.957104 0.745647 0.007815 0.013900
0.0 0.853818 0.660036 0.006252 0.011120
0.0 0.880669 0.633107 0.015522 0.027065
0.0 0.851039 0.693128 0.010105 0.017702
0.0 0.840560 0.699428 0.003775 0.017702
1.0 0.989933 0.783651 0.020135 0.016032
0.0 0.976118 0.737694 0.003799 0.013900
1.0 0.992620 0.758880 0.014760 0.040066
0.0 0.991333 0.745647 0.007815 0.013900
1.0 0.006768 0.866540 0.013536 0.147437
0.0 0.006638 0.894308 0.013276 0.045017
0.0 0.010244 0.923297 0.006252 0.011120
0.0 0.013023 0.890206 0.010105 0.017702
0.0 0.023503 0.883905 0.003775 0.017702
1.0 0.143110 0.799683 0.024362 0.016032
0.0 0.159038 0.845639 0.003799 0.013900
1.0 0.069850 0.866540 0.065208 0.147437
1.0 0.137735 0.824453 0.024362 0.040066
1.0 0.100670 0.848178 0.046131 0.111869
0.0 0.050248 0.894308 0.025484 0.045017
0.0 0.080787 0.941035 0.039264 0.088327
0.0 0.143823 0.837686 0.007815 0.013900
0.0 0.040537 0.923297 0.006252 0.011120
0.0 0.067388 0.950226 0.015522 0.027065
0.0 0.037758 0.890206 0.010105 0.017702
0.0 0.027278 0.883905 0.003775 0.017702
1.0 0.178765 0.799683 0.024362 0.016032
0.0 0.162837 0.845639 0.003799 0.013900
1.0 0.252025 0.866540 0.065208 0.147437
1.0 0.184140 0.824453 0.024362 0.040066
1.0 0.221205 0.848178 0.046131 0.111869
0.0 0.271627 0.894308 0.025484 0.045017
0.0 0.241088 0.941035 0.039264 0.088327
0.0 0.178052 0.837686 0.007815 0.013900
0.0 0.281338 0.923297 0.006252 0.011120
0.0 0.254487 0.950226 0.015522 0.027065
0.0 0.284117 0.890206 0.010105 0.017702
0.0 0.294597 0.883905 0.003775 0.017702
1.0 0.414204 0.799683 0.024362 0.016032
0.0 0.430132 0.845639 0.003799 0.013900
1.0 0.340943 0.866540 0.065208 0.147437
1.0 0.408829 0.824453 0.024362 0.040066
1.0 0.371764 0.848178 0.046131 0.111869
0.0 0.321341 0.894308 0.025484 0.045017
0.0 0.351881 0.941035 0.039264 0.088327
0.0 0.414917 0.837686 0.007815 0.013900
0.0 0.311631 0.923297 0.006252 0.011120
0.0 0.338482 0.950226 0.015522 0.027065
0.0 0.308852 0.890206 0.010105 0.017702
0.0 0.298372 0.883905 0.003775 0.017702
1.0 0.449858 0.799683 0.024362 0.016032
0.0 0.433931 0.845639 0.003799 0.013900
1.0 0.523119 0.866540 0.065208 0.147437
1.0 0.455233 0.824453 0.024362 0.040066
1.0 0.492299 0.848178 0.046131 0.111869
0.0 0.542721 0.894308 0.025484 0.045017
0.0 0.512182 0.941035 0.039264 0.088327
0.0 0.449146 0.837686 0.007815 0.013900
0.0 0.552432 0.923297 0.006252 0.011120
0.0 0.525581 0.950226 0.015522 0.027065
0.0 0.555211 0.890206 0.010105 0.017702
0.0 0.565690 0.883905 0.003775 0.017702
1.0 0.685298 0.799683 0.024362 0.016032
0.0 0.701226 0.845639 0.003799 0.013900
1.0 0.612037 0.866540 0.065208 0.147437
1.0 0.679923 0.824453 0.024362 0.040066
1.0 0.642857 0.848178 0.046131 0.111869
0.0 0.592435 0.894308 0.025484 0.045017
0.0 0.622974 0.941035 0.039264 0.088327
0.0 0.686010 0.837686 0.007815 0.013900
0.0 0.582724 0.923297 0.006252 0.011120
0.0 0.609576 0.950226 0.015522 0.027065
0.0 0.579946 0.890206 0.010105 0.017702
0.0 0.569466 0.883905 0.003775 0.017702
1.0 0.720952 0.799683 0.024362 0.016032
0.0 0.705024 0.845639 0.003799 0.013900
1.0 0.794213 0.866540 0.065208 0.147437
1.0 0.726327 0.824453 0.024362 0.040066
1.0 0.763393 0.848178 0.046131 0.111869
0.0 0.813815 0.894308 0.025484 0.045017
0.0 0.783276 0.941035 0.039264 0.088327
0.0 0.720240 0.837686 0.007815 0.013900
0.0 0.823526 0.923297 0.006252 0.011120
0.0 0.796674 0.950226 0.015522 0.027065
0.0 0.826304 0.890206 0.010105 0.017702
0.0 0.836784 0.883905 0.003775 0.017702
1.0 0.956392 0.799683 0.024362 0.016032
0.0 0.972319 0.845639 0.003799 0.013900
1.0 0.883131 0.866540 0.065208 0.147437
1.0 0.951017 0.824453 0.024362 0.040066
1.0 0.913951 0.848178 0.046131 0.111869
0.0 0.863529 0.894308 0.025484 0.045017
0.0 0.894068 0.941035 0.039264 0.088327
0.0 0.957104 0.837686 0.007815 0.013900
0.0 0.853818 0.923297 0.006252 0.011120
0.0 0.880669 0.950226 0.015522 0.027065
0.0 0.851039 0.890206 0.010105 0.017702
0.0 0.840560 0.883905 0.003775 0.017702
1.0 0.989933 0.799683 0.020135 0.016032
0.0 0.976118 0.845639 0.003799 0.013900
1.0 0.992620 0.824453 0.014760 0.040066
0.0 0.991333 0.837686 0.007815 0.013900
0.0 0.080787 0.993512 0.039264 0.012977
0.0 0.241088 0.993512 0.039264 0.012977
0.0 0.351881 0.993512 0.039264 0.012977
0.0 0.512182 0.993512 0.039264 0.012977
0.0 0.622974 0.993512 0.039264 0.012977
0.0 0.783276 0.993512 0.039264 0.012977
0.0 0.894068 0.993512 0.039264 0.012977
