1.0 0.002021 0.278465 0.004042 0.060979
1.0 0.160945 0.185440 0.071512 0.151633
1.0 0.218809 0.151192 0.084150 0.176163
1.0 0.272810 0.156813 0.060440 0.140036
1.0 0.115725 0.251521 0.030570 0.061698
1.0 0.083294 0.257052 0.037742 0.068798
1.0 0.030357 0.278465 0.037548 0.060979
1.0 0.061664 0.266913 0.030960 0.063528
1.0 0.138676 0.234081 0.042691 0.085658
1.0 0.175430 0.244776 0.032143 0.033210
1.0 0.147352 0.261107 0.023014 0.025154
1.0 0.330841 0.186048 0.010193 0.033341
1.0 0.101426 0.258063 0.020833 0.054773
0.0 0.194717 0.074111 0.044182 0.050675
0.0 0.284205 0.105158 0.034835 0.030371
0.0 0.051132 0.242981 0.013746 0.013393
1.0 0.510930 0.185440 0.071512 0.151633
1.0 0.453066 0.151192 0.084150 0.176163
1.0 0.399065 0.156813 0.060440 0.140036
1.0 0.556150 0.251521 0.030570 0.061698
1.0 0.588581 0.257052 0.037742 0.068798
1.0 0.641518 0.278465 0.037548 0.060979
1.0 0.610211 0.266913 0.030960 0.063528
1.0 0.533199 0.234081 0.042691 0.085658
1.0 0.496445 0.244776 0.032143 0.033210
1.0 0.524523 0.261107 0.023014 0.025154
1.0 0.341034 0.186048 0.010193 0.033341
1.0 0.570449 0.258063 0.020833 0.054773
0.0 0.477158 0.074111 0.044182 0.050675
0.0 0.387670 0.105158 0.034835 0.030371
0.0 0.620743 0.242981 0.013746 0.013393
1.0 0.817195 0.185440 0.071512 0.151633
1.0 0.875059 0.151192 0.084150 0.176163
1.0 0.929060 0.156813 0.060440 0.140036
1.0 0.771975 0.251521 0.030570 0.061698
1.0 0.739544 0.257052 0.037742 0.068798
1.0 0.686607 0.278465 0.037548 0.060979
1.0 0.717914 0.266913 0.030960 0.063528
1.0 0.794926 0.234081 0.042691 0.085658
1.0 0.831680 0.244776 0.032143 0.033210
1.0 0.803602 0.261107 0.023014 0.025154
1.0 0.987091 0.186048 0.010193 0.033341
1.0 0.757676 0.258063 0.020833 0.054773
0.0 0.850967 0.074111 0.044182 0.050675
0.0 0.940455 0.105158 0.034835 0.030371
0.0 0.707382 0.242981 0.013746 0.013393
1.0 0.996094 0.186048 0.007812 0.033341
1.0 0.002021 0.393063 0.004042 0.060979
1.0 0.160945 0.486088 0.071512 0.151633
1.0 0.218809 0.520336 0.084150 0.176163
1.0 0.272810 0.514715 0.060440 0.140036
1.0 0.115725 0.420007 0.030570 0.061698
1.0 0.083294 0.414476 0.037742 0.068798
1.0 0.030357 0.393063 0.037548 0.060979
1.0 0.061664 0.404615 0.030960 0.063528
1.0 0.138676 0.437447 0.042691 0.085658
1.0 0.175430 0.426752 0.032143 0.033210
1.0 0.147352 0.410421 0.023014 0.025154
1.0 0.330841 0.485480 0.010193 0.033341
1.0 0.101426 0.413465 0.020833 0.054773
0.0 0.194717 0.597417 0.044182 0.050675
0.0 0.284205 0.566370 0.034835 0.030371
0.0 0.051132 0.428547 0.013746 0.013393
1.0 0.510930 0.486088 0.071512 0.151633
1.0 0.453066 0.520336 0.084150 0.176163
1.0 0.399065 0.514715 0.060440 0.140036
1.0 0.556150 0.420007 0.030570 0.061698
1.0 0.588581 0.414476 0.037742 0.068798
1.0 0.641518 0.393063 0.037548 0.060979
1.0 0.610211 0.404615 0.030960 0.063528
1.0 0.533199 0.437447 0.042691 0.085658
1.0 0.496445 0.426752 0.032143 0.033210
1.0 0.524523 0.410421 0.023014 0.025154
1.0 0.341034 0.485480 0.010193 0.033341
1.0 0.570449 0.413465 0.020833 0.054773
0.0 0.477158 0.597417 0.044182 0.050675
0.0 0.387670 0.566370 0.034835 0.030371
0.0 0.620743 0.428547 0.013746 0.013393
1.0 0.817195 0.486088 0.071512 0.151633
1.0 0.875059 0.520336 0.084150 0.176163
1.0 0.929060 0.514715 0.060440 0.140036
1.0 0.771975 0.420007 0.030570 0.061698
1.0 0.739544 0.414476 0.037742 0.068798
1.0 0.686607 0.393063 0.037548 0.060979
1.0 0.717914 0.404615 0.030960 0.063528
1.0 0.794926 0.437447 0.042691 0.085658
1.0 0.831680 0.426752 0.032143 0.033210
1.0 0.803602 0.410421 0.023014 0.025154
1.0 0.987091 0.485480 0.010193 0.033341
1.0 0.757676 0.413465 0.020833 0.054773
0.0 0.850967 0.597417 0.044182 0.050675
0.0 0.940455 0.566370 0.034835 0.030371
0.0 0.707382 0.428547 0.013746 0.013393
1.0 0.996094 0.485480 0.007812 0.033341
1.0 0.002021 0.934715 0.004042 0.060979
1.0 0.160945 0.841690 0.071512 0.151633
1.0 0.218809 0.807442 0.084150 0.176163
1.0 0.272810 0.813063 0.060440 0.140036
1.0 0.115725 0.907771 0.030570 0.061698
1.0 0.083294 0.913302 0.037742 0.068798
1.0 0.030357 0.934715 0.037548 0.060979
1.0 0.061664 0.923163 0.030960 0.063528
1.0 0.138676 0.890331 0.042691 0.085658
1.0 0.175430 0.901026 0.032143 0.033210
1.0 0.147352 0.917357 0.023014 0.025154
1.0 0.330841 0.842298 0.010193 0.033341
1.0 0.101426 0.914313 0.020833 0.054773
0.0 0.194717 0.730361 0.044182 0.050675
0.0 0.284205 0.761408 0.034835 0.030371
0.0 0.051132 0.899231 0.013746 0.013393
1.0 0.510930 0.841690 0.071512 0.151633
1.0 0.453066 0.807442 0.084150 0.176163
1.0 0.399065 0.813063 0.060440 0.140036
1.0 0.556150 0.907771 0.030570 0.061698
1.0 0.588581 0.913302 0.037742 0.068798
1.0 0.641518 0.934715 0.037548 0.060979
1.0 0.610211 0.923163 0.030960 0.063528
1.0 0.533199 0.890331 0.042691 0.085658
1.0 0.496445 0.901026 0.032143 0.033210
1.0 0.524523 0.917357 0.023014 0.025154
1.0 0.341034 0.842298 0.010193 0.033341
1.0 0.570449 0.914313 0.020833 0.054773
0.0 0.477158 0.730361 0.044182 0.050675
0.0 0.387670 0.761408 0.034835 0.030371
0.0 0.620743 0.899231 0.013746 0.013393
1.0 0.817195 0.841690 0.071512 0.151633
1.0 0.875059 0.807442 0.084150 0.176163
1.0 0.929060 0.813063 0.060440 0.140036
1.0 0.771975 0.907771 0.030570 0.061698
1.0 0.739544 0.913302 0.037742 0.068798
1.0 0.686607 0.934715 0.037548 0.060979
1.0 0.717914 0.923163 0.030960 0.063528
1.0 0.794926 0.890331 0.042691 0.085658
1.0 0.831680 0.901026 0.032143 0.033210
1.0 0.803602 0.917357 0.023014 0.025154
1.0 0.987091 0.842298 0.010193 0.033341
1.0 0.757676 0.914313 0.020833 0.054773
0.0 0.850967 0.730361 0.044182 0.050675
0.0 0.940455 0.761408 0.034835 0.030371
0.0 0.707382 0.899231 0.013746 0.013393
1.0 0.996094 0.842298 0.007812 0.033341
