0.0 0.007278 0.086282 0.014557 0.062189
1.0 0.041309 0.156052 0.014841 0.023083
1.0 0.250481 0.159430 0.118072 0.228753
0.0 0.292665 0.073767 0.035523 0.063925
0.0 0.199351 0.086282 0.037190 0.062189
1.0 0.154003 0.156052 0.014841 0.023083
1.0 0.481290 0.159430 0.118072 0.228753
0.0 0.439106 0.073767 0.035523 0.063925
0.0 0.532420 0.086282 0.037190 0.062189
1.0 0.577768 0.156052 0.014841 0.023083
1.0 0.786939 0.159430 0.118072 0.228753
0.0 0.829123 0.073767 0.035523 0.063925
0.0 0.735809 0.086282 0.037190 0.062189
1.0 0.690461 0.156052 0.014841 0.023083
1.0 0.979356 0.159430 0.041288 0.228753
0.0 0.975564 0.073767 0.035523 0.063925
0.0 0.007278 0.555385 0.014557 0.062189
1.0 0.041309 0.485615 0.014841 0.023083
1.0 0.250481 0.482237 0.118072 0.228753
0.0 0.292665 0.567899 0.035523 0.063925
0.0 0.199351 0.555385 0.037190 0.062189
1.0 0.154003 0.485615 0.014841 0.023083
1.0 0.481290 0.482237 0.118072 0.228753
0.0 0.439106 0.567899 0.035523 0.063925
0.0 0.532420 0.555385 0.037190 0.062189
1.0 0.577768 0.485615 0.014841 0.023083
1.0 0.786939 0.482237 0.118072 0.228753
0.0 0.829123 0.567899 0.035523 0.063925
0.0 0.735809 0.555385 0.037190 0.062189
1.0 0.690461 0.485615 0.014841 0.023083
1.0 0.979356 0.482237 0.041288 0.228753
0.0 0.975564 0.567899 0.035523 0.063925
0.0 0.007278 0.802023 0.014557 0.062189
1.0 0.041309 0.871793 0.014841 0.023083
1.0 0.250481 0.875171 0.118072 0.228753
0.0 0.292665 0.789508 0.035523 0.063925
0.0 0.199351 0.802023 0.037190 0.062189
1.0 0.154003 0.871793 0.014841 0.023083
1.0 0.481290 0.875171 0.118072 0.228753
0.0 0.439106 0.789508 0.035523 0.063925
0.0 0.532420 0.802023 0.037190 0.062189
1.0 0.577768 0.871793 0.014841 0.023083
1.0 0.786939 0.875171 0.118072 0.228753
0.0 0.829123 0.789508 0.035523 0.063925
0.0 0.735809 0.802023 0.037190 0.062189
1.0 0.690461 0.871793 0.014841 0.023083
1.0 0.979356 0.875171 0.041288 0.228753
0.0 0.975564 0.789508 0.035523 0.063925
