1.0 0.311625 0.143332 0.025187 0.234074
0.0 0.314440 0.041058 0.019557 0.063943
1.0 0.195352 0.128472 0.127731 0.243359
1.0 0.058598 0.130446 0.117196 0.260893
1.0 0.062308 0.239564 0.059173 0.047619
1.0 0.167025 0.201799 0.076930 0.114792
0.0 0.011388 0.026248 0.022775 0.052497
0.0 0.234246 0.031853 0.033016 0.063707
1.0 0.336812 0.143332 0.025187 0.234074
0.0 0.333997 0.041058 0.019557 0.063943
1.0 0.453086 0.128472 0.127731 0.243359
1.0 0.599960 0.130446 0.137437 0.260893
1.0 0.586130 0.239564 0.059173 0.047619
1.0 0.481412 0.201799 0.076930 0.114792
0.0 0.642411 0.026248 0.033496 0.052497
0.0 0.414191 0.031853 0.033016 0.063707
1.0 0.898477 0.128472 0.127731 0.243359
1.0 0.751603 0.130446 0.137437 0.260893
1.0 0.765433 0.239564 0.059173 0.047619
1.0 0.870150 0.201799 0.076930 0.114792
0.0 0.709152 0.026248 0.033496 0.052497
0.0 0.937371 0.031853 0.033016 0.063707
1.0 0.311625 0.440002 0.025187 0.234074
0.0 0.314440 0.542275 0.019557 0.063943
1.0 0.195352 0.454861 0.127731 0.243359
1.0 0.058598 0.457634 0.117196 0.270386
1.0 0.062308 0.343769 0.059173 0.047619
1.0 0.167025 0.381534 0.076930 0.114792
0.0 0.011388 0.569397 0.022775 0.077122
0.0 0.234246 0.552202 0.033016 0.065152
1.0 0.336812 0.440002 0.025187 0.234074
0.0 0.333997 0.542275 0.019557 0.063943
1.0 0.453086 0.454861 0.127731 0.243359
1.0 0.599960 0.457634 0.137437 0.270386
1.0 0.586130 0.343769 0.059173 0.047619
1.0 0.481412 0.381534 0.076930 0.114792
0.0 0.642411 0.569397 0.033496 0.077122
0.0 0.414191 0.552202 0.033016 0.065152
1.0 0.898477 0.454861 0.127731 0.243359
1.0 0.751603 0.457634 0.137437 0.270386
1.0 0.765433 0.343769 0.059173 0.047619
1.0 0.870150 0.381534 0.076930 0.114792
0.0 0.709152 0.569397 0.033496 0.077122
0.0 0.937371 0.552202 0.033016 0.065152
1.0 0.311625 0.929814 0.025187 0.140372
0.0 0.314440 0.874392 0.019557 0.063943
1.0 0.195352 0.920063 0.127731 0.159874
1.0 0.058598 0.911920 0.117196 0.176160
1.0 0.167025 0.988868 0.076930 0.022263
0.0 0.011388 0.847269 0.022775 0.077122
0.0 0.234246 0.864464 0.033016 0.065152
1.0 0.336812 0.929814 0.025187 0.140372
0.0 0.333997 0.874392 0.019557 0.063943
1.0 0.453086 0.920063 0.127731 0.159874
1.0 0.599960 0.911920 0.137437 0.176160
1.0 0.481412 0.988868 0.076930 0.022263
0.0 0.642411 0.847269 0.033496 0.077122
0.0 0.414191 0.864464 0.033016 0.065152
1.0 0.898477 0.920063 0.127731 0.159874
1.0 0.751603 0.911920 0.137437 0.176160
1.0 0.870150 0.988868 0.076930 0.022263
0.0 0.709152 0.847269 0.033496 0.077122
0.0 0.937371 0.864464 0.033016 0.065152
