1.0 0.010051 0.056052 0.020101 0.062768
0.0 0.066551 0.009460 0.012981 0.016053
1.0 0.070777 0.022881 0.013390 0.040459
0.0 0.011852 0.029120 0.014026 0.016795
0.0 0.078741 0.005853 0.011267 0.011707
1.0 0.078544 0.019643 0.011662 0.039287
1.0 0.168580 0.056052 0.039861 0.062768
0.0 0.102199 0.009460 0.012981 0.016053
1.0 0.097973 0.022881 0.013390 0.040459
0.0 0.156898 0.029120 0.014026 0.016795
0.0 0.187962 0.043345 0.014204 0.017595
0.0 0.090009 0.005853 0.011267 0.011707
1.0 0.090206 0.019643 0.011662 0.039287
1.0 0.237670 0.056052 0.039861 0.062768
0.0 0.304051 0.009460 0.012981 0.016053
1.0 0.308277 0.022881 0.013390 0.040459
0.0 0.249352 0.029120 0.014026 0.016795
0.0 0.218288 0.043345 0.014204 0.017595
0.0 0.316241 0.005853 0.011267 0.011707
1.0 0.316044 0.019643 0.011662 0.039287
1.0 0.406080 0.056052 0.039861 0.062768
0.0 0.339699 0.009460 0.012981 0.016053
1.0 0.335473 0.022881 0.013390 0.040459
0.0 0.394398 0.029120 0.014026 0.016795
0.0 0.425462 0.043345 0.014204 0.017595
0.0 0.327509 0.005853 0.011267 0.011707
1.0 0.327706 0.019643 0.011662 0.039287
1.0 0.475170 0.056052 0.039861 0.062768
0.0 0.541551 0.009460 0.012981 0.016053
1.0 0.545777 0.022881 0.013390 0.040459
0.0 0.486852 0.029120 0.014026 0.016795
0.0 0.455788 0.043345 0.014204 0.017595
0.0 0.553741 0.005853 0.011267 0.011707
1.0 0.553544 0.019643 0.011662 0.039287
1.0 0.643580 0.056052 0.039861 0.062768
0.0 0.577199 0.009460 0.012981 0.016053
1.0 0.572973 0.022881 0.013390 0.040459
0.0 0.631898 0.029120 0.014026 0.016795
0.0 0.662962 0.043345 0.014204 0.017595
0.0 0.565009 0.005853 0.011267 0.011707
1.0 0.565206 0.019643 0.011662 0.039287
1.0 0.712670 0.056052 0.039861 0.062768
0.0 0.779051 0.009460 0.012981 0.016053
1.0 0.783277 0.022881 0.013390 0.040459
0.0 0.724352 0.029120 0.014026 0.016795
0.0 0.693288 0.043345 0.014204 0.017595
0.0 0.791241 0.005853 0.011267 0.011707
1.0 0.791044 0.019643 0.011662 0.039287
1.0 0.881080 0.056052 0.039861 0.062768
0.0 0.814699 0.009460 0.012981 0.016053
1.0 0.810473 0.022881 0.013390 0.040459
0.0 0.869398 0.029120 0.014026 0.016795
0.0 0.900462 0.043345 0.014204 0.017595
0.0 0.802509 0.005853 0.011267 0.011707
1.0 0.802706 0.019643 0.011662 0.039287
1.0 0.950170 0.056052 0.039861 0.062768
0.0 0.961852 0.029120 0.014026 0.016795
0.0 0.930788 0.043345 0.014204 0.017595
1.0 0.010051 0.193948 0.020101 0.062768
0.0 0.066551 0.240540 0.012981 0.016053
1.0 0.070777 0.227119 0.013390 0.040459
0.0 0.011852 0.220880 0.014026 0.016795
0.0 0.078741 0.246320 0.011267 0.016053
1.0 0.078544 0.230943 0.011662 0.040459
1.0 0.168580 0.193948 0.039861 0.062768
0.0 0.102199 0.240540 0.012981 0.016053
1.0 0.097973 0.227119 0.013390 0.040459
0.0 0.156898 0.220880 0.014026 0.016795
0.0 0.187962 0.206655 0.014204 0.017595
0.0 0.090009 0.246320 0.011267 0.016053
1.0 0.090206 0.230943 0.011662 0.040459
1.0 0.237670 0.193948 0.039861 0.062768
0.0 0.304051 0.240540 0.012981 0.016053
1.0 0.308277 0.227119 0.013390 0.040459
0.0 0.249352 0.220880 0.014026 0.016795
0.0 0.218288 0.206655 0.014204 0.017595
0.0 0.316241 0.246320 0.011267 0.016053
1.0 0.316044 0.230943 0.011662 0.040459
1.0 0.406080 0.193948 0.039861 0.062768
0.0 0.339699 0.240540 0.012981 0.016053
1.0 0.335473 0.227119 0.013390 0.040459
0.0 0.394398 0.220880 0.014026 0.016795
0.0 0.425462 0.206655 0.014204 0.017595
0.0 0.327509 0.246320 0.011267 0.016053
1.0 0.327706 0.230943 0.011662 0.040459
1.0 0.475170 0.193948 0.039861 0.062768
0.0 0.541551 0.240540 0.012981 0.016053
1.0 0.545777 0.227119 0.013390 0.040459
0.0 0.486852 0.220880 0.014026 0.016795
0.0 0.455788 0.206655 0.014204 0.017595
0.0 0.553741 0.246320 0.011267 0.016053
1.0 0.553544 0.230943 0.011662 0.040459
1.0 0.643580 0.193948 0.039861 0.062768
0.0 0.577199 0.240540 0.012981 0.016053
1.0 0.572973 0.227119 0.013390 0.040459
0.0 0.631898 0.220880 0.014026 0.016795
0.0 0.662962 0.206655 0.014204 0.017595
0.0 0.565009 0.246320 0.011267 0.016053
1.0 0.565206 0.230943 0.011662 0.040459
1.0 0.712670 0.193948 0.039861 0.062768
0.0 0.779051 0.240540 0.012981 0.016053
1.0 0.783277 0.227119 0.013390 0.040459
0.0 0.724352 0.220880 0.014026 0.016795
0.0 0.693288 0.206655 0.014204 0.017595
0.0 0.791241 0.246320 0.011267 0.016053
1.0 0.791044 0.230943 0.011662 0.040459
1.0 0.881080 0.193948 0.039861 0.062768
0.0 0.814699 0.240540 0.012981 0.016053
1.0 0.810473 0.227119 0.013390 0.040459
0.0 0.869398 0.220880 0.014026 0.016795
0.0 0.900462 0.206655 0.014204 0.017595
0.0 0.802509 0.246320 0.011267 0.016053
1.0 0.802706 0.230943 0.011662 0.040459
1.0 0.950170 0.193948 0.039861 0.062768
0.0 0.961852 0.220880 0.014026 0.016795
0.0 0.930788 0.206655 0.014204 0.017595
1.0 0.010051 0.356052 0.020101 0.062768
0.0 0.066551 0.309460 0.012981 0.016053
1.0 0.070777 0.322881 0.013390 0.040459
0.0 0.011852 0.329120 0.014026 0.016795
0.0 0.078741 0.303680 0.011267 0.016053
1.0 0.078544 0.319057 0.011662 0.040459
1.0 0.168580 0.356052 0.039861 0.062768
0.0 0.102199 0.309460 0.012981 0.016053
1.0 0.097973 0.322881 0.013390 0.040459
0.0 0.156898 0.329120 0.014026 0.016795
0.0 0.187962 0.343345 0.014204 0.017595
0.0 0.090009 0.303680 0.011267 0.016053
1.0 0.090206 0.319057 0.011662 0.040459
1.0 0.237670 0.356052 0.039861 0.062768
0.0 0.304051 0.309460 0.012981 0.016053
1.0 0.308277 0.322881 0.013390 0.040459
0.0 0.249352 0.329120 0.014026 0.016795
0.0 0.218288 0.343345 0.014204 0.017595
0.0 0.316241 0.303680 0.011267 0.016053
1.0 0.316044 0.319057 0.011662 0.040459
1.0 0.406080 0.356052 0.039861 0.062768
0.0 0.339699 0.309460 0.012981 0.016053
1.0 0.335473 0.322881 0.013390 0.040459
0.0 0.394398 0.329120 0.014026 0.016795
0.0 0.425462 0.343345 0.014204 0.017595
0.0 0.327509 0.303680 0.011267 0.016053
1.0 0.327706 0.319057 0.011662 0.040459
1.0 0.475170 0.356052 0.039861 0.062768
0.0 0.541551 0.309460 0.012981 0.016053
1.0 0.545777 0.322881 0.013390 0.040459
0.0 0.486852 0.329120 0.014026 0.016795
0.0 0.455788 0.343345 0.014204 0.017595
0.0 0.553741 0.303680 0.011267 0.016053
1.0 0.553544 0.319057 0.011662 0.040459
1.0 0.643580 0.356052 0.039861 0.062768
0.0 0.577199 0.309460 0.012981 0.016053
1.0 0.572973 0.322881 0.013390 0.040459
0.0 0.631898 0.329120 0.014026 0.016795
0.0 0.662962 0.343345 0.014204 0.017595
0.0 0.565009 0.303680 0.011267 0.016053
1.0 0.565206 0.319057 0.011662 0.040459
1.0 0.712670 0.356052 0.039861 0.062768
0.0 0.779051 0.309460 0.012981 0.016053
1.0 0.783277 0.322881 0.013390 0.040459
0.0 0.724352 0.329120 0.014026 0.016795
0.0 0.693288 0.343345 0.014204 0.017595
0.0 0.791241 0.303680 0.011267 0.016053
1.0 0.791044 0.319057 0.011662 0.040459
1.0 0.881080 0.356052 0.039861 0.062768
0.0 0.814699 0.309460 0.012981 0.016053
1.0 0.810473 0.322881 0.013390 0.040459
0.0 0.869398 0.329120 0.014026 0.016795
0.0 0.900462 0.343345 0.014204 0.017595
0.0 0.802509 0.303680 0.011267 0.016053
1.0 0.802706 0.319057 0.011662 0.040459
1.0 0.950170 0.356052 0.039861 0.062768
0.0 0.961852 0.329120 0.014026 0.016795
0.0 0.930788 0.343345 0.014204 0.017595
1.0 0.010051 0.493948 0.020101 0.062768
0.0 0.066551 0.540540 0.012981 0.016053
1.0 0.070777 0.527119 0.013390 0.040459
0.0 0.011852 0.520880 0.014026 0.016795
0.0 0.078741 0.546320 0.011267 0.016053
1.0 0.078544 0.530943 0.011662 0.040459
1.0 0.168580 0.493948 0.039861 0.062768
0.0 0.102199 0.540540 0.012981 0.016053
1.0 0.097973 0.527119 0.013390 0.040459
0.0 0.156898 0.520880 0.014026 0.016795
0.0 0.187962 0.506655 0.014204 0.017595
0.0 0.090009 0.546320 0.011267 0.016053
1.0 0.090206 0.530943 0.011662 0.040459
1.0 0.237670 0.493948 0.039861 0.062768
0.0 0.304051 0.540540 0.012981 0.016053
1.0 0.308277 0.527119 0.013390 0.040459
0.0 0.249352 0.520880 0.014026 0.016795
0.0 0.218288 0.506655 0.014204 0.017595
0.0 0.316241 0.546320 0.011267 0.016053
1.0 0.316044 0.530943 0.011662 0.040459
1.0 0.406080 0.493948 0.039861 0.062768
0.0 0.339699 0.540540 0.012981 0.016053
1.0 0.335473 0.527119 0.013390 0.040459
0.0 0.394398 0.520880 0.014026 0.016795
0.0 0.425462 0.506655 0.014204 0.017595
0.0 0.327509 0.546320 0.011267 0.016053
1.0 0.327706 0.530943 0.011662 0.040459
1.0 0.475170 0.493948 0.039861 0.062768
0.0 0.541551 0.540540 0.012981 0.016053
1.0 0.545777 0.527119 0.013390 0.040459
0.0 0.486852 0.520880 0.014026 0.016795
0.0 0.455788 0.506655 0.014204 0.017595
0.0 0.553741 0.546320 0.011267 0.016053
1.0 0.553544 0.530943 0.011662 0.040459
1.0 0.643580 0.493948 0.039861 0.062768
0.0 0.577199 0.540540 0.012981 0.016053
1.0 0.572973 0.527119 0.013390 0.040459
0.0 0.631898 0.520880 0.014026 0.016795
0.0 0.662962 0.506655 0.014204 0.017595
0.0 0.565009 0.546320 0.011267 0.016053
1.0 0.565206 0.530943 0.011662 0.040459
1.0 0.712670 0.493948 0.039861 0.062768
0.0 0.779051 0.540540 0.012981 0.016053
1.0 0.783277 0.527119 0.013390 0.040459
0.0 0.724352 0.520880 0.014026 0.016795
0.0 0.693288 0.506655 0.014204 0.017595
0.0 0.791241 0.546320 0.011267 0.016053
1.0 0.791044 0.530943 0.011662 0.040459
1.0 0.881080 0.493948 0.039861 0.062768
0.0 0.814699 0.540540 0.012981 0.016053
1.0 0.810473 0.527119 0.013390 0.040459
0.0 0.869398 0.520880 0.014026 0.016795
0.0 0.900462 0.506655 0.014204 0.017595
0.0 0.802509 0.546320 0.011267 0.016053
1.0 0.802706 0.530943 0.011662 0.040459
1.0 0.950170 0.493948 0.039861 0.062768
0.0 0.961852 0.520880 0.014026 0.016795
0.0 0.930788 0.506655 0.014204 0.017595
1.0 0.010051 0.656052 0.020101 0.062768
0.0 0.066551 0.609460 0.012981 0.016053
1.0 0.070777 0.622881 0.013390 0.040459
0.0 0.011852 0.629120 0.014026 0.016795
0.0 0.078741 0.603680 0.011267 0.016053
1.0 0.078544 0.619057 0.011662 0.040459
1.0 0.168580 0.656052 0.039861 0.062768
0.0 0.102199 0.609460 0.012981 0.016053
1.0 0.097973 0.622881 0.013390 0.040459
0.0 0.156898 0.629120 0.014026 0.016795
0.0 0.187962 0.643345 0.014204 0.017595
0.0 0.090009 0.603680 0.011267 0.016053
1.0 0.090206 0.619057 0.011662 0.040459
1.0 0.237670 0.656052 0.039861 0.062768
0.0 0.304051 0.609460 0.012981 0.016053
1.0 0.308277 0.622881 0.013390 0.040459
0.0 0.249352 0.629120 0.014026 0.016795
0.0 0.218288 0.643345 0.014204 0.017595
0.0 0.316241 0.603680 0.011267 0.016053
1.0 0.316044 0.619057 0.011662 0.040459
1.0 0.406080 0.656052 0.039861 0.062768
0.0 0.339699 0.609460 0.012981 0.016053
1.0 0.335473 0.622881 0.013390 0.040459
0.0 0.394398 0.629120 0.014026 0.016795
0.0 0.425462 0.643345 0.014204 0.017595
0.0 0.327509 0.603680 0.011267 0.016053
1.0 0.327706 0.619057 0.011662 0.040459
1.0 0.475170 0.656052 0.039861 0.062768
0.0 0.541551 0.609460 0.012981 0.016053
1.0 0.545777 0.622881 0.013390 0.040459
0.0 0.486852 0.629120 0.014026 0.016795
0.0 0.455788 0.643345 0.014204 0.017595
0.0 0.553741 0.603680 0.011267 0.016053
1.0 0.553544 0.619057 0.011662 0.040459
1.0 0.643580 0.656052 0.039861 0.062768
0.0 0.577199 0.609460 0.012981 0.016053
1.0 0.572973 0.622881 0.013390 0.040459
0.0 0.631898 0.629120 0.014026 0.016795
0.0 0.662962 0.643345 0.014204 0.017595
0.0 0.565009 0.603680 0.011267 0.016053
1.0 0.565206 0.619057 0.011662 0.040459
1.0 0.712670 0.656052 0.039861 0.062768
0.0 0.779051 0.609460 0.012981 0.016053
1.0 0.783277 0.622881 0.013390 0.040459
0.0 0.724352 0.629120 0.014026 0.016795
0.0 0.693288 0.643345 0.014204 0.017595
0.0 0.791241 0.603680 0.011267 0.016053
1.0 0.791044 0.619057 0.011662 0.040459
1.0 0.881080 0.656052 0.039861 0.062768
0.0 0.814699 0.609460 0.012981 0.016053
1.0 0.810473 0.622881 0.013390 0.040459
0.0 0.869398 0.629120 0.014026 0.016795
0.0 0.900462 0.643345 0.014204 0.017595
0.0 0.802509 0.603680 0.011267 0.016053
1.0 0.802706 0.619057 0.011662 0.040459
1.0 0.950170 0.656052 0.039861 0.062768
0.0 0.961852 0.629120 0.014026 0.016795
0.0 0.930788 0.643345 0.014204 0.017595
1.0 0.010051 0.793948 0.020101 0.062768
0.0 0.066551 0.840540 0.012981 0.016053
1.0 0.070777 0.827119 0.013390 0.040459
0.0 0.011852 0.820880 0.014026 0.016795
0.0 0.078741 0.846320 0.011267 0.016053
1.0 0.078544 0.830943 0.011662 0.040459
1.0 0.168580 0.793948 0.039861 0.062768
0.0 0.102199 0.840540 0.012981 0.016053
1.0 0.097973 0.827119 0.013390 0.040459
0.0 0.156898 0.820880 0.014026 0.016795
0.0 0.187962 0.806655 0.014204 0.017595
0.0 0.090009 0.846320 0.011267 0.016053
1.0 0.090206 0.830943 0.011662 0.040459
1.0 0.237670 0.793948 0.039861 0.062768
0.0 0.304051 0.840540 0.012981 0.016053
1.0 0.308277 0.827119 0.013390 0.040459
0.0 0.249352 0.820880 0.014026 0.016795
0.0 0.218288 0.806655 0.014204 0.017595
0.0 0.316241 0.846320 0.011267 0.016053
1.0 0.316044 0.830943 0.011662 0.040459
1.0 0.406080 0.793948 0.039861 0.062768
0.0 0.339699 0.840540 0.012981 0.016053
1.0 0.335473 0.827119 0.013390 0.040459
0.0 0.394398 0.820880 0.014026 0.016795
0.0 0.425462 0.806655 0.014204 0.017595
0.0 0.327509 0.846320 0.011267 0.016053
1.0 0.327706 0.830943 0.011662 0.040459
1.0 0.475170 0.793948 0.039861 0.062768
0.0 0.541551 0.840540 0.012981 0.016053
1.0 0.545777 0.827119 0.013390 0.040459
0.0 0.486852 0.820880 0.014026 0.016795
0.0 0.455788 0.806655 0.014204 0.017595
0.0 0.553741 0.846320 0.011267 0.016053
1.0 0.553544 0.830943 0.011662 0.040459
1.0 0.643580 0.793948 0.039861 0.062768
0.0 0.577199 0.840540 0.012981 0.016053
1.0 0.572973 0.827119 0.013390 0.040459
0.0 0.631898 0.820880 0.014026 0.016795
0.0 0.662962 0.806655 0.014204 0.017595
0.0 0.565009 0.846320 0.011267 0.016053
1.0 0.565206 0.830943 0.011662 0.040459
1.0 0.712670 0.793948 0.039861 0.062768
0.0 0.779051 0.840540 0.012981 0.016053
1.0 0.783277 0.827119 0.013390 0.040459
0.0 0.724352 0.820880 0.014026 0.016795
0.0 0.693288 0.806655 0.014204 0.017595
0.0 0.791241 0.846320 0.011267 0.016053
1.0 0.791044 0.830943 0.011662 0.040459
1.0 0.881080 0.793948 0.039861 0.062768
0.0 0.814699 0.840540 0.012981 0.016053
1.0 0.810473 0.827119 0.013390 0.040459
0.0 0.869398 0.820880 0.014026 0.016795
0.0 0.900462 0.806655 0.014204 0.017595
0.0 0.802509 0.846320 0.011267 0.016053
1.0 0.802706 0.830943 0.011662 0.040459
1.0 0.950170 0.793948 0.039861 0.062768
0.0 0.961852 0.820880 0.014026 0.016795
0.0 0.930788 0.806655 0.014204 0.017595
1.0 0.010051 0.956052 0.020101 0.062768
0.0 0.066551 0.909460 0.012981 0.016053
1.0 0.070777 0.922881 0.013390 0.040459
0.0 0.011852 0.929120 0.014026 0.016795
0.0 0.078741 0.903680 0.011267 0.016053
1.0 0.078544 0.919057 0.011662 0.040459
1.0 0.168580 0.956052 0.039861 0.062768
0.0 0.102199 0.909460 0.012981 0.016053
1.0 0.097973 0.922881 0.013390 0.040459
0.0 0.156898 0.929120 0.014026 0.016795
0.0 0.187962 0.943345 0.014204 0.017595
0.0 0.090009 0.903680 0.011267 0.016053
1.0 0.090206 0.919057 0.011662 0.040459
1.0 0.237670 0.956052 0.039861 0.062768
0.0 0.304051 0.909460 0.012981 0.016053
1.0 0.308277 0.922881 0.013390 0.040459
0.0 0.249352 0.929120 0.014026 0.016795
0.0 0.218288 0.943345 0.014204 0.017595
0.0 0.316241 0.903680 0.011267 0.016053
1.0 0.316044 0.919057 0.011662 0.040459
1.0 0.406080 0.956052 0.039861 0.062768
0.0 0.339699 0.909460 0.012981 0.016053
1.0 0.335473 0.922881 0.013390 0.040459
0.0 0.394398 0.929120 0.014026 0.016795
0.0 0.425462 0.943345 0.014204 0.017595
0.0 0.327509 0.903680 0.011267 0.016053
1.0 0.327706 0.919057 0.011662 0.040459
1.0 0.475170 0.956052 0.039861 0.062768
0.0 0.541551 0.909460 0.012981 0.016053
1.0 0.545777 0.922881 0.013390 0.040459
0.0 0.486852 0.929120 0.014026 0.016795
0.0 0.455788 0.943345 0.014204 0.017595
0.0 0.553741 0.903680 0.011267 0.016053
1.0 0.553544 0.919057 0.011662 0.040459
1.0 0.643580 0.956052 0.039861 0.062768
0.0 0.577199 0.909460 0.012981 0.016053
1.0 0.572973 0.922881 0.013390 0.040459
0.0 0.631898 0.929120 0.014026 0.016795
0.0 0.662962 0.943345 0.014204 0.017595
0.0 0.565009 0.903680 0.011267 0.016053
1.0 0.565206 0.919057 0.011662 0.040459
1.0 0.712670 0.956052 0.039861 0.062768
0.0 0.779051 0.909460 0.012981 0.016053
1.0 0.783277 0.922881 0.013390 0.040459
0.0 0.724352 0.929120 0.014026 0.016795
0.0 0.693288 0.943345 0.014204 0.017595
0.0 0.791241 0.903680 0.011267 0.016053
1.0 0.791044 0.919057 0.011662 0.040459
1.0 0.881080 0.956052 0.039861 0.062768
0.0 0.814699 0.909460 0.012981 0.016053
1.0 0.810473 0.922881 0.013390 0.040459
0.0 0.869398 0.929120 0.014026 0.016795
0.0 0.900462 0.943345 0.014204 0.017595
0.0 0.802509 0.903680 0.011267 0.016053
1.0 0.802706 0.919057 0.011662 0.040459
1.0 0.950170 0.956052 0.039861 0.062768
0.0 0.961852 0.929120 0.014026 0.016795
0.0 0.930788 0.943345 0.014204 0.017595
