1.0 0.089724 0.015625 0.064819 0.031250
1.0 0.093905 0.013788 0.046969 0.027577
1.0 0.597776 0.015625 0.064819 0.031250
1.0 0.593595 0.013788 0.046969 0.027577
1.0 0.714724 0.015625 0.064819 0.031250
1.0 0.718905 0.013788 0.046969 0.027577
1.0 0.089724 0.049517 0.064819 0.036534
1.0 0.093905 0.051031 0.046969 0.032216
1.0 0.597776 0.049517 0.064819 0.036534
1.0 0.593595 0.051031 0.046969 0.032216
1.0 0.714724 0.049517 0.064819 0.036534
1.0 0.718905 0.051031 0.046969 0.032216
1.0 0.089724 0.637983 0.064819 0.036534
1.0 0.093905 0.636469 0.046969 0.032216
1.0 0.597776 0.637983 0.064819 0.036534
1.0 0.593595 0.636469 0.046969 0.032216
1.0 0.714724 0.637983 0.064819 0.036534
1.0 0.718905 0.636469 0.046969 0.032216
1.0 0.089724 0.674517 0.064819 0.036534
1.0 0.093905 0.676031 0.046969 0.032216
1.0 0.597776 0.674517 0.064819 0.036534
1.0 0.593595 0.676031 0.046969 0.032216
1.0 0.714724 0.674517 0.064819 0.036534
1.0 0.718905 0.676031 0.046969 0.032216
