1.0 0.001347 0.029289 0.002694 0.058579
1.0 0.007728 0.025100 0.015455 0.050201
0.0 0.005951 0.047537 0.011902 0.027476
1.0 0.158461 0.029289 0.034030 0.058579
1.0 0.142796 0.025100 0.028220 0.050201
0.0 0.142626 0.047537 0.020775 0.027476
0.0 0.169977 0.047162 0.016431 0.023456
1.0 0.230211 0.029289 0.034030 0.058579
1.0 0.245876 0.025100 0.028220 0.050201
0.0 0.246046 0.047537 0.020775 0.027476
0.0 0.218694 0.047162 0.016431 0.023456
1.0 0.402993 0.029289 0.034030 0.058579
1.0 0.387327 0.025100 0.028220 0.050201
0.0 0.387158 0.047537 0.020775 0.027476
0.0 0.414509 0.047162 0.016431 0.023456
1.0 0.474742 0.029289 0.034030 0.058579
1.0 0.490408 0.025100 0.028220 0.050201
0.0 0.490577 0.047537 0.020775 0.027476
0.0 0.463226 0.047162 0.016431 0.023456
1.0 0.647524 0.029289 0.034030 0.058579
1.0 0.631858 0.025100 0.028220 0.050201
0.0 0.631689 0.047537 0.020775 0.027476
0.0 0.659040 0.047162 0.016431 0.023456
1.0 0.719273 0.029289 0.034030 0.058579
1.0 0.734939 0.025100 0.028220 0.050201
0.0 0.735108 0.047537 0.020775 0.027476
0.0 0.707757 0.047162 0.016431 0.023456
1.0 0.892055 0.029289 0.034030 0.058579
1.0 0.876389 0.025100 0.028220 0.050201
0.0 0.876220 0.047537 0.020775 0.027476
0.0 0.903571 0.047162 0.016431 0.023456
1.0 0.963804 0.029289 0.034030 0.058579
1.0 0.979470 0.025100 0.028220 0.050201
0.0 0.979639 0.047537 0.020775 0.027476
0.0 0.952288 0.047162 0.016431 0.023456
1.0 0.001347 0.118000 0.002694 0.064268
1.0 0.007728 0.124992 0.015455 0.061497
1.0 0.070086 0.184339 0.003968 0.012696
0.0 0.005951 0.096908 0.011902 0.027476
1.0 0.158461 0.118000 0.034030 0.064268
1.0 0.142796 0.124992 0.028220 0.061497
1.0 0.074054 0.184339 0.003968 0.012696
0.0 0.142626 0.096908 0.020775 0.027476
0.0 0.169977 0.097283 0.016431 0.023456
1.0 0.230211 0.118000 0.034030 0.064268
1.0 0.245876 0.124992 0.028220 0.061497
1.0 0.314618 0.184339 0.003968 0.012696
0.0 0.246046 0.096908 0.020775 0.027476
0.0 0.218694 0.097283 0.016431 0.023456
1.0 0.402993 0.118000 0.034030 0.064268
1.0 0.387327 0.124992 0.028220 0.061497
1.0 0.318585 0.184339 0.003968 0.012696
0.0 0.387158 0.096908 0.020775 0.027476
0.0 0.414509 0.097283 0.016431 0.023456
1.0 0.474742 0.118000 0.034030 0.064268
1.0 0.490408 0.124992 0.028220 0.061497
1.0 0.559149 0.184339 0.003968 0.012696
0.0 0.490577 0.096908 0.020775 0.027476
0.0 0.463226 0.097283 0.016431 0.023456
1.0 0.647524 0.118000 0.034030 0.064268
1.0 0.631858 0.124992 0.028220 0.061497
1.0 0.563117 0.184339 0.003968 0.012696
0.0 0.631689 0.096908 0.020775 0.027476
0.0 0.659040 0.097283 0.016431 0.023456
1.0 0.719273 0.118000 0.034030 0.064268
1.0 0.734939 0.124992 0.028220 0.061497
1.0 0.803680 0.184339 0.003968 0.012696
0.0 0.735108 0.096908 0.020775 0.027476
0.0 0.707757 0.097283 0.016431 0.023456
1.0 0.892055 0.118000 0.034030 0.064268
1.0 0.876389 0.124992 0.028220 0.061497
1.0 0.807648 0.184339 0.003968 0.012696
0.0 0.876220 0.096908 0.020775 0.027476
0.0 0.903571 0.097283 0.016431 0.023456
1.0 0.963804 0.118000 0.034030 0.064268
1.0 0.979470 0.124992 0.028220 0.061497
0.0 0.979639 0.096908 0.020775 0.027476
0.0 0.952288 0.097283 0.016431 0.023456
1.0 0.001347 0.270889 0.002694 0.064268
1.0 0.007728 0.263897 0.015455 0.061497
1.0 0.070086 0.204550 0.003968 0.012696
0.0 0.005951 0.291981 0.011902 0.027476
1.0 0.158461 0.270889 0.034030 0.064268
1.0 0.142796 0.263897 0.028220 0.061497
1.0 0.074054 0.204550 0.003968 0.012696
0.0 0.142626 0.291981 0.020775 0.027476
0.0 0.169977 0.291606 0.016431 0.023456
1.0 0.230211 0.270889 0.034030 0.064268
1.0 0.245876 0.263897 0.028220 0.061497
1.0 0.314618 0.204550 0.003968 0.012696
0.0 0.246046 0.291981 0.020775 0.027476
0.0 0.218694 0.291606 0.016431 0.023456
1.0 0.402993 0.270889 0.034030 0.064268
1.0 0.387327 0.263897 0.028220 0.061497
1.0 0.318585 0.204550 0.003968 0.012696
0.0 0.387158 0.291981 0.020775 0.027476
0.0 0.414509 0.291606 0.016431 0.023456
1.0 0.474742 0.270889 0.034030 0.064268
1.0 0.490408 0.263897 0.028220 0.061497
1.0 0.559149 0.204550 0.003968 0.012696
0.0 0.490577 0.291981 0.020775 0.027476
0.0 0.463226 0.291606 0.016431 0.023456
1.0 0.647524 0.270889 0.034030 0.064268
1.0 0.631858 0.263897 0.028220 0.061497
1.0 0.563117 0.204550 0.003968 0.012696
0.0 0.631689 0.291981 0.020775 0.027476
0.0 0.659040 0.291606 0.016431 0.023456
1.0 0.719273 0.270889 0.034030 0.064268
1.0 0.734939 0.263897 0.028220 0.061497
1.0 0.803680 0.204550 0.003968 0.012696
0.0 0.735108 0.291981 0.020775 0.027476
0.0 0.707757 0.291606 0.016431 0.023456
1.0 0.892055 0.270889 0.034030 0.064268
1.0 0.876389 0.263897 0.028220 0.061497
1.0 0.807648 0.204550 0.003968 0.012696
0.0 0.876220 0.291981 0.020775 0.027476
0.0 0.903571 0.291606 0.016431 0.023456
1.0 0.963804 0.270889 0.034030 0.064268
1.0 0.979470 0.263897 0.028220 0.061497
0.0 0.979639 0.291981 0.020775 0.027476
0.0 0.952288 0.291606 0.016431 0.023456
1.0 0.001347 0.362444 0.002694 0.064268
1.0 0.007728 0.369436 0.015455 0.061497
1.0 0.070086 0.428783 0.003968 0.012696
0.0 0.005951 0.341352 0.011902 0.027476
1.0 0.158461 0.362444 0.034030 0.064268
1.0 0.142796 0.369436 0.028220 0.061497
1.0 0.074054 0.428783 0.003968 0.012696
0.0 0.142626 0.341352 0.020775 0.027476
0.0 0.169977 0.341727 0.016431 0.023456
1.0 0.230211 0.362444 0.034030 0.064268
1.0 0.245876 0.369436 0.028220 0.061497
1.0 0.314618 0.428783 0.003968 0.012696
0.0 0.246046 0.341352 0.020775 0.027476
0.0 0.218694 0.341727 0.016431 0.023456
1.0 0.402993 0.362444 0.034030 0.064268
1.0 0.387327 0.369436 0.028220 0.061497
1.0 0.318585 0.428783 0.003968 0.012696
0.0 0.387158 0.341352 0.020775 0.027476
0.0 0.414509 0.341727 0.016431 0.023456
1.0 0.474742 0.362444 0.034030 0.064268
1.0 0.490408 0.369436 0.028220 0.061497
1.0 0.559149 0.428783 0.003968 0.012696
0.0 0.490577 0.341352 0.020775 0.027476
0.0 0.463226 0.341727 0.016431 0.023456
1.0 0.647524 0.362444 0.034030 0.064268
1.0 0.631858 0.369436 0.028220 0.061497
1.0 0.563117 0.428783 0.003968 0.012696
0.0 0.631689 0.341352 0.020775 0.027476
0.0 0.659040 0.341727 0.016431 0.023456
1.0 0.719273 0.362444 0.034030 0.064268
1.0 0.734939 0.369436 0.028220 0.061497
1.0 0.803680 0.428783 0.003968 0.012696
0.0 0.735108 0.341352 0.020775 0.027476
0.0 0.707757 0.341727 0.016431 0.023456
1.0 0.892055 0.362444 0.034030 0.064268
1.0 0.876389 0.369436 0.028220 0.061497
1.0 0.807648 0.428783 0.003968 0.012696
0.0 0.876220 0.341352 0.020775 0.027476
0.0 0.903571 0.341727 0.016431 0.023456
1.0 0.963804 0.362444 0.034030 0.064268
1.0 0.979470 0.369436 0.028220 0.061497
0.0 0.979639 0.341352 0.020775 0.027476
0.0 0.952288 0.341727 0.016431 0.023456
1.0 0.001347 0.515333 0.002694 0.064268
1.0 0.007728 0.508341 0.015455 0.061497
1.0 0.070086 0.448995 0.003968 0.012696
0.0 0.005951 0.536426 0.011902 0.027476
1.0 0.158461 0.515333 0.034030 0.064268
1.0 0.142796 0.508341 0.028220 0.061497
1.0 0.074054 0.448995 0.003968 0.012696
0.0 0.142626 0.536426 0.020775 0.027476
0.0 0.169977 0.536051 0.016431 0.023456
1.0 0.230211 0.515333 0.034030 0.064268
1.0 0.245876 0.508341 0.028220 0.061497
1.0 0.314618 0.448995 0.003968 0.012696
0.0 0.246046 0.536426 0.020775 0.027476
0.0 0.218694 0.536051 0.016431 0.023456
1.0 0.402993 0.515333 0.034030 0.064268
1.0 0.387327 0.508341 0.028220 0.061497
1.0 0.318585 0.448995 0.003968 0.012696
0.0 0.387158 0.536426 0.020775 0.027476
0.0 0.414509 0.536051 0.016431 0.023456
1.0 0.474742 0.515333 0.034030 0.064268
1.0 0.490408 0.508341 0.028220 0.061497
1.0 0.559149 0.448995 0.003968 0.012696
0.0 0.490577 0.536426 0.020775 0.027476
0.0 0.463226 0.536051 0.016431 0.023456
1.0 0.647524 0.515333 0.034030 0.064268
1.0 0.631858 0.508341 0.028220 0.061497
1.0 0.563117 0.448995 0.003968 0.012696
0.0 0.631689 0.536426 0.020775 0.027476
0.0 0.659040 0.536051 0.016431 0.023456
1.0 0.719273 0.515333 0.034030 0.064268
1.0 0.734939 0.508341 0.028220 0.061497
1.0 0.803680 0.448995 0.003968 0.012696
0.0 0.735108 0.536426 0.020775 0.027476
0.0 0.707757 0.536051 0.016431 0.023456
1.0 0.892055 0.515333 0.034030 0.064268
1.0 0.876389 0.508341 0.028220 0.061497
1.0 0.807648 0.448995 0.003968 0.012696
0.0 0.876220 0.536426 0.020775 0.027476
0.0 0.903571 0.536051 0.016431 0.023456
1.0 0.963804 0.515333 0.034030 0.064268
1.0 0.979470 0.508341 0.028220 0.061497
0.0 0.979639 0.536426 0.020775 0.027476
0.0 0.952288 0.536051 0.016431 0.023456
1.0 0.001347 0.606889 0.002694 0.064268
1.0 0.007728 0.613881 0.015455 0.061497
1.0 0.070086 0.673228 0.003968 0.012696
0.0 0.005951 0.585796 0.011902 0.027476
1.0 0.158461 0.606889 0.034030 0.064268
1.0 0.142796 0.613881 0.028220 0.061497
1.0 0.074054 0.673228 0.003968 0.012696
0.0 0.142626 0.585796 0.020775 0.027476
0.0 0.169977 0.586172 0.016431 0.023456
1.0 0.230211 0.606889 0.034030 0.064268
1.0 0.245876 0.613881 0.028220 0.061497
1.0 0.314618 0.673228 0.003968 0.012696
0.0 0.246046 0.585796 0.020775 0.027476
0.0 0.218694 0.586172 0.016431 0.023456
1.0 0.402993 0.606889 0.034030 0.064268
1.0 0.387327 0.613881 0.028220 0.061497
1.0 0.318585 0.673228 0.003968 0.012696
0.0 0.387158 0.585796 0.020775 0.027476
0.0 0.414509 0.586172 0.016431 0.023456
1.0 0.474742 0.606889 0.034030 0.064268
1.0 0.490408 0.613881 0.028220 0.061497
1.0 0.559149 0.673228 0.003968 0.012696
0.0 0.490577 0.585796 0.020775 0.027476
0.0 0.463226 0.586172 0.016431 0.023456
1.0 0.647524 0.606889 0.034030 0.064268
1.0 0.631858 0.613881 0.028220 0.061497
1.0 0.563117 0.673228 0.003968 0.012696
0.0 0.631689 0.585796 0.020775 0.027476
0.0 0.659040 0.586172 0.016431 0.023456
1.0 0.719273 0.606889 0.034030 0.064268
1.0 0.734939 0.613881 0.028220 0.061497
1.0 0.803680 0.673228 0.003968 0.012696
0.0 0.735108 0.585796 0.020775 0.027476
0.0 0.707757 0.586172 0.016431 0.023456
1.0 0.892055 0.606889 0.034030 0.064268
1.0 0.876389 0.613881 0.028220 0.061497
1.0 0.807648 0.673228 0.003968 0.012696
0.0 0.876220 0.585796 0.020775 0.027476
0.0 0.903571 0.586172 0.016431 0.023456
1.0 0.963804 0.606889 0.034030 0.064268
1.0 0.979470 0.613881 0.028220 0.061497
0.0 0.979639 0.585796 0.020775 0.027476
0.0 0.952288 0.586172 0.016431 0.023456
1.0 0.001347 0.759778 0.002694 0.064268
1.0 0.007728 0.752786 0.015455 0.061497
1.0 0.070086 0.693439 0.003968 0.012696
0.0 0.005951 0.780870 0.011902 0.027476
1.0 0.158461 0.759778 0.034030 0.064268
1.0 0.142796 0.752786 0.028220 0.061497
1.0 0.074054 0.693439 0.003968 0.012696
0.0 0.142626 0.780870 0.020775 0.027476
0.0 0.169977 0.780495 0.016431 0.023456
1.0 0.230211 0.759778 0.034030 0.064268
1.0 0.245876 0.752786 0.028220 0.061497
1.0 0.314618 0.693439 0.003968 0.012696
0.0 0.246046 0.780870 0.020775 0.027476
0.0 0.218694 0.780495 0.016431 0.023456
1.0 0.402993 0.759778 0.034030 0.064268
1.0 0.387327 0.752786 0.028220 0.061497
1.0 0.318585 0.693439 0.003968 0.012696
0.0 0.387158 0.780870 0.020775 0.027476
0.0 0.414509 0.780495 0.016431 0.023456
1.0 0.474742 0.759778 0.034030 0.064268
1.0 0.490408 0.752786 0.028220 0.061497
1.0 0.559149 0.693439 0.003968 0.012696
0.0 0.490577 0.780870 0.020775 0.027476
0.0 0.463226 0.780495 0.016431 0.023456
1.0 0.647524 0.759778 0.034030 0.064268
1.0 0.631858 0.752786 0.028220 0.061497
1.0 0.563117 0.693439 0.003968 0.012696
0.0 0.631689 0.780870 0.020775 0.027476
0.0 0.659040 0.780495 0.016431 0.023456
1.0 0.719273 0.759778 0.034030 0.064268
1.0 0.734939 0.752786 0.028220 0.061497
1.0 0.803680 0.693439 0.003968 0.012696
0.0 0.735108 0.780870 0.020775 0.027476
0.0 0.707757 0.780495 0.016431 0.023456
1.0 0.892055 0.759778 0.034030 0.064268
1.0 0.876389 0.752786 0.028220 0.061497
1.0 0.807648 0.693439 0.003968 0.012696
0.0 0.876220 0.780870 0.020775 0.027476
0.0 0.903571 0.780495 0.016431 0.023456
1.0 0.963804 0.759778 0.034030 0.064268
1.0 0.979470 0.752786 0.028220 0.061497
0.0 0.979639 0.780870 0.020775 0.027476
0.0 0.952288 0.780495 0.016431 0.023456
1.0 0.001347 0.851333 0.002694 0.064268
1.0 0.007728 0.858325 0.015455 0.061497
1.0 0.070086 0.917672 0.003968 0.012696
0.0 0.005951 0.830241 0.011902 0.027476
1.0 0.158461 0.851333 0.034030 0.064268
1.0 0.142796 0.858325 0.028220 0.061497
1.0 0.074054 0.917672 0.003968 0.012696
0.0 0.142626 0.830241 0.020775 0.027476
0.0 0.169977 0.830616 0.016431 0.023456
1.0 0.230211 0.851333 0.034030 0.064268
1.0 0.245876 0.858325 0.028220 0.061497
1.0 0.314618 0.917672 0.003968 0.012696
0.0 0.246046 0.830241 0.020775 0.027476
0.0 0.218694 0.830616 0.016431 0.023456
1.0 0.402993 0.851333 0.034030 0.064268
1.0 0.387327 0.858325 0.028220 0.061497
1.0 0.318585 0.917672 0.003968 0.012696
0.0 0.387158 0.830241 0.020775 0.027476
0.0 0.414509 0.830616 0.016431 0.023456
1.0 0.474742 0.851333 0.034030 0.064268
1.0 0.490408 0.858325 0.028220 0.061497
1.0 0.559149 0.917672 0.003968 0.012696
0.0 0.490577 0.830241 0.020775 0.027476
0.0 0.463226 0.830616 0.016431 0.023456
1.0 0.647524 0.851333 0.034030 0.064268
1.0 0.631858 0.858325 0.028220 0.061497
1.0 0.563117 0.917672 0.003968 0.012696
0.0 0.631689 0.830241 0.020775 0.027476
0.0 0.659040 0.830616 0.016431 0.023456
1.0 0.719273 0.851333 0.034030 0.064268
1.0 0.734939 0.858325 0.028220 0.061497
1.0 0.803680 0.917672 0.003968 0.012696
0.0 0.735108 0.830241 0.020775 0.027476
0.0 0.707757 0.830616 0.016431 0.023456
1.0 0.892055 0.851333 0.034030 0.064268
1.0 0.876389 0.858325 0.028220 0.061497
1.0 0.807648 0.917672 0.003968 0.012696
0.0 0.876220 0.830241 0.020775 0.027476
0.0 0.903571 0.830616 0.016431 0.023456
1.0 0.963804 0.851333 0.034030 0.064268
1.0 0.979470 0.858325 0.028220 0.061497
0.0 0.979639 0.830241 0.020775 0.027476
0.0 0.952288 0.830616 0.016431 0.023456
1.0 0.007728 0.983241 0.015455 0.033518
1.0 0.070086 0.937883 0.003968 0.012696
1.0 0.158461 0.986044 0.034030 0.027912
1.0 0.142796 0.983241 0.028220 0.033518
1.0 0.074054 0.937883 0.003968 0.012696
1.0 0.230211 0.986044 0.034030 0.027912
1.0 0.245876 0.983241 0.028220 0.033518
1.0 0.314618 0.937883 0.003968 0.012696
1.0 0.402993 0.986044 0.034030 0.027912
1.0 0.387327 0.983241 0.028220 0.033518
1.0 0.318585 0.937883 0.003968 0.012696
1.0 0.474742 0.986044 0.034030 0.027912
1.0 0.490408 0.983241 0.028220 0.033518
1.0 0.559149 0.937883 0.003968 0.012696
1.0 0.647524 0.986044 0.034030 0.027912
1.0 0.631858 0.983241 0.028220 0.033518
1.0 0.563117 0.937883 0.003968 0.012696
1.0 0.719273 0.986044 0.034030 0.027912
1.0 0.734939 0.983241 0.028220 0.033518
1.0 0.803680 0.937883 0.003968 0.012696
1.0 0.892055 0.986044 0.034030 0.027912
1.0 0.876389 0.983241 0.028220 0.033518
1.0 0.807648 0.937883 0.003968 0.012696
1.0 0.963804 0.986044 0.034030 0.027912
1.0 0.979470 0.983241 0.028220 0.033518
