1.0 0.006210 0.019504 0.012421 0.039007
0.0 0.011070 0.025306 0.019284 0.050611
0.0 0.008975 0.116185 0.017950 0.081832
0.0 0.005414 0.243690 0.010829 0.128204
1.0 0.101008 0.070168 0.087294 0.127554
1.0 0.074914 0.019504 0.055918 0.039007
1.0 0.129623 0.171624 0.131396 0.225374
0.0 0.048305 0.025306 0.019284 0.050611
0.0 0.059434 0.116185 0.036018 0.081832
0.0 0.073204 0.243690 0.049315 0.128204
1.0 0.334539 0.070168 0.087294 0.127554
1.0 0.360633 0.019504 0.055918 0.039007
1.0 0.305924 0.171624 0.131396 0.225374
0.0 0.387242 0.025306 0.019284 0.050611
0.0 0.376112 0.116185 0.036018 0.081832
0.0 0.362343 0.243690 0.049315 0.128204
1.0 0.477180 0.070168 0.087294 0.127554
1.0 0.451085 0.019504 0.055918 0.039007
1.0 0.505795 0.171624 0.131396 0.225374
0.0 0.424476 0.025306 0.019284 0.050611
0.0 0.435606 0.116185 0.036018 0.081832
0.0 0.449376 0.243690 0.049315 0.128204
1.0 0.710711 0.070168 0.087294 0.127554
1.0 0.736805 0.019504 0.055918 0.039007
1.0 0.682096 0.171624 0.131396 0.225374
0.0 0.763414 0.025306 0.019284 0.050611
0.0 0.752284 0.116185 0.036018 0.081832
0.0 0.738515 0.243690 0.049315 0.128204
1.0 0.853352 0.070168 0.087294 0.127554
1.0 0.827257 0.019504 0.055918 0.039007
1.0 0.881967 0.171624 0.131396 0.225374
0.0 0.800648 0.025306 0.019284 0.050611
0.0 0.811778 0.116185 0.036018 0.081832
0.0 0.825547 0.243690 0.049315 0.128204
1.0 0.996285 0.171624 0.007430 0.225374
1.0 0.006210 0.643344 0.012421 0.060535
0.0 0.011070 0.631178 0.019284 0.059412
0.0 0.008975 0.535898 0.017950 0.081832
0.0 0.005414 0.408393 0.010829 0.128204
1.0 0.101008 0.581916 0.087294 0.127554
1.0 0.074914 0.643344 0.055918 0.060535
1.0 0.129623 0.480459 0.131396 0.225374
0.0 0.048305 0.631178 0.019284 0.059412
0.0 0.059434 0.535898 0.036018 0.081832
0.0 0.073204 0.408393 0.049315 0.128204
1.0 0.334539 0.581916 0.087294 0.127554
1.0 0.360633 0.643344 0.055918 0.060535
1.0 0.305924 0.480459 0.131396 0.225374
0.0 0.387242 0.631178 0.019284 0.059412
0.0 0.376112 0.535898 0.036018 0.081832
0.0 0.362343 0.408393 0.049315 0.128204
1.0 0.477180 0.581916 0.087294 0.127554
1.0 0.451085 0.643344 0.055918 0.060535
1.0 0.505795 0.480459 0.131396 0.225374
0.0 0.424476 0.631178 0.019284 0.059412
0.0 0.435606 0.535898 0.036018 0.081832
0.0 0.449376 0.408393 0.049315 0.128204
1.0 0.710711 0.581916 0.087294 0.127554
1.0 0.736805 0.643344 0.055918 0.060535
1.0 0.682096 0.480459 0.131396 0.225374
0.0 0.763414 0.631178 0.019284 0.059412
0.0 0.752284 0.535898 0.036018 0.081832
0.0 0.738515 0.408393 0.049315 0.128204
1.0 0.853352 0.581916 0.087294 0.127554
1.0 0.827257 0.643344 0.055918 0.060535
1.0 0.881967 0.480459 0.131396 0.225374
0.0 0.800648 0.631178 0.019284 0.059412
0.0 0.811778 0.535898 0.036018 0.081832
0.0 0.825547 0.408393 0.049315 0.128204
1.0 0.996285 0.480459 0.007430 0.225374
1.0 0.006210 0.703879 0.012421 0.060535
0.0 0.011070 0.716044 0.019284 0.059412
0.0 0.008975 0.811324 0.017950 0.081832
0.0 0.005414 0.937363 0.010829 0.125273
1.0 0.101008 0.765307 0.087294 0.127554
1.0 0.074914 0.703879 0.055918 0.060535
1.0 0.129623 0.866763 0.131396 0.225374
0.0 0.048305 0.716044 0.019284 0.059412
0.0 0.059434 0.811324 0.036018 0.081832
0.0 0.073204 0.937363 0.049315 0.125273
1.0 0.334539 0.765307 0.087294 0.127554
1.0 0.360633 0.703879 0.055918 0.060535
1.0 0.305924 0.866763 0.131396 0.225374
0.0 0.387242 0.716044 0.019284 0.059412
0.0 0.376112 0.811324 0.036018 0.081832
0.0 0.362343 0.937363 0.049315 0.125273
1.0 0.477180 0.765307 0.087294 0.127554
1.0 0.451085 0.703879 0.055918 0.060535
1.0 0.505795 0.866763 0.131396 0.225374
0.0 0.424476 0.716044 0.019284 0.059412
0.0 0.435606 0.811324 0.036018 0.081832
0.0 0.449376 0.937363 0.049315 0.125273
1.0 0.710711 0.765307 0.087294 0.127554
1.0 0.736805 0.703879 0.055918 0.060535
1.0 0.682096 0.866763 0.131396 0.225374
0.0 0.763414 0.716044 0.019284 0.059412
0.0 0.752284 0.811324 0.036018 0.081832
0.0 0.738515 0.937363 0.049315 0.125273
1.0 0.853352 0.765307 0.087294 0.127554
1.0 0.827257 0.703879 0.055918 0.060535
1.0 0.881967 0.866763 0.131396 0.225374
0.0 0.800648 0.716044 0.019284 0.059412
0.0 0.811778 0.811324 0.036018 0.081832
0.0 0.825547 0.937363 0.049315 0.125273
1.0 0.996285 0.866763 0.007430 0.225374
