0.0 0.028556 0.031320 0.057111 0.062641
0.0 0.008473 0.044131 0.016946 0.088261
0.0 0.104778 0.031320 0.081592 0.062641
0.0 0.181849 0.044131 0.155401 0.088261
0.0 0.602253 0.031320 0.081592 0.062641
0.0 0.525183 0.044131 0.155401 0.088261
0.0 0.690716 0.031320 0.081592 0.062641
0.0 0.767786 0.044131 0.155401 0.088261
0.0 0.028556 0.620763 0.057111 0.148752
0.0 0.008473 0.607953 0.016946 0.174372
0.0 0.104778 0.620763 0.081592 0.148752
0.0 0.181849 0.607953 0.155401 0.174372
0.0 0.247459 0.664981 0.123994 0.060315
0.0 0.602253 0.620763 0.081592 0.148752
0.0 0.525183 0.607953 0.155401 0.174372
0.0 0.459572 0.664981 0.123994 0.060315
0.0 0.690716 0.620763 0.081592 0.148752
0.0 0.767786 0.607953 0.155401 0.174372
0.0 0.833397 0.664981 0.123994 0.060315
0.0 0.991756 0.664981 0.016488 0.060315
0.0 0.028556 0.769515 0.057111 0.148752
0.0 0.008473 0.782325 0.016946 0.174372
0.0 0.104778 0.769515 0.081592 0.148752
0.0 0.181849 0.782325 0.155401 0.174372
0.0 0.247459 0.725296 0.123994 0.060315
0.0 0.602253 0.769515 0.081592 0.148752
0.0 0.525183 0.782325 0.155401 0.174372
0.0 0.459572 0.725296 0.123994 0.060315
0.0 0.690716 0.769515 0.081592 0.148752
0.0 0.767786 0.782325 0.155401 0.174372
0.0 0.833397 0.725296 0.123994 0.060315
0.0 0.991756 0.725296 0.016488 0.060315
