0.0 0.009375 0.168750 0.018750 0.266204
0.0 0.125260 0.168750 0.163021 0.266204
0.0 0.312240 0.168750 0.163021 0.266204
0.0 0.500260 0.168750 0.163021 0.266204
0.0 0.687240 0.168750 0.163021 0.266204
0.0 0.875260 0.168750 0.163021 0.266204
0.0 0.990365 0.168750 0.019271 0.266204
0.0 0.009375 0.497917 0.018750 0.266204
0.0 0.125260 0.497917 0.163021 0.266204
0.0 0.312240 0.497917 0.163021 0.266204
0.0 0.500260 0.497917 0.163021 0.266204
0.0 0.687240 0.497917 0.163021 0.266204
0.0 0.875260 0.497917 0.163021 0.266204
0.0 0.990365 0.497917 0.019271 0.266204
0.0 0.009375 0.835417 0.018750 0.266204
0.0 0.125260 0.835417 0.163021 0.266204
0.0 0.312240 0.835417 0.163021 0.266204
0.0 0.500260 0.835417 0.163021 0.266204
0.0 0.687240 0.835417 0.163021 0.266204
0.0 0.875260 0.835417 0.163021 0.266204
0.0 0.990365 0.835417 0.019271 0.266204
