0.0 0.012109 0.030556 0.024219 0.061111
0.0 0.122581 0.046297 0.073289 0.092595
0.0 0.063151 0.030556 0.077865 0.061111
0.0 0.197732 0.046297 0.073289 0.092595
0.0 0.257161 0.030556 0.077865 0.061111
0.0 0.394456 0.046297 0.073289 0.092595
0.0 0.335026 0.030556 0.077865 0.061111
0.0 0.469607 0.046297 0.073289 0.092595
0.0 0.529036 0.030556 0.077865 0.061111
0.0 0.666331 0.046297 0.073289 0.092595
0.0 0.606901 0.030556 0.077865 0.061111
0.0 0.741482 0.046297 0.073289 0.092595
0.0 0.800911 0.030556 0.077865 0.061111
0.0 0.938206 0.046297 0.073289 0.092595
0.0 0.878776 0.030556 0.077865 0.061111
0.0 0.988356 0.046297 0.023288 0.092595
0.0 0.012109 0.296528 0.024219 0.165278
0.0 0.122581 0.272519 0.073289 0.180227
0.0 0.063151 0.296528 0.077865 0.165278
0.0 0.197732 0.272519 0.073289 0.180227
0.0 0.257161 0.296528 0.077865 0.165278
0.0 0.394456 0.272519 0.073289 0.180227
0.0 0.335026 0.296528 0.077865 0.165278
0.0 0.469607 0.272519 0.073289 0.180227
0.0 0.529036 0.296528 0.077865 0.165278
0.0 0.666331 0.272519 0.073289 0.180227
0.0 0.606901 0.296528 0.077865 0.165278
0.0 0.741482 0.272519 0.073289 0.180227
0.0 0.800911 0.296528 0.077865 0.165278
0.0 0.938206 0.272519 0.073289 0.180227
0.0 0.878776 0.296528 0.077865 0.165278
0.0 0.988356 0.272519 0.023288 0.180227
0.0 0.012109 0.461806 0.024219 0.165278
0.0 0.122581 0.485815 0.073289 0.180227
0.0 0.063151 0.461806 0.077865 0.165278
0.0 0.197732 0.485815 0.073289 0.180227
0.0 0.257161 0.461806 0.077865 0.165278
0.0 0.394456 0.485815 0.073289 0.180227
0.0 0.335026 0.461806 0.077865 0.165278
0.0 0.469607 0.485815 0.073289 0.180227
0.0 0.529036 0.461806 0.077865 0.165278
0.0 0.666331 0.485815 0.073289 0.180227
0.0 0.606901 0.461806 0.077865 0.165278
0.0 0.741482 0.485815 0.073289 0.180227
0.0 0.800911 0.461806 0.077865 0.165278
0.0 0.938206 0.485815 0.073289 0.180227
0.0 0.878776 0.461806 0.077865 0.165278
0.0 0.988356 0.485815 0.023288 0.180227
0.0 0.012109 0.779861 0.024219 0.165278
0.0 0.122581 0.755852 0.073289 0.180227
0.0 0.063151 0.779861 0.077865 0.165278
0.0 0.197732 0.755852 0.073289 0.180227
0.0 0.257161 0.779861 0.077865 0.165278
0.0 0.394456 0.755852 0.073289 0.180227
0.0 0.335026 0.779861 0.077865 0.165278
0.0 0.469607 0.755852 0.073289 0.180227
0.0 0.529036 0.779861 0.077865 0.165278
0.0 0.666331 0.755852 0.073289 0.180227
0.0 0.606901 0.779861 0.077865 0.165278
0.0 0.741482 0.755852 0.073289 0.180227
0.0 0.800911 0.779861 0.077865 0.165278
0.0 0.938206 0.755852 0.073289 0.180227
0.0 0.878776 0.779861 0.077865 0.165278
0.0 0.988356 0.755852 0.023288 0.180227
0.0 0.012109 0.931250 0.024219 0.137500
0.0 0.122581 0.939517 0.073289 0.120965
0.0 0.063151 0.931250 0.077865 0.137500
0.0 0.197732 0.939517 0.073289 0.120965
0.0 0.257161 0.931250 0.077865 0.137500
0.0 0.394456 0.939517 0.073289 0.120965
0.0 0.335026 0.931250 0.077865 0.137500
0.0 0.469607 0.939517 0.073289 0.120965
0.0 0.529036 0.931250 0.077865 0.137500
0.0 0.666331 0.939517 0.073289 0.120965
0.0 0.606901 0.931250 0.077865 0.137500
0.0 0.741482 0.939517 0.073289 0.120965
0.0 0.800911 0.931250 0.077865 0.137500
0.0 0.938206 0.939517 0.073289 0.120965
0.0 0.878776 0.931250 0.077865 0.137500
0.0 0.988356 0.939517 0.023288 0.120965
