1.0 0.231231 0.007266 0.030154 0.014532
1.0 0.278856 0.008730 0.024738 0.017459
1.0 0.221291 0.004525 0.012260 0.009049
1.0 0.264370 0.006057 0.018137 0.012113
1.0 0.296395 0.002001 0.016584 0.004003
1.0 0.378144 0.007266 0.030154 0.014532
1.0 0.330519 0.008730 0.024738 0.017459
1.0 0.388084 0.004525 0.012260 0.009049
1.0 0.345005 0.006057 0.018137 0.012113
1.0 0.312980 0.002001 0.016584 0.004003
1.0 0.146616 0.632517 0.061688 0.197929
1.0 0.231231 0.558545 0.030154 0.072079
1.0 0.278856 0.555740 0.024738 0.072325
1.0 0.055973 0.635994 0.054735 0.190975
1.0 0.221291 0.560062 0.012260 0.064149
1.0 0.264370 0.556938 0.018137 0.064027
1.0 0.176048 0.565120 0.014226 0.025241
1.0 0.114747 0.571303 0.010024 0.069048
1.0 0.099983 0.573053 0.040257 0.074260
1.0 0.082856 0.572114 0.007185 0.063351
1.0 0.296395 0.548316 0.016584 0.030564
1.0 0.202732 0.568680 0.008041 0.006634
0.0 0.099119 0.702926 0.066491 0.057111
1.0 0.662293 0.582364 0.021718 0.062523
1.0 0.630712 0.580193 0.017002 0.062440
1.0 0.462759 0.632517 0.061688 0.197929
1.0 0.378144 0.558545 0.030154 0.072079
1.0 0.330519 0.555740 0.024738 0.072325
1.0 0.553402 0.635994 0.054735 0.190975
1.0 0.620232 0.578343 0.011398 0.057917
1.0 0.388084 0.560062 0.012260 0.064149
1.0 0.345005 0.556938 0.018137 0.064027
1.0 0.652525 0.584058 0.012640 0.051885
1.0 0.433327 0.565120 0.014226 0.025241
1.0 0.494628 0.571303 0.010024 0.069048
1.0 0.509392 0.573053 0.040257 0.074260
1.0 0.526519 0.572114 0.007185 0.063351
1.0 0.312980 0.548316 0.016584 0.030564
1.0 0.406643 0.568680 0.008041 0.006634
0.0 0.510256 0.702926 0.066491 0.057111
0.0 0.650380 0.669417 0.026977 0.025276
1.0 0.728332 0.582364 0.021718 0.062523
1.0 0.759913 0.580193 0.017002 0.062440
1.0 0.927866 0.632517 0.061688 0.197929
1.0 0.998702 0.558545 0.002596 0.072079
1.0 0.837223 0.635994 0.054735 0.190975
1.0 0.770393 0.578343 0.011398 0.057917
1.0 0.998206 0.560062 0.003589 0.064149
1.0 0.738100 0.584058 0.012640 0.051885
1.0 0.957298 0.565120 0.014226 0.025241
1.0 0.895997 0.571303 0.010024 0.069048
1.0 0.881233 0.573053 0.040257 0.074260
1.0 0.864106 0.572114 0.007185 0.063351
1.0 0.983982 0.568680 0.008041 0.006634
0.0 0.880369 0.702926 0.066491 0.057111
0.0 0.740245 0.669417 0.026977 0.025276
1.0 0.146616 0.830446 0.061688 0.197929
1.0 0.231231 0.904418 0.030154 0.072079
1.0 0.278856 0.907223 0.024738 0.072325
1.0 0.055973 0.826969 0.054735 0.190975
1.0 0.221291 0.902901 0.012260 0.064149
1.0 0.264370 0.906025 0.018137 0.064027
1.0 0.176048 0.897843 0.014226 0.025241
1.0 0.114747 0.891660 0.010024 0.069048
1.0 0.099983 0.889910 0.040257 0.074260
1.0 0.082856 0.890849 0.007185 0.063351
1.0 0.296395 0.914647 0.016584 0.030564
1.0 0.202732 0.894283 0.008041 0.006634
0.0 0.099119 0.760037 0.066491 0.057111
1.0 0.662293 0.880599 0.021718 0.062523
1.0 0.630712 0.882770 0.017002 0.062440
1.0 0.462759 0.830446 0.061688 0.197929
1.0 0.378144 0.904418 0.030154 0.072079
1.0 0.330519 0.907223 0.024738 0.072325
1.0 0.553402 0.826969 0.054735 0.190975
1.0 0.620232 0.884620 0.011398 0.057917
1.0 0.388084 0.902901 0.012260 0.064149
1.0 0.345005 0.906025 0.018137 0.064027
1.0 0.652525 0.878905 0.012640 0.051885
1.0 0.433327 0.897843 0.014226 0.025241
1.0 0.494628 0.891660 0.010024 0.069048
1.0 0.509392 0.889910 0.040257 0.074260
1.0 0.526519 0.890849 0.007185 0.063351
1.0 0.312980 0.914647 0.016584 0.030564
1.0 0.406643 0.894283 0.008041 0.006634
0.0 0.510256 0.760037 0.066491 0.057111
0.0 0.650380 0.793546 0.026977 0.025276
1.0 0.728332 0.880599 0.021718 0.062523
1.0 0.759913 0.882770 0.017002 0.062440
1.0 0.927866 0.830446 0.061688 0.197929
1.0 0.998702 0.904418 0.002596 0.072079
1.0 0.837223 0.826969 0.054735 0.190975
1.0 0.770393 0.884620 0.011398 0.057917
1.0 0.998206 0.902901 0.003589 0.064149
1.0 0.738100 0.878905 0.012640 0.051885
1.0 0.957298 0.897843 0.014226 0.025241
1.0 0.895997 0.891660 0.010024 0.069048
1.0 0.881233 0.889910 0.040257 0.074260
1.0 0.864106 0.890849 0.007185 0.063351
1.0 0.983982 0.894283 0.008041 0.006634
0.0 0.880369 0.760037 0.066491 0.057111
0.0 0.740245 0.793546 0.026977 0.025276
