1.0 0.042540 0.146144 0.085079 0.283867
0.0 0.011274 0.049691 0.022548 0.099382
0.0 0.053219 0.067944 0.060940 0.118797
1.0 0.362887 0.169530 0.039851 0.244273
0.0 0.363934 0.061334 0.037758 0.122667
1.0 0.263037 0.146144 0.102483 0.283867
0.0 0.306813 0.049691 0.064972 0.099382
0.0 0.243656 0.067944 0.060940 0.118797
1.0 0.402738 0.169530 0.039851 0.244273
0.0 0.401691 0.061334 0.037758 0.122667
1.0 0.502588 0.146144 0.102483 0.283867
0.0 0.458812 0.049691 0.064972 0.099382
0.0 0.521969 0.067944 0.060940 0.118797
1.0 0.831637 0.169530 0.039851 0.244273
0.0 0.832684 0.061334 0.037758 0.122667
1.0 0.731787 0.146144 0.102483 0.283867
0.0 0.775563 0.049691 0.064972 0.099382
0.0 0.712406 0.067944 0.060940 0.118797
1.0 0.871488 0.169530 0.039851 0.244273
0.0 0.870441 0.061334 0.037758 0.122667
1.0 0.960048 0.146144 0.079904 0.283867
0.0 0.927562 0.049691 0.064972 0.099382
0.0 0.980125 0.067944 0.039751 0.118797
1.0 0.042540 0.437189 0.085079 0.283867
0.0 0.011274 0.557384 0.022548 0.146865
0.0 0.053219 0.515389 0.060940 0.118797
1.0 0.362887 0.413803 0.039851 0.244273
0.0 0.363934 0.534099 0.037758 0.146865
1.0 0.263037 0.437189 0.102483 0.283867
0.0 0.306813 0.557384 0.064972 0.146865
0.0 0.243656 0.515389 0.060940 0.118797
1.0 0.402738 0.413803 0.039851 0.244273
0.0 0.401691 0.534099 0.037758 0.146865
1.0 0.502588 0.437189 0.102483 0.283867
0.0 0.458812 0.557384 0.064972 0.146865
0.0 0.521969 0.515389 0.060940 0.118797
1.0 0.831637 0.413803 0.039851 0.244273
0.0 0.832684 0.534099 0.037758 0.146865
1.0 0.731787 0.437189 0.102483 0.283867
0.0 0.775563 0.557384 0.064972 0.146865
0.0 0.712406 0.515389 0.060940 0.118797
1.0 0.871488 0.413803 0.039851 0.244273
0.0 0.870441 0.534099 0.037758 0.146865
1.0 0.960048 0.437189 0.079904 0.283867
0.0 0.927562 0.557384 0.064972 0.146865
0.0 0.980125 0.515389 0.039751 0.118797
1.0 0.042540 0.918772 0.085079 0.162455
0.0 0.011274 0.859283 0.022548 0.146865
0.0 0.053219 0.901277 0.060940 0.118797
1.0 0.362887 0.940364 0.039851 0.119273
0.0 0.363934 0.882568 0.037758 0.146865
1.0 0.263037 0.918772 0.102483 0.162455
0.0 0.306813 0.859283 0.064972 0.146865
0.0 0.243656 0.901277 0.060940 0.118797
1.0 0.402738 0.940364 0.039851 0.119273
0.0 0.401691 0.882568 0.037758 0.146865
1.0 0.502588 0.918772 0.102483 0.162455
0.0 0.458812 0.859283 0.064972 0.146865
0.0 0.521969 0.901277 0.060940 0.118797
1.0 0.831637 0.940364 0.039851 0.119273
0.0 0.832684 0.882568 0.037758 0.146865
1.0 0.731787 0.918772 0.102483 0.162455
0.0 0.775563 0.859283 0.064972 0.146865
0.0 0.712406 0.901277 0.060940 0.118797
1.0 0.871488 0.940364 0.039851 0.119273
0.0 0.870441 0.882568 0.037758 0.146865
1.0 0.960048 0.918772 0.079904 0.162455
0.0 0.927562 0.859283 0.064972 0.146865
0.0 0.980125 0.901277 0.039751 0.118797
