0.0 0.076062 0.206017 0.074002 0.128472
0.0 0.020942 0.194059 0.041884 0.111497
0.0 0.220813 0.206017 0.074002 0.128472
0.0 0.296332 0.194059 0.082682 0.111497
0.0 0.544812 0.206017 0.074002 0.128472
0.0 0.469293 0.194059 0.082682 0.111497
0.0 0.689563 0.206017 0.074002 0.128472
0.0 0.765082 0.194059 0.082682 0.111497
0.0 0.988281 0.206017 0.023438 0.128472
0.0 0.938043 0.194059 0.082682 0.111497
0.0 0.076062 0.498844 0.074002 0.128472
0.0 0.020942 0.510802 0.041884 0.111497
0.0 0.220813 0.498844 0.074002 0.128472
0.0 0.296332 0.510802 0.082682 0.111497
0.0 0.544812 0.498844 0.074002 0.128472
0.0 0.469293 0.510802 0.082682 0.111497
0.0 0.689563 0.498844 0.074002 0.128472
0.0 0.765082 0.510802 0.082682 0.111497
0.0 0.988281 0.498844 0.023438 0.128472
0.0 0.938043 0.510802 0.082682 0.111497
0.0 0.076062 0.796295 0.074002 0.128472
0.0 0.020942 0.784337 0.041884 0.111497
0.0 0.220813 0.796295 0.074002 0.128472
0.0 0.296332 0.784337 0.082682 0.111497
0.0 0.544812 0.796295 0.074002 0.128472
0.0 0.469293 0.784337 0.082682 0.111497
0.0 0.689563 0.796295 0.074002 0.128472
0.0 0.765082 0.784337 0.082682 0.111497
0.0 0.988281 0.796295 0.023438 0.128472
0.0 0.938043 0.784337 0.082682 0.111497
