1.0 0.004101 0.277278 0.008203 0.058145
0.0 0.006034 0.303312 0.006008 0.021618
0.0 0.002153 0.250796 0.004307 0.024496
0.0 0.014581 0.246471 0.004040 0.024281
1.0 0.033767 0.277278 0.017533 0.058145
0.0 0.027169 0.303312 0.006008 0.021618
1.0 0.037878 0.275540 0.008767 0.041884
0.0 0.032645 0.250796 0.007497 0.024496
0.0 0.018622 0.246471 0.004040 0.024281
1.0 0.175218 0.277278 0.017533 0.058145
0.0 0.181816 0.303312 0.006008 0.021618
1.0 0.171106 0.275540 0.008767 0.041884
0.0 0.176340 0.250796 0.007497 0.024496
0.0 0.190363 0.246471 0.004040 0.024281
1.0 0.209548 0.277278 0.017533 0.058145
0.0 0.202950 0.303312 0.006008 0.021618
1.0 0.213660 0.275540 0.008767 0.041884
0.0 0.208426 0.250796 0.007497 0.024496
0.0 0.194403 0.246471 0.004040 0.024281
1.0 0.350999 0.277278 0.017533 0.058145
0.0 0.357597 0.303312 0.006008 0.021618
1.0 0.346887 0.275540 0.008767 0.041884
0.0 0.352121 0.250796 0.007497 0.024496
0.0 0.366144 0.246471 0.004040 0.024281
1.0 0.385329 0.277278 0.017533 0.058145
0.0 0.378731 0.303312 0.006008 0.021618
1.0 0.389441 0.275540 0.008767 0.041884
0.0 0.384207 0.250796 0.007497 0.024496
0.0 0.370184 0.246471 0.004040 0.024281
1.0 0.526780 0.277278 0.017533 0.058145
0.0 0.533378 0.303312 0.006008 0.021618
1.0 0.522668 0.275540 0.008767 0.041884
0.0 0.527902 0.250796 0.007497 0.024496
0.0 0.541925 0.246471 0.004040 0.024281
1.0 0.561110 0.277278 0.017533 0.058145
0.0 0.554513 0.303312 0.006008 0.021618
1.0 0.565222 0.275540 0.008767 0.041884
0.0 0.559989 0.250796 0.007497 0.024496
0.0 0.545965 0.246471 0.004040 0.024281
1.0 0.702562 0.277278 0.017533 0.058145
0.0 0.709159 0.303312 0.006008 0.021618
1.0 0.698450 0.275540 0.008767 0.041884
0.0 0.703683 0.250796 0.007497 0.024496
0.0 0.717706 0.246471 0.004040 0.024281
1.0 0.736892 0.277278 0.017533 0.058145
0.0 0.730294 0.303312 0.006008 0.021618
1.0 0.741003 0.275540 0.008767 0.041884
0.0 0.735770 0.250796 0.007497 0.024496
0.0 0.721747 0.246471 0.004040 0.024281
1.0 0.878343 0.277278 0.017533 0.058145
0.0 0.884941 0.303312 0.006008 0.021618
1.0 0.874231 0.275540 0.008767 0.041884
0.0 0.879465 0.250796 0.007497 0.024496
0.0 0.893488 0.246471 0.004040 0.024281
1.0 0.912673 0.277278 0.017533 0.058145
0.0 0.906075 0.303312 0.006008 0.021618
1.0 0.916785 0.275540 0.008767 0.041884
0.0 0.911551 0.250796 0.007497 0.024496
0.0 0.897528 0.246471 0.004040 0.024281
1.0 0.004101 0.444944 0.008203 0.058145
0.0 0.006034 0.418910 0.006008 0.021618
0.0 0.002153 0.471426 0.004307 0.024496
0.0 0.014581 0.475751 0.004040 0.024281
1.0 0.033767 0.444944 0.017533 0.058145
0.0 0.027169 0.418910 0.006008 0.021618
1.0 0.037878 0.446682 0.008767 0.041884
0.0 0.032645 0.471426 0.007497 0.024496
0.0 0.018622 0.475751 0.004040 0.024281
1.0 0.175218 0.444944 0.017533 0.058145
0.0 0.181816 0.418910 0.006008 0.021618
1.0 0.171106 0.446682 0.008767 0.041884
0.0 0.176340 0.471426 0.007497 0.024496
0.0 0.190363 0.475751 0.004040 0.024281
1.0 0.209548 0.444944 0.017533 0.058145
0.0 0.202950 0.418910 0.006008 0.021618
1.0 0.213660 0.446682 0.008767 0.041884
0.0 0.208426 0.471426 0.007497 0.024496
0.0 0.194403 0.475751 0.004040 0.024281
1.0 0.350999 0.444944 0.017533 0.058145
0.0 0.357597 0.418910 0.006008 0.021618
1.0 0.346887 0.446682 0.008767 0.041884
0.0 0.352121 0.471426 0.007497 0.024496
0.0 0.366144 0.475751 0.004040 0.024281
1.0 0.385329 0.444944 0.017533 0.058145
0.0 0.378731 0.418910 0.006008 0.021618
1.0 0.389441 0.446682 0.008767 0.041884
0.0 0.384207 0.471426 0.007497 0.024496
0.0 0.370184 0.475751 0.004040 0.024281
1.0 0.526780 0.444944 0.017533 0.058145
0.0 0.533378 0.418910 0.006008 0.021618
1.0 0.522668 0.446682 0.008767 0.041884
0.0 0.527902 0.471426 0.007497 0.024496
0.0 0.541925 0.475751 0.004040 0.024281
1.0 0.561110 0.444944 0.017533 0.058145
0.0 0.554513 0.418910 0.006008 0.021618
1.0 0.565222 0.446682 0.008767 0.041884
0.0 0.559989 0.471426 0.007497 0.024496
0.0 0.545965 0.475751 0.004040 0.024281
1.0 0.702562 0.444944 0.017533 0.058145
0.0 0.709159 0.418910 0.006008 0.021618
1.0 0.698450 0.446682 0.008767 0.041884
0.0 0.703683 0.471426 0.007497 0.024496
0.0 0.717706 0.475751 0.004040 0.024281
1.0 0.736892 0.444944 0.017533 0.058145
0.0 0.730294 0.418910 0.006008 0.021618
1.0 0.741003 0.446682 0.008767 0.041884
0.0 0.735770 0.471426 0.007497 0.024496
0.0 0.721747 0.475751 0.004040 0.024281
1.0 0.878343 0.444944 0.017533 0.058145
0.0 0.884941 0.418910 0.006008 0.021618
1.0 0.874231 0.446682 0.008767 0.041884
0.0 0.879465 0.471426 0.007497 0.024496
0.0 0.893488 0.475751 0.004040 0.024281
1.0 0.912673 0.444944 0.017533 0.058145
0.0 0.906075 0.418910 0.006008 0.021618
1.0 0.916785 0.446682 0.008767 0.041884
0.0 0.911551 0.471426 0.007497 0.024496
0.0 0.897528 0.475751 0.004040 0.024281
1.0 0.004101 0.832834 0.008203 0.058145
0.0 0.006034 0.858867 0.006008 0.021618
0.0 0.002153 0.806352 0.004307 0.024496
0.0 0.014581 0.802026 0.004040 0.024281
1.0 0.033767 0.832834 0.017533 0.058145
0.0 0.027169 0.858867 0.006008 0.021618
1.0 0.037878 0.831096 0.008767 0.041884
0.0 0.032645 0.806352 0.007497 0.024496
0.0 0.018622 0.802026 0.004040 0.024281
1.0 0.175218 0.832834 0.017533 0.058145
0.0 0.181816 0.858867 0.006008 0.021618
1.0 0.171106 0.831096 0.008767 0.041884
0.0 0.176340 0.806352 0.007497 0.024496
0.0 0.190363 0.802026 0.004040 0.024281
1.0 0.209548 0.832834 0.017533 0.058145
0.0 0.202950 0.858867 0.006008 0.021618
1.0 0.213660 0.831096 0.008767 0.041884
0.0 0.208426 0.806352 0.007497 0.024496
0.0 0.194403 0.802026 0.004040 0.024281
1.0 0.350999 0.832834 0.017533 0.058145
0.0 0.357597 0.858867 0.006008 0.021618
1.0 0.346887 0.831096 0.008767 0.041884
0.0 0.352121 0.806352 0.007497 0.024496
0.0 0.366144 0.802026 0.004040 0.024281
1.0 0.385329 0.832834 0.017533 0.058145
0.0 0.378731 0.858867 0.006008 0.021618
1.0 0.389441 0.831096 0.008767 0.041884
0.0 0.384207 0.806352 0.007497 0.024496
0.0 0.370184 0.802026 0.004040 0.024281
1.0 0.526780 0.832834 0.017533 0.058145
0.0 0.533378 0.858867 0.006008 0.021618
1.0 0.522668 0.831096 0.008767 0.041884
0.0 0.527902 0.806352 0.007497 0.024496
0.0 0.541925 0.802026 0.004040 0.024281
1.0 0.561110 0.832834 0.017533 0.058145
0.0 0.554513 0.858867 0.006008 0.021618
1.0 0.565222 0.831096 0.008767 0.041884
0.0 0.559989 0.806352 0.007497 0.024496
0.0 0.545965 0.802026 0.004040 0.024281
1.0 0.702562 0.832834 0.017533 0.058145
0.0 0.709159 0.858867 0.006008 0.021618
1.0 0.698450 0.831096 0.008767 0.041884
0.0 0.703683 0.806352 0.007497 0.024496
0.0 0.717706 0.802026 0.004040 0.024281
1.0 0.736892 0.832834 0.017533 0.058145
0.0 0.730294 0.858867 0.006008 0.021618
1.0 0.741003 0.831096 0.008767 0.041884
0.0 0.735770 0.806352 0.007497 0.024496
0.0 0.721747 0.802026 0.004040 0.024281
1.0 0.878343 0.832834 0.017533 0.058145
0.0 0.884941 0.858867 0.006008 0.021618
1.0 0.874231 0.831096 0.008767 0.041884
0.0 0.879465 0.806352 0.007497 0.024496
0.0 0.893488 0.802026 0.004040 0.024281
1.0 0.912673 0.832834 0.017533 0.058145
0.0 0.906075 0.858867 0.006008 0.021618
1.0 0.916785 0.831096 0.008767 0.041884
0.0 0.911551 0.806352 0.007497 0.024496
0.0 0.897528 0.802026 0.004040 0.024281
1.0 0.004101 0.985714 0.008203 0.028573
0.0 0.006034 0.974466 0.006008 0.021618
1.0 0.033767 0.985714 0.017533 0.028573
0.0 0.027169 0.974466 0.006008 0.021618
1.0 0.037878 0.990648 0.008767 0.018705
1.0 0.175218 0.985714 0.017533 0.028573
0.0 0.181816 0.974466 0.006008 0.021618
1.0 0.171106 0.990648 0.008767 0.018705
1.0 0.209548 0.985714 0.017533 0.028573
0.0 0.202950 0.974466 0.006008 0.021618
1.0 0.213660 0.990648 0.008767 0.018705
1.0 0.350999 0.985714 0.017533 0.028573
0.0 0.357597 0.974466 0.006008 0.021618
1.0 0.346887 0.990648 0.008767 0.018705
1.0 0.385329 0.985714 0.017533 0.028573
0.0 0.378731 0.974466 0.006008 0.021618
1.0 0.389441 0.990648 0.008767 0.018705
1.0 0.526780 0.985714 0.017533 0.028573
0.0 0.533378 0.974466 0.006008 0.021618
1.0 0.522668 0.990648 0.008767 0.018705
1.0 0.561110 0.985714 0.017533 0.028573
0.0 0.554513 0.974466 0.006008 0.021618
1.0 0.565222 0.990648 0.008767 0.018705
1.0 0.702562 0.985714 0.017533 0.028573
0.0 0.709159 0.974466 0.006008 0.021618
1.0 0.698450 0.990648 0.008767 0.018705
1.0 0.736892 0.985714 0.017533 0.028573
0.0 0.730294 0.974466 0.006008 0.021618
1.0 0.741003 0.990648 0.008767 0.018705
1.0 0.878343 0.985714 0.017533 0.028573
0.0 0.884941 0.974466 0.006008 0.021618
1.0 0.874231 0.990648 0.008767 0.018705
1.0 0.912673 0.985714 0.017533 0.028573
0.0 0.906075 0.974466 0.006008 0.021618
1.0 0.916785 0.990648 0.008767 0.018705
