0.0 0.165180 0.074901 0.231027 0.149802
0.0 0.444195 0.074901 0.231027 0.149802
0.0 0.915458 0.074901 0.169084 0.149802
0.0 0.165180 0.339285 0.231027 0.367063
0.0 0.190289 0.633931 0.228793 0.396826
0.0 0.179883 0.659375 0.167578 0.265972
0.0 0.444195 0.339285 0.231027 0.367063
0.0 0.419086 0.633931 0.228793 0.396826
0.0 0.429492 0.659375 0.167578 0.265972
0.0 0.915458 0.339285 0.169084 0.367063
0.0 0.928571 0.633931 0.142857 0.396826
0.0 0.938672 0.659375 0.122656 0.265972
0.0 0.190289 0.931050 0.228793 0.137899
0.0 0.179883 0.951042 0.167578 0.097917
0.0 0.419086 0.931050 0.228793 0.137899
0.0 0.429492 0.951042 0.167578 0.097917
0.0 0.928571 0.931050 0.142857 0.137899
0.0 0.938672 0.951042 0.122656 0.097917
