1.0 0.053802 0.607639 0.107603 0.143840
1.0 0.220700 0.568881 0.098871 0.129841
1.0 0.094062 0.598979 0.081967 0.136654
1.0 0.261286 0.559113 0.067140 0.118474
1.0 0.047693 0.538126 0.036942 0.030795
1.0 0.298742 0.541509 0.018141 0.041914
0.0 0.122400 0.650464 0.028366 0.027707
0.0 0.268401 0.614059 0.026009 0.022819
1.0 0.231363 0.735863 0.098871 0.050496
1.0 0.103759 0.739841 0.081967 0.042539
1.0 0.272271 0.736944 0.067140 0.048334
0.0 0.126354 0.727108 0.028366 0.027707
0.0 0.273645 0.715683 0.026009 0.022819
1.0 0.564132 0.607639 0.112220 0.143840
1.0 0.394925 0.568881 0.098871 0.129841
1.0 0.521563 0.598979 0.081967 0.136654
1.0 0.354339 0.559113 0.067140 0.118474
1.0 0.672321 0.627470 0.038951 0.132889
1.0 0.567932 0.538126 0.036942 0.030795
1.0 0.316883 0.541509 0.018141 0.041914
1.0 0.661059 0.623656 0.061476 0.134869
0.0 0.493225 0.650464 0.028366 0.027707
0.0 0.347224 0.614059 0.026009 0.022819
1.0 0.384262 0.735863 0.098871 0.050496
1.0 0.511866 0.739841 0.081967 0.042539
1.0 0.343354 0.736944 0.067140 0.048334
0.0 0.489271 0.727108 0.028366 0.027707
0.0 0.341980 0.715683 0.026009 0.022819
1.0 0.819462 0.607639 0.112220 0.143840
1.0 0.969617 0.568881 0.060767 0.129841
1.0 0.862031 0.598979 0.081967 0.136654
1.0 0.711272 0.627470 0.038951 0.132889
1.0 0.815661 0.538126 0.036942 0.030795
1.0 0.722535 0.623656 0.061476 0.134869
0.0 0.890368 0.650464 0.028366 0.027707
1.0 0.974948 0.735863 0.050103 0.050496
1.0 0.871727 0.739841 0.081967 0.042539
0.0 0.894323 0.727108 0.028366 0.027707
1.0 0.053802 0.914583 0.107603 0.143840
1.0 0.220700 0.944210 0.098871 0.111579
1.0 0.094062 0.923243 0.081967 0.136654
1.0 0.261286 0.951936 0.067140 0.096128
1.0 0.047693 0.984096 0.036942 0.030795
1.0 0.298742 0.979878 0.018141 0.040244
0.0 0.122400 0.871758 0.028366 0.027707
0.0 0.268401 0.908163 0.026009 0.022819
1.0 0.231363 0.786359 0.098871 0.050496
1.0 0.103759 0.782381 0.081967 0.042539
1.0 0.272271 0.785278 0.067140 0.048334
0.0 0.126354 0.795114 0.028366 0.027707
0.0 0.273645 0.806539 0.026009 0.022819
1.0 0.564132 0.914583 0.112220 0.143840
1.0 0.394925 0.944210 0.098871 0.111579
1.0 0.521563 0.923243 0.081967 0.136654
1.0 0.354339 0.951936 0.067140 0.096128
1.0 0.672321 0.894753 0.038951 0.132889
1.0 0.567932 0.984096 0.036942 0.030795
1.0 0.316883 0.979878 0.018141 0.040244
1.0 0.661059 0.898567 0.061476 0.134869
0.0 0.493225 0.871758 0.028366 0.027707
0.0 0.347224 0.908163 0.026009 0.022819
1.0 0.384262 0.786359 0.098871 0.050496
1.0 0.511866 0.782381 0.081967 0.042539
1.0 0.343354 0.785278 0.067140 0.048334
0.0 0.489271 0.795114 0.028366 0.027707
0.0 0.341980 0.806539 0.026009 0.022819
1.0 0.819462 0.914583 0.112220 0.143840
1.0 0.969617 0.944210 0.060767 0.111579
1.0 0.862031 0.923243 0.081967 0.136654
1.0 0.711272 0.894753 0.038951 0.132889
1.0 0.815661 0.984096 0.036942 0.030795
1.0 0.722535 0.898567 0.061476 0.134869
0.0 0.890368 0.871758 0.028366 0.027707
1.0 0.974948 0.786359 0.050103 0.050496
1.0 0.871727 0.782381 0.081967 0.042539
0.0 0.894323 0.795114 0.028366 0.027707
