0.0 0.054688 0.696558 0.109375 0.069846
0.0 0.031197 0.627194 0.062393 0.169386
0.0 0.054688 0.653570 0.109375 0.155822
0.0 0.207141 0.696558 0.195532 0.069846
0.0 0.263074 0.627194 0.213435 0.169386
0.0 0.232480 0.653570 0.246209 0.155822
0.0 0.532443 0.696558 0.195532 0.069846
0.0 0.476509 0.627194 0.213435 0.169386
0.0 0.507104 0.653570 0.246209 0.155822
0.0 0.727974 0.696558 0.195532 0.069846
0.0 0.783908 0.627194 0.213435 0.169386
0.0 0.753313 0.653570 0.246209 0.155822
0.0 0.977755 0.696558 0.044490 0.069846
0.0 0.945312 0.627194 0.109375 0.169386
0.0 0.952416 0.653570 0.095168 0.155822
0.0 0.054688 0.766405 0.109375 0.069846
0.0 0.031197 0.835769 0.062393 0.169386
0.0 0.054688 0.809392 0.109375 0.155822
0.0 0.207141 0.766405 0.195532 0.069846
0.0 0.263074 0.835769 0.213435 0.169386
0.0 0.232480 0.809392 0.246209 0.155822
0.0 0.532443 0.766405 0.195532 0.069846
0.0 0.476509 0.835769 0.213435 0.169386
0.0 0.507104 0.809392 0.246209 0.155822
0.0 0.727974 0.766405 0.195532 0.069846
0.0 0.783908 0.835769 0.213435 0.169386
0.0 0.753313 0.809392 0.246209 0.155822
0.0 0.977755 0.766405 0.044490 0.069846
0.0 0.945312 0.835769 0.109375 0.169386
0.0 0.952416 0.809392 0.095168 0.155822
