1.0 0.011664 0.046601 0.023328 0.048268
0.0 0.060542 0.043655 0.008997 0.011670
1.0 0.061209 0.056822 0.008342 0.034094
0.0 0.021644 0.030817 0.009743 0.012101
0.0 0.001998 0.026020 0.003996 0.012796
0.0 0.069990 0.045828 0.008997 0.011670
1.0 0.067460 0.058259 0.008342 0.034094
1.0 0.158971 0.046601 0.027097 0.048268
0.0 0.108208 0.043655 0.008997 0.011670
1.0 0.107541 0.056822 0.008342 0.034094
0.0 0.147106 0.030817 0.009743 0.012101
0.0 0.169675 0.026020 0.009843 0.012796
0.0 0.098760 0.045828 0.008997 0.011670
1.0 0.101290 0.058259 0.008342 0.034094
1.0 0.247279 0.046601 0.027097 0.048268
0.0 0.298042 0.043655 0.008997 0.011670
1.0 0.298709 0.056822 0.008342 0.034094
0.0 0.259144 0.030817 0.009743 0.012101
0.0 0.236575 0.026020 0.009843 0.012796
0.0 0.307490 0.045828 0.008997 0.011670
1.0 0.304960 0.058259 0.008342 0.034094
1.0 0.396471 0.046601 0.027097 0.048268
0.0 0.345708 0.043655 0.008997 0.011670
1.0 0.345041 0.056822 0.008342 0.034094
0.0 0.384606 0.030817 0.009743 0.012101
0.0 0.407175 0.026020 0.009843 0.012796
0.0 0.336260 0.045828 0.008997 0.011670
1.0 0.338790 0.058259 0.008342 0.034094
1.0 0.484779 0.046601 0.027097 0.048268
0.0 0.535542 0.043655 0.008997 0.011670
1.0 0.536209 0.056822 0.008342 0.034094
0.0 0.496644 0.030817 0.009743 0.012101
0.0 0.474075 0.026020 0.009843 0.012796
0.0 0.544990 0.045828 0.008997 0.011670
1.0 0.542460 0.058259 0.008342 0.034094
1.0 0.633971 0.046601 0.027097 0.048268
0.0 0.583208 0.043655 0.008997 0.011670
1.0 0.582541 0.056822 0.008342 0.034094
0.0 0.622106 0.030817 0.009743 0.012101
0.0 0.644675 0.026020 0.009843 0.012796
0.0 0.573760 0.045828 0.008997 0.011670
1.0 0.576290 0.058259 0.008342 0.034094
1.0 0.722279 0.046601 0.027097 0.048268
0.0 0.773042 0.043655 0.008997 0.011670
1.0 0.773709 0.056822 0.008342 0.034094
0.0 0.734144 0.030817 0.009743 0.012101
0.0 0.711575 0.026020 0.009843 0.012796
0.0 0.782490 0.045828 0.008997 0.011670
1.0 0.779960 0.058259 0.008342 0.034094
1.0 0.871471 0.046601 0.027097 0.048268
0.0 0.820708 0.043655 0.008997 0.011670
1.0 0.820041 0.056822 0.008342 0.034094
0.0 0.859606 0.030817 0.009743 0.012101
0.0 0.882175 0.026020 0.009843 0.012796
0.0 0.811260 0.045828 0.008997 0.011670
1.0 0.813790 0.058259 0.008342 0.034094
1.0 0.959779 0.046601 0.027097 0.048268
0.0 0.971644 0.030817 0.009743 0.012101
0.0 0.949075 0.026020 0.009843 0.012796
1.0 0.011664 0.203399 0.023328 0.048268
0.0 0.060542 0.206345 0.008997 0.011670
1.0 0.061209 0.193178 0.008342 0.034094
0.0 0.021644 0.219183 0.009743 0.012101
0.0 0.001998 0.223980 0.003996 0.012796
0.0 0.069990 0.204172 0.008997 0.011670
1.0 0.067460 0.191741 0.008342 0.034094
1.0 0.158971 0.203399 0.027097 0.048268
0.0 0.108208 0.206345 0.008997 0.011670
1.0 0.107541 0.193178 0.008342 0.034094
0.0 0.147106 0.219183 0.009743 0.012101
0.0 0.169675 0.223980 0.009843 0.012796
0.0 0.098760 0.204172 0.008997 0.011670
1.0 0.101290 0.191741 0.008342 0.034094
1.0 0.247279 0.203399 0.027097 0.048268
0.0 0.298042 0.206345 0.008997 0.011670
1.0 0.298709 0.193178 0.008342 0.034094
0.0 0.259144 0.219183 0.009743 0.012101
0.0 0.236575 0.223980 0.009843 0.012796
0.0 0.307490 0.204172 0.008997 0.011670
1.0 0.304960 0.191741 0.008342 0.034094
1.0 0.396471 0.203399 0.027097 0.048268
0.0 0.345708 0.206345 0.008997 0.011670
1.0 0.345041 0.193178 0.008342 0.034094
0.0 0.384606 0.219183 0.009743 0.012101
0.0 0.407175 0.223980 0.009843 0.012796
0.0 0.336260 0.204172 0.008997 0.011670
1.0 0.338790 0.191741 0.008342 0.034094
1.0 0.484779 0.203399 0.027097 0.048268
0.0 0.535542 0.206345 0.008997 0.011670
1.0 0.536209 0.193178 0.008342 0.034094
0.0 0.496644 0.219183 0.009743 0.012101
0.0 0.474075 0.223980 0.009843 0.012796
0.0 0.544990 0.204172 0.008997 0.011670
1.0 0.542460 0.191741 0.008342 0.034094
1.0 0.633971 0.203399 0.027097 0.048268
0.0 0.583208 0.206345 0.008997 0.011670
1.0 0.582541 0.193178 0.008342 0.034094
0.0 0.622106 0.219183 0.009743 0.012101
0.0 0.644675 0.223980 0.009843 0.012796
0.0 0.573760 0.204172 0.008997 0.011670
1.0 0.576290 0.191741 0.008342 0.034094
1.0 0.722279 0.203399 0.027097 0.048268
0.0 0.773042 0.206345 0.008997 0.011670
1.0 0.773709 0.193178 0.008342 0.034094
0.0 0.734144 0.219183 0.009743 0.012101
0.0 0.711575 0.223980 0.009843 0.012796
0.0 0.782490 0.204172 0.008997 0.011670
1.0 0.779960 0.191741 0.008342 0.034094
1.0 0.871471 0.203399 0.027097 0.048268
0.0 0.820708 0.206345 0.008997 0.011670
1.0 0.820041 0.193178 0.008342 0.034094
0.0 0.859606 0.219183 0.009743 0.012101
0.0 0.882175 0.223980 0.009843 0.012796
0.0 0.811260 0.204172 0.008997 0.011670
1.0 0.813790 0.191741 0.008342 0.034094
1.0 0.959779 0.203399 0.027097 0.048268
0.0 0.971644 0.219183 0.009743 0.012101
0.0 0.949075 0.223980 0.009843 0.012796
1.0 0.011664 0.346601 0.023328 0.048268
0.0 0.060542 0.343655 0.008997 0.011670
1.0 0.061209 0.356822 0.008342 0.034094
0.0 0.021644 0.330817 0.009743 0.012101
0.0 0.001998 0.326020 0.003996 0.012796
0.0 0.069990 0.345828 0.008997 0.011670
1.0 0.067460 0.358259 0.008342 0.034094
1.0 0.158971 0.346601 0.027097 0.048268
0.0 0.108208 0.343655 0.008997 0.011670
1.0 0.107541 0.356822 0.008342 0.034094
0.0 0.147106 0.330817 0.009743 0.012101
0.0 0.169675 0.326020 0.009843 0.012796
0.0 0.098760 0.345828 0.008997 0.011670
1.0 0.101290 0.358259 0.008342 0.034094
1.0 0.247279 0.346601 0.027097 0.048268
0.0 0.298042 0.343655 0.008997 0.011670
1.0 0.298709 0.356822 0.008342 0.034094
0.0 0.259144 0.330817 0.009743 0.012101
0.0 0.236575 0.326020 0.009843 0.012796
0.0 0.307490 0.345828 0.008997 0.011670
1.0 0.304960 0.358259 0.008342 0.034094
1.0 0.396471 0.346601 0.027097 0.048268
0.0 0.345708 0.343655 0.008997 0.011670
1.0 0.345041 0.356822 0.008342 0.034094
0.0 0.384606 0.330817 0.009743 0.012101
0.0 0.407175 0.326020 0.009843 0.012796
0.0 0.336260 0.345828 0.008997 0.011670
1.0 0.338790 0.358259 0.008342 0.034094
1.0 0.484779 0.346601 0.027097 0.048268
0.0 0.535542 0.343655 0.008997 0.011670
1.0 0.536209 0.356822 0.008342 0.034094
0.0 0.496644 0.330817 0.009743 0.012101
0.0 0.474075 0.326020 0.009843 0.012796
0.0 0.544990 0.345828 0.008997 0.011670
1.0 0.542460 0.358259 0.008342 0.034094
1.0 0.633971 0.346601 0.027097 0.048268
0.0 0.583208 0.343655 0.008997 0.011670
1.0 0.582541 0.356822 0.008342 0.034094
0.0 0.622106 0.330817 0.009743 0.012101
0.0 0.644675 0.326020 0.009843 0.012796
0.0 0.573760 0.345828 0.008997 0.011670
1.0 0.576290 0.358259 0.008342 0.034094
1.0 0.722279 0.346601 0.027097 0.048268
0.0 0.773042 0.343655 0.008997 0.011670
1.0 0.773709 0.356822 0.008342 0.034094
0.0 0.734144 0.330817 0.009743 0.012101
0.0 0.711575 0.326020 0.009843 0.012796
0.0 0.782490 0.345828 0.008997 0.011670
1.0 0.779960 0.358259 0.008342 0.034094
1.0 0.871471 0.346601 0.027097 0.048268
0.0 0.820708 0.343655 0.008997 0.011670
1.0 0.820041 0.356822 0.008342 0.034094
0.0 0.859606 0.330817 0.009743 0.012101
0.0 0.882175 0.326020 0.009843 0.012796
0.0 0.811260 0.345828 0.008997 0.011670
1.0 0.813790 0.358259 0.008342 0.034094
1.0 0.959779 0.346601 0.027097 0.048268
0.0 0.971644 0.330817 0.009743 0.012101
0.0 0.949075 0.326020 0.009843 0.012796
1.0 0.011664 0.503399 0.023328 0.048268
0.0 0.060542 0.506345 0.008997 0.011670
1.0 0.061209 0.493178 0.008342 0.034094
0.0 0.021644 0.519183 0.009743 0.012101
0.0 0.001998 0.523980 0.003996 0.012796
0.0 0.069990 0.504172 0.008997 0.011670
1.0 0.067460 0.491741 0.008342 0.034094
1.0 0.158971 0.503399 0.027097 0.048268
0.0 0.108208 0.506345 0.008997 0.011670
1.0 0.107541 0.493178 0.008342 0.034094
0.0 0.147106 0.519183 0.009743 0.012101
0.0 0.169675 0.523980 0.009843 0.012796
0.0 0.098760 0.504172 0.008997 0.011670
1.0 0.101290 0.491741 0.008342 0.034094
1.0 0.247279 0.503399 0.027097 0.048268
0.0 0.298042 0.506345 0.008997 0.011670
1.0 0.298709 0.493178 0.008342 0.034094
0.0 0.259144 0.519183 0.009743 0.012101
0.0 0.236575 0.523980 0.009843 0.012796
0.0 0.307490 0.504172 0.008997 0.011670
1.0 0.304960 0.491741 0.008342 0.034094
1.0 0.396471 0.503399 0.027097 0.048268
0.0 0.345708 0.506345 0.008997 0.011670
1.0 0.345041 0.493178 0.008342 0.034094
0.0 0.384606 0.519183 0.009743 0.012101
0.0 0.407175 0.523980 0.009843 0.012796
0.0 0.336260 0.504172 0.008997 0.011670
1.0 0.338790 0.491741 0.008342 0.034094
1.0 0.484779 0.503399 0.027097 0.048268
0.0 0.535542 0.506345 0.008997 0.011670
1.0 0.536209 0.493178 0.008342 0.034094
0.0 0.496644 0.519183 0.009743 0.012101
0.0 0.474075 0.523980 0.009843 0.012796
0.0 0.544990 0.504172 0.008997 0.011670
1.0 0.542460 0.491741 0.008342 0.034094
1.0 0.633971 0.503399 0.027097 0.048268
0.0 0.583208 0.506345 0.008997 0.011670
1.0 0.582541 0.493178 0.008342 0.034094
0.0 0.622106 0.519183 0.009743 0.012101
0.0 0.644675 0.523980 0.009843 0.012796
0.0 0.573760 0.504172 0.008997 0.011670
1.0 0.576290 0.491741 0.008342 0.034094
1.0 0.722279 0.503399 0.027097 0.048268
0.0 0.773042 0.506345 0.008997 0.011670
1.0 0.773709 0.493178 0.008342 0.034094
0.0 0.734144 0.519183 0.009743 0.012101
0.0 0.711575 0.523980 0.009843 0.012796
0.0 0.782490 0.504172 0.008997 0.011670
1.0 0.779960 0.491741 0.008342 0.034094
1.0 0.871471 0.503399 0.027097 0.048268
0.0 0.820708 0.506345 0.008997 0.011670
1.0 0.820041 0.493178 0.008342 0.034094
0.0 0.859606 0.519183 0.009743 0.012101
0.0 0.882175 0.523980 0.009843 0.012796
0.0 0.811260 0.504172 0.008997 0.011670
1.0 0.813790 0.491741 0.008342 0.034094
1.0 0.959779 0.503399 0.027097 0.048268
0.0 0.971644 0.519183 0.009743 0.012101
0.0 0.949075 0.523980 0.009843 0.012796
1.0 0.011664 0.646601 0.023328 0.048268
0.0 0.060542 0.643655 0.008997 0.011670
1.0 0.061209 0.656822 0.008342 0.034094
0.0 0.021644 0.630817 0.009743 0.012101
0.0 0.001998 0.626020 0.003996 0.012796
0.0 0.069990 0.645828 0.008997 0.011670
1.0 0.067460 0.658259 0.008342 0.034094
1.0 0.158971 0.646601 0.027097 0.048268
0.0 0.108208 0.643655 0.008997 0.011670
1.0 0.107541 0.656822 0.008342 0.034094
0.0 0.147106 0.630817 0.009743 0.012101
0.0 0.169675 0.626020 0.009843 0.012796
0.0 0.098760 0.645828 0.008997 0.011670
1.0 0.101290 0.658259 0.008342 0.034094
1.0 0.247279 0.646601 0.027097 0.048268
0.0 0.298042 0.643655 0.008997 0.011670
1.0 0.298709 0.656822 0.008342 0.034094
0.0 0.259144 0.630817 0.009743 0.012101
0.0 0.236575 0.626020 0.009843 0.012796
0.0 0.307490 0.645828 0.008997 0.011670
1.0 0.304960 0.658259 0.008342 0.034094
1.0 0.396471 0.646601 0.027097 0.048268
0.0 0.345708 0.643655 0.008997 0.011670
1.0 0.345041 0.656822 0.008342 0.034094
0.0 0.384606 0.630817 0.009743 0.012101
0.0 0.407175 0.626020 0.009843 0.012796
0.0 0.336260 0.645828 0.008997 0.011670
1.0 0.338790 0.658259 0.008342 0.034094
1.0 0.484779 0.646601 0.027097 0.048268
0.0 0.535542 0.643655 0.008997 0.011670
1.0 0.536209 0.656822 0.008342 0.034094
0.0 0.496644 0.630817 0.009743 0.012101
0.0 0.474075 0.626020 0.009843 0.012796
0.0 0.544990 0.645828 0.008997 0.011670
1.0 0.542460 0.658259 0.008342 0.034094
1.0 0.633971 0.646601 0.027097 0.048268
0.0 0.583208 0.643655 0.008997 0.011670
1.0 0.582541 0.656822 0.008342 0.034094
0.0 0.622106 0.630817 0.009743 0.012101
0.0 0.644675 0.626020 0.009843 0.012796
0.0 0.573760 0.645828 0.008997 0.011670
1.0 0.576290 0.658259 0.008342 0.034094
1.0 0.722279 0.646601 0.027097 0.048268
0.0 0.773042 0.643655 0.008997 0.011670
1.0 0.773709 0.656822 0.008342 0.034094
0.0 0.734144 0.630817 0.009743 0.012101
0.0 0.711575 0.626020 0.009843 0.012796
0.0 0.782490 0.645828 0.008997 0.011670
1.0 0.779960 0.658259 0.008342 0.034094
1.0 0.871471 0.646601 0.027097 0.048268
0.0 0.820708 0.643655 0.008997 0.011670
1.0 0.820041 0.656822 0.008342 0.034094
0.0 0.859606 0.630817 0.009743 0.012101
0.0 0.882175 0.626020 0.009843 0.012796
0.0 0.811260 0.645828 0.008997 0.011670
1.0 0.813790 0.658259 0.008342 0.034094
1.0 0.959779 0.646601 0.027097 0.048268
0.0 0.971644 0.630817 0.009743 0.012101
0.0 0.949075 0.626020 0.009843 0.012796
1.0 0.011664 0.803399 0.023328 0.048268
0.0 0.060542 0.806345 0.008997 0.011670
1.0 0.061209 0.793178 0.008342 0.034094
0.0 0.021644 0.819183 0.009743 0.012101
0.0 0.001998 0.823980 0.003996 0.012796
0.0 0.069990 0.804172 0.008997 0.011670
1.0 0.067460 0.791741 0.008342 0.034094
1.0 0.158971 0.803399 0.027097 0.048268
0.0 0.108208 0.806345 0.008997 0.011670
1.0 0.107541 0.793178 0.008342 0.034094
0.0 0.147106 0.819183 0.009743 0.012101
0.0 0.169675 0.823980 0.009843 0.012796
0.0 0.098760 0.804172 0.008997 0.011670
1.0 0.101290 0.791741 0.008342 0.034094
1.0 0.247279 0.803399 0.027097 0.048268
0.0 0.298042 0.806345 0.008997 0.011670
1.0 0.298709 0.793178 0.008342 0.034094
0.0 0.259144 0.819183 0.009743 0.012101
0.0 0.236575 0.823980 0.009843 0.012796
0.0 0.307490 0.804172 0.008997 0.011670
1.0 0.304960 0.791741 0.008342 0.034094
1.0 0.396471 0.803399 0.027097 0.048268
0.0 0.345708 0.806345 0.008997 0.011670
1.0 0.345041 0.793178 0.008342 0.034094
0.0 0.384606 0.819183 0.009743 0.012101
0.0 0.407175 0.823980 0.009843 0.012796
0.0 0.336260 0.804172 0.008997 0.011670
1.0 0.338790 0.791741 0.008342 0.034094
1.0 0.484779 0.803399 0.027097 0.048268
0.0 0.535542 0.806345 0.008997 0.011670
1.0 0.536209 0.793178 0.008342 0.034094
0.0 0.496644 0.819183 0.009743 0.012101
0.0 0.474075 0.823980 0.009843 0.012796
0.0 0.544990 0.804172 0.008997 0.011670
1.0 0.542460 0.791741 0.008342 0.034094
1.0 0.633971 0.803399 0.027097 0.048268
0.0 0.583208 0.806345 0.008997 0.011670
1.0 0.582541 0.793178 0.008342 0.034094
0.0 0.622106 0.819183 0.009743 0.012101
0.0 0.644675 0.823980 0.009843 0.012796
0.0 0.573760 0.804172 0.008997 0.011670
1.0 0.576290 0.791741 0.008342 0.034094
1.0 0.722279 0.803399 0.027097 0.048268
0.0 0.773042 0.806345 0.008997 0.011670
1.0 0.773709 0.793178 0.008342 0.034094
0.0 0.734144 0.819183 0.009743 0.012101
0.0 0.711575 0.823980 0.009843 0.012796
0.0 0.782490 0.804172 0.008997 0.011670
1.0 0.779960 0.791741 0.008342 0.034094
1.0 0.871471 0.803399 0.027097 0.048268
0.0 0.820708 0.806345 0.008997 0.011670
1.0 0.820041 0.793178 0.008342 0.034094
0.0 0.859606 0.819183 0.009743 0.012101
0.0 0.882175 0.823980 0.009843 0.012796
0.0 0.811260 0.804172 0.008997 0.011670
1.0 0.813790 0.791741 0.008342 0.034094
1.0 0.959779 0.803399 0.027097 0.048268
0.0 0.971644 0.819183 0.009743 0.012101
0.0 0.949075 0.823980 0.009843 0.012796
1.0 0.011664 0.946601 0.023328 0.048268
0.0 0.060542 0.943655 0.008997 0.011670
1.0 0.061209 0.956822 0.008342 0.034094
0.0 0.021644 0.930817 0.009743 0.012101
0.0 0.001998 0.926020 0.003996 0.012796
0.0 0.069990 0.945828 0.008997 0.011670
1.0 0.067460 0.958259 0.008342 0.034094
1.0 0.158971 0.946601 0.027097 0.048268
0.0 0.108208 0.943655 0.008997 0.011670
1.0 0.107541 0.956822 0.008342 0.034094
0.0 0.147106 0.930817 0.009743 0.012101
0.0 0.169675 0.926020 0.009843 0.012796
0.0 0.098760 0.945828 0.008997 0.011670
1.0 0.101290 0.958259 0.008342 0.034094
1.0 0.247279 0.946601 0.027097 0.048268
0.0 0.298042 0.943655 0.008997 0.011670
1.0 0.298709 0.956822 0.008342 0.034094
0.0 0.259144 0.930817 0.009743 0.012101
0.0 0.236575 0.926020 0.009843 0.012796
0.0 0.307490 0.945828 0.008997 0.011670
1.0 0.304960 0.958259 0.008342 0.034094
1.0 0.396471 0.946601 0.027097 0.048268
0.0 0.345708 0.943655 0.008997 0.011670
1.0 0.345041 0.956822 0.008342 0.034094
0.0 0.384606 0.930817 0.009743 0.012101
0.0 0.407175 0.926020 0.009843 0.012796
0.0 0.336260 0.945828 0.008997 0.011670
1.0 0.338790 0.958259 0.008342 0.034094
1.0 0.484779 0.946601 0.027097 0.048268
0.0 0.535542 0.943655 0.008997 0.011670
1.0 0.536209 0.956822 0.008342 0.034094
0.0 0.496644 0.930817 0.009743 0.012101
0.0 0.474075 0.926020 0.009843 0.012796
0.0 0.544990 0.945828 0.008997 0.011670
1.0 0.542460 0.958259 0.008342 0.034094
1.0 0.633971 0.946601 0.027097 0.048268
0.0 0.583208 0.943655 0.008997 0.011670
1.0 0.582541 0.956822 0.008342 0.034094
0.0 0.622106 0.930817 0.009743 0.012101
0.0 0.644675 0.926020 0.009843 0.012796
0.0 0.573760 0.945828 0.008997 0.011670
1.0 0.576290 0.958259 0.008342 0.034094
1.0 0.722279 0.946601 0.027097 0.048268
0.0 0.773042 0.943655 0.008997 0.011670
1.0 0.773709 0.956822 0.008342 0.034094
0.0 0.734144 0.930817 0.009743 0.012101
0.0 0.711575 0.926020 0.009843 0.012796
0.0 0.782490 0.945828 0.008997 0.011670
1.0 0.779960 0.958259 0.008342 0.034094
1.0 0.871471 0.946601 0.027097 0.048268
0.0 0.820708 0.943655 0.008997 0.011670
1.0 0.820041 0.956822 0.008342 0.034094
0.0 0.859606 0.930817 0.009743 0.012101
0.0 0.882175 0.926020 0.009843 0.012796
0.0 0.811260 0.945828 0.008997 0.011670
1.0 0.813790 0.958259 0.008342 0.034094
1.0 0.959779 0.946601 0.027097 0.048268
0.0 0.971644 0.930817 0.009743 0.012101
0.0 0.949075 0.926020 0.009843 0.012796
