1.0 0.074227 0.163389 0.006353 0.024669
1.0 0.081145 0.162589 0.006671 0.022528
1.0 0.074100 0.139485 0.003613 0.012711
1.0 0.079744 0.137016 0.002336 0.007274
0.0 0.098422 0.163030 0.008294 0.012645
0.0 0.084082 0.175157 0.009473 0.008330
0.0 0.023800 0.176708 0.009690 0.015778
0.0 0.045294 0.174493 0.007523 0.019794
1.0 0.210929 0.163389 0.006353 0.024669
1.0 0.204011 0.162589 0.006671 0.022528
1.0 0.211056 0.139485 0.003613 0.012711
1.0 0.205412 0.137016 0.002336 0.007274
0.0 0.186734 0.163030 0.008294 0.012645
0.0 0.201074 0.175157 0.009473 0.008330
0.0 0.261356 0.176708 0.009690 0.015778
0.0 0.239862 0.174493 0.007523 0.019794
1.0 0.360165 0.163389 0.006353 0.024669
1.0 0.367083 0.162589 0.006671 0.022528
1.0 0.360037 0.139485 0.003613 0.012711
1.0 0.365682 0.137016 0.002336 0.007274
0.0 0.384360 0.163030 0.008294 0.012645
0.0 0.370019 0.175157 0.009473 0.008330
0.0 0.309738 0.176708 0.009690 0.015778
0.0 0.331231 0.174493 0.007523 0.019794
1.0 0.496867 0.163389 0.006353 0.024669
1.0 0.489948 0.162589 0.006671 0.022528
1.0 0.496994 0.139485 0.003613 0.012711
1.0 0.491350 0.137016 0.002336 0.007274
0.0 0.472671 0.163030 0.008294 0.012645
0.0 0.487012 0.175157 0.009473 0.008330
0.0 0.547294 0.176708 0.009690 0.015778
0.0 0.525800 0.174493 0.007523 0.019794
1.0 0.646102 0.163389 0.006353 0.024669
1.0 0.653020 0.162589 0.006671 0.022528
1.0 0.645975 0.139485 0.003613 0.012711
1.0 0.651619 0.137016 0.002336 0.007274
0.0 0.670297 0.163030 0.008294 0.012645
0.0 0.655957 0.175157 0.009473 0.008330
0.0 0.595675 0.176708 0.009690 0.015778
0.0 0.617169 0.174493 0.007523 0.019794
1.0 0.782804 0.163389 0.006353 0.024669
1.0 0.775886 0.162589 0.006671 0.022528
1.0 0.782931 0.139485 0.003613 0.012711
1.0 0.777287 0.137016 0.002336 0.007274
0.0 0.758609 0.163030 0.008294 0.012645
0.0 0.772949 0.175157 0.009473 0.008330
0.0 0.833231 0.176708 0.009690 0.015778
0.0 0.811737 0.174493 0.007523 0.019794
1.0 0.932040 0.163389 0.006353 0.024669
1.0 0.938958 0.162589 0.006671 0.022528
1.0 0.931912 0.139485 0.003613 0.012711
1.0 0.937557 0.137016 0.002336 0.007274
0.0 0.956235 0.163030 0.008294 0.012645
0.0 0.941894 0.175157 0.009473 0.008330
0.0 0.881613 0.176708 0.009690 0.015778
0.0 0.903106 0.174493 0.007523 0.019794
1.0 0.074227 0.283139 0.006353 0.024669
1.0 0.081145 0.283938 0.006671 0.022528
1.0 0.074100 0.307043 0.003613 0.012711
1.0 0.079744 0.309511 0.002336 0.007274
0.0 0.098422 0.283498 0.008294 0.012645
0.0 0.084082 0.271371 0.009473 0.008330
0.0 0.023800 0.269820 0.009690 0.015778
0.0 0.045294 0.272034 0.007523 0.019794
1.0 0.210929 0.283139 0.006353 0.024669
1.0 0.204011 0.283938 0.006671 0.022528
1.0 0.211056 0.307043 0.003613 0.012711
1.0 0.205412 0.309511 0.002336 0.007274
0.0 0.186734 0.283498 0.008294 0.012645
0.0 0.201074 0.271371 0.009473 0.008330
0.0 0.261356 0.269820 0.009690 0.015778
0.0 0.239862 0.272034 0.007523 0.019794
1.0 0.360165 0.283139 0.006353 0.024669
1.0 0.367083 0.283938 0.006671 0.022528
1.0 0.360037 0.307043 0.003613 0.012711
1.0 0.365682 0.309511 0.002336 0.007274
0.0 0.384360 0.283498 0.008294 0.012645
0.0 0.370019 0.271371 0.009473 0.008330
0.0 0.309738 0.269820 0.009690 0.015778
0.0 0.331231 0.272034 0.007523 0.019794
1.0 0.496867 0.283139 0.006353 0.024669
1.0 0.489948 0.283938 0.006671 0.022528
1.0 0.496994 0.307043 0.003613 0.012711
1.0 0.491350 0.309511 0.002336 0.007274
0.0 0.472671 0.283498 0.008294 0.012645
0.0 0.487012 0.271371 0.009473 0.008330
0.0 0.547294 0.269820 0.009690 0.015778
0.0 0.525800 0.272034 0.007523 0.019794
1.0 0.646102 0.283139 0.006353 0.024669
1.0 0.653020 0.283938 0.006671 0.022528
1.0 0.645975 0.307043 0.003613 0.012711
1.0 0.651619 0.309511 0.002336 0.007274
0.0 0.670297 0.283498 0.008294 0.012645
0.0 0.655957 0.271371 0.009473 0.008330
0.0 0.595675 0.269820 0.009690 0.015778
0.0 0.617169 0.272034 0.007523 0.019794
1.0 0.782804 0.283139 0.006353 0.024669
1.0 0.775886 0.283938 0.006671 0.022528
1.0 0.782931 0.307043 0.003613 0.012711
1.0 0.777287 0.309511 0.002336 0.007274
0.0 0.758609 0.283498 0.008294 0.012645
0.0 0.772949 0.271371 0.009473 0.008330
0.0 0.833231 0.269820 0.009690 0.015778
0.0 0.811737 0.272034 0.007523 0.019794
1.0 0.932040 0.283139 0.006353 0.024669
1.0 0.938958 0.283938 0.006671 0.022528
1.0 0.931912 0.307043 0.003613 0.012711
1.0 0.937557 0.309511 0.002336 0.007274
0.0 0.956235 0.283498 0.008294 0.012645
0.0 0.941894 0.271371 0.009473 0.008330
0.0 0.881613 0.269820 0.009690 0.015778
0.0 0.903106 0.272034 0.007523 0.019794
1.0 0.074227 0.532139 0.006353 0.024669
1.0 0.081145 0.531339 0.006671 0.022528
1.0 0.074100 0.508235 0.003613 0.012711
1.0 0.079744 0.505766 0.002336 0.007274
0.0 0.098422 0.531780 0.008294 0.012645
0.0 0.084082 0.543907 0.009473 0.008330
0.0 0.023800 0.545458 0.009690 0.015778
0.0 0.045294 0.543243 0.007523 0.019794
1.0 0.210929 0.532139 0.006353 0.024669
1.0 0.204011 0.531339 0.006671 0.022528
1.0 0.211056 0.508235 0.003613 0.012711
1.0 0.205412 0.505766 0.002336 0.007274
0.0 0.186734 0.531780 0.008294 0.012645
0.0 0.201074 0.543907 0.009473 0.008330
0.0 0.261356 0.545458 0.009690 0.015778
0.0 0.239862 0.543243 0.007523 0.019794
1.0 0.360165 0.532139 0.006353 0.024669
1.0 0.367083 0.531339 0.006671 0.022528
1.0 0.360037 0.508235 0.003613 0.012711
1.0 0.365682 0.505766 0.002336 0.007274
0.0 0.384360 0.531780 0.008294 0.012645
0.0 0.370019 0.543907 0.009473 0.008330
0.0 0.309738 0.545458 0.009690 0.015778
0.0 0.331231 0.543243 0.007523 0.019794
1.0 0.496867 0.532139 0.006353 0.024669
1.0 0.489948 0.531339 0.006671 0.022528
1.0 0.496994 0.508235 0.003613 0.012711
1.0 0.491350 0.505766 0.002336 0.007274
0.0 0.472671 0.531780 0.008294 0.012645
0.0 0.487012 0.543907 0.009473 0.008330
0.0 0.547294 0.545458 0.009690 0.015778
0.0 0.525800 0.543243 0.007523 0.019794
1.0 0.646102 0.532139 0.006353 0.024669
1.0 0.653020 0.531339 0.006671 0.022528
1.0 0.645975 0.508235 0.003613 0.012711
1.0 0.651619 0.505766 0.002336 0.007274
0.0 0.670297 0.531780 0.008294 0.012645
0.0 0.655957 0.543907 0.009473 0.008330
0.0 0.595675 0.545458 0.009690 0.015778
0.0 0.617169 0.543243 0.007523 0.019794
1.0 0.782804 0.532139 0.006353 0.024669
1.0 0.775886 0.531339 0.006671 0.022528
1.0 0.782931 0.508235 0.003613 0.012711
1.0 0.777287 0.505766 0.002336 0.007274
0.0 0.758609 0.531780 0.008294 0.012645
0.0 0.772949 0.543907 0.009473 0.008330
0.0 0.833231 0.545458 0.009690 0.015778
0.0 0.811737 0.543243 0.007523 0.019794
1.0 0.932040 0.532139 0.006353 0.024669
1.0 0.938958 0.531339 0.006671 0.022528
1.0 0.931912 0.508235 0.003613 0.012711
1.0 0.937557 0.505766 0.002336 0.007274
0.0 0.956235 0.531780 0.008294 0.012645
0.0 0.941894 0.543907 0.009473 0.008330
0.0 0.881613 0.545458 0.009690 0.015778
0.0 0.903106 0.543243 0.007523 0.019794
1.0 0.074227 0.651889 0.006353 0.024669
1.0 0.081145 0.652688 0.006671 0.022528
1.0 0.074100 0.675793 0.003613 0.012711
1.0 0.079744 0.678261 0.002336 0.007274
0.0 0.098422 0.652248 0.008294 0.012645
0.0 0.084082 0.640121 0.009473 0.008330
0.0 0.023800 0.638570 0.009690 0.015778
0.0 0.045294 0.640784 0.007523 0.019794
1.0 0.210929 0.651889 0.006353 0.024669
1.0 0.204011 0.652688 0.006671 0.022528
1.0 0.211056 0.675793 0.003613 0.012711
1.0 0.205412 0.678261 0.002336 0.007274
0.0 0.186734 0.652248 0.008294 0.012645
0.0 0.201074 0.640121 0.009473 0.008330
0.0 0.261356 0.638570 0.009690 0.015778
0.0 0.239862 0.640784 0.007523 0.019794
1.0 0.360165 0.651889 0.006353 0.024669
1.0 0.367083 0.652688 0.006671 0.022528
1.0 0.360037 0.675793 0.003613 0.012711
1.0 0.365682 0.678261 0.002336 0.007274
0.0 0.384360 0.652248 0.008294 0.012645
0.0 0.370019 0.640121 0.009473 0.008330
0.0 0.309738 0.638570 0.009690 0.015778
0.0 0.331231 0.640784 0.007523 0.019794
1.0 0.496867 0.651889 0.006353 0.024669
1.0 0.489948 0.652688 0.006671 0.022528
1.0 0.496994 0.675793 0.003613 0.012711
1.0 0.491350 0.678261 0.002336 0.007274
0.0 0.472671 0.652248 0.008294 0.012645
0.0 0.487012 0.640121 0.009473 0.008330
0.0 0.547294 0.638570 0.009690 0.015778
0.0 0.525800 0.640784 0.007523 0.019794
1.0 0.646102 0.651889 0.006353 0.024669
1.0 0.653020 0.652688 0.006671 0.022528
1.0 0.645975 0.675793 0.003613 0.012711
1.0 0.651619 0.678261 0.002336 0.007274
0.0 0.670297 0.652248 0.008294 0.012645
0.0 0.655957 0.640121 0.009473 0.008330
0.0 0.595675 0.638570 0.009690 0.015778
0.0 0.617169 0.640784 0.007523 0.019794
1.0 0.782804 0.651889 0.006353 0.024669
1.0 0.775886 0.652688 0.006671 0.022528
1.0 0.782931 0.675793 0.003613 0.012711
1.0 0.777287 0.678261 0.002336 0.007274
0.0 0.758609 0.652248 0.008294 0.012645
0.0 0.772949 0.640121 0.009473 0.008330
0.0 0.833231 0.638570 0.009690 0.015778
0.0 0.811737 0.640784 0.007523 0.019794
1.0 0.932040 0.651889 0.006353 0.024669
1.0 0.938958 0.652688 0.006671 0.022528
1.0 0.931912 0.675793 0.003613 0.012711
1.0 0.937557 0.678261 0.002336 0.007274
0.0 0.956235 0.652248 0.008294 0.012645
0.0 0.941894 0.640121 0.009473 0.008330
0.0 0.881613 0.638570 0.009690 0.015778
0.0 0.903106 0.640784 0.007523 0.019794
1.0 0.074227 0.900889 0.006353 0.024669
1.0 0.081145 0.900089 0.006671 0.022528
1.0 0.074100 0.876985 0.003613 0.012711
1.0 0.079744 0.874516 0.002336 0.007274
0.0 0.098422 0.900530 0.008294 0.012645
0.0 0.084082 0.912657 0.009473 0.008330
0.0 0.023800 0.914208 0.009690 0.015778
0.0 0.045294 0.911993 0.007523 0.019794
1.0 0.210929 0.900889 0.006353 0.024669
1.0 0.204011 0.900089 0.006671 0.022528
1.0 0.211056 0.876985 0.003613 0.012711
1.0 0.205412 0.874516 0.002336 0.007274
0.0 0.186734 0.900530 0.008294 0.012645
0.0 0.201074 0.912657 0.009473 0.008330
0.0 0.261356 0.914208 0.009690 0.015778
0.0 0.239862 0.911993 0.007523 0.019794
1.0 0.360165 0.900889 0.006353 0.024669
1.0 0.367083 0.900089 0.006671 0.022528
1.0 0.360037 0.876985 0.003613 0.012711
1.0 0.365682 0.874516 0.002336 0.007274
0.0 0.384360 0.900530 0.008294 0.012645
0.0 0.370019 0.912657 0.009473 0.008330
0.0 0.309738 0.914208 0.009690 0.015778
0.0 0.331231 0.911993 0.007523 0.019794
1.0 0.496867 0.900889 0.006353 0.024669
1.0 0.489948 0.900089 0.006671 0.022528
1.0 0.496994 0.876985 0.003613 0.012711
1.0 0.491350 0.874516 0.002336 0.007274
0.0 0.472671 0.900530 0.008294 0.012645
0.0 0.487012 0.912657 0.009473 0.008330
0.0 0.547294 0.914208 0.009690 0.015778
0.0 0.525800 0.911993 0.007523 0.019794
1.0 0.646102 0.900889 0.006353 0.024669
1.0 0.653020 0.900089 0.006671 0.022528
1.0 0.645975 0.876985 0.003613 0.012711
1.0 0.651619 0.874516 0.002336 0.007274
0.0 0.670297 0.900530 0.008294 0.012645
0.0 0.655957 0.912657 0.009473 0.008330
0.0 0.595675 0.914208 0.009690 0.015778
0.0 0.617169 0.911993 0.007523 0.019794
1.0 0.782804 0.900889 0.006353 0.024669
1.0 0.775886 0.900089 0.006671 0.022528
1.0 0.782931 0.876985 0.003613 0.012711
1.0 0.777287 0.874516 0.002336 0.007274
0.0 0.758609 0.900530 0.008294 0.012645
0.0 0.772949 0.912657 0.009473 0.008330
0.0 0.833231 0.914208 0.009690 0.015778
0.0 0.811737 0.911993 0.007523 0.019794
1.0 0.932040 0.900889 0.006353 0.024669
1.0 0.938958 0.900089 0.006671 0.022528
1.0 0.931912 0.876985 0.003613 0.012711
1.0 0.937557 0.874516 0.002336 0.007274
0.0 0.956235 0.900530 0.008294 0.012645
0.0 0.941894 0.912657 0.009473 0.008330
0.0 0.881613 0.914208 0.009690 0.015778
0.0 0.903106 0.911993 0.007523 0.019794
