1.0 0.087244 0.005661 0.109286 0.011322
0.0 0.047491 0.011457 0.052158 0.022914
0.0 0.138624 0.005707 0.042958 0.011413
0.0 0.020130 0.039211 0.036865 0.047039
0.0 0.174684 0.015663 0.047117 0.031326
1.0 0.309241 0.005661 0.109286 0.011322
0.0 0.348993 0.011457 0.052158 0.022914
0.0 0.257860 0.005707 0.042958 0.011413
0.0 0.376355 0.039211 0.036865 0.047039
0.0 0.221801 0.015663 0.047117 0.031326
1.0 0.489587 0.005661 0.109286 0.011322
0.0 0.449835 0.011457 0.052158 0.022914
0.0 0.540968 0.005707 0.042958 0.011413
0.0 0.422474 0.039211 0.036865 0.047039
0.0 0.577028 0.015663 0.047117 0.031326
1.0 0.711585 0.005661 0.109286 0.011322
0.0 0.751337 0.011457 0.052158 0.022914
0.0 0.660204 0.005707 0.042958 0.011413
0.0 0.778698 0.039211 0.036865 0.047039
0.0 0.624144 0.015663 0.047117 0.031326
1.0 0.891931 0.005661 0.109286 0.011322
0.0 0.852179 0.011457 0.052158 0.022914
0.0 0.943312 0.005707 0.042958 0.011413
0.0 0.824817 0.039211 0.036865 0.047039
0.0 0.977906 0.015663 0.044187 0.031326
1.0 0.087244 0.271964 0.109286 0.177683
0.0 0.047491 0.204211 0.052158 0.065362
0.0 0.138624 0.211353 0.042958 0.056644
0.0 0.020130 0.155234 0.036865 0.047039
0.0 0.174684 0.202814 0.047117 0.079391
1.0 0.309241 0.271964 0.109286 0.177683
0.0 0.348993 0.204211 0.052158 0.065362
0.0 0.257860 0.211353 0.042958 0.056644
0.0 0.376355 0.155234 0.036865 0.047039
0.0 0.221801 0.202814 0.047117 0.079391
1.0 0.489587 0.271964 0.109286 0.177683
0.0 0.449835 0.204211 0.052158 0.065362
0.0 0.540968 0.211353 0.042958 0.056644
0.0 0.422474 0.155234 0.036865 0.047039
0.0 0.577028 0.202814 0.047117 0.079391
1.0 0.711585 0.271964 0.109286 0.177683
0.0 0.751337 0.204211 0.052158 0.065362
0.0 0.660204 0.211353 0.042958 0.056644
0.0 0.778698 0.155234 0.036865 0.047039
0.0 0.624144 0.202814 0.047117 0.079391
1.0 0.891931 0.271964 0.109286 0.177683
0.0 0.852179 0.204211 0.052158 0.065362
0.0 0.943312 0.211353 0.042958 0.056644
0.0 0.824817 0.155234 0.036865 0.047039
0.0 0.977906 0.202814 0.044187 0.079391
1.0 0.087244 0.459286 0.109286 0.177683
0.0 0.047491 0.527039 0.052158 0.065362
0.0 0.138624 0.519897 0.042958 0.056644
0.0 0.020130 0.576016 0.036865 0.047039
0.0 0.174684 0.528436 0.047117 0.079391
1.0 0.309241 0.459286 0.109286 0.177683
0.0 0.348993 0.527039 0.052158 0.065362
0.0 0.257860 0.519897 0.042958 0.056644
0.0 0.376355 0.576016 0.036865 0.047039
0.0 0.221801 0.528436 0.047117 0.079391
1.0 0.489587 0.459286 0.109286 0.177683
0.0 0.449835 0.527039 0.052158 0.065362
0.0 0.540968 0.519897 0.042958 0.056644
0.0 0.422474 0.576016 0.036865 0.047039
0.0 0.577028 0.528436 0.047117 0.079391
1.0 0.711585 0.459286 0.109286 0.177683
0.0 0.751337 0.527039 0.052158 0.065362
0.0 0.660204 0.519897 0.042958 0.056644
0.0 0.778698 0.576016 0.036865 0.047039
0.0 0.624144 0.528436 0.047117 0.079391
1.0 0.891931 0.459286 0.109286 0.177683
0.0 0.852179 0.527039 0.052158 0.065362
0.0 0.943312 0.519897 0.042958 0.056644
0.0 0.824817 0.576016 0.036865 0.047039
0.0 0.977906 0.528436 0.044187 0.079391
1.0 0.087244 0.808769 0.109286 0.177683
0.0 0.047491 0.741017 0.052158 0.065362
0.0 0.138624 0.748159 0.042958 0.056644
0.0 0.020130 0.692039 0.036865 0.047039
0.0 0.174684 0.739620 0.047117 0.079391
1.0 0.309241 0.808769 0.109286 0.177683
0.0 0.348993 0.741017 0.052158 0.065362
0.0 0.257860 0.748159 0.042958 0.056644
0.0 0.376355 0.692039 0.036865 0.047039
0.0 0.221801 0.739620 0.047117 0.079391
1.0 0.489587 0.808769 0.109286 0.177683
0.0 0.449835 0.741017 0.052158 0.065362
0.0 0.540968 0.748159 0.042958 0.056644
0.0 0.422474 0.692039 0.036865 0.047039
0.0 0.577028 0.739620 0.047117 0.079391
1.0 0.711585 0.808769 0.109286 0.177683
0.0 0.751337 0.741017 0.052158 0.065362
0.0 0.660204 0.748159 0.042958 0.056644
0.0 0.778698 0.692039 0.036865 0.047039
0.0 0.624144 0.739620 0.047117 0.079391
1.0 0.891931 0.808769 0.109286 0.177683
0.0 0.852179 0.741017 0.052158 0.065362
0.0 0.943312 0.748159 0.042958 0.056644
0.0 0.824817 0.692039 0.036865 0.047039
0.0 0.977906 0.739620 0.044187 0.079391
1.0 0.087244 0.953625 0.109286 0.092749
1.0 0.309241 0.953625 0.109286 0.092749
1.0 0.489587 0.953625 0.109286 0.092749
1.0 0.711585 0.953625 0.109286 0.092749
1.0 0.891931 0.953625 0.109286 0.092749
