1.0 0.044044 0.135243 0.088087 0.270486
1.0 0.282552 0.068287 0.087500 0.136574
1.0 0.336328 0.012037 0.056510 0.024074
1.0 0.207583 0.135243 0.155924 0.270486
1.0 0.456510 0.068287 0.087500 0.136574
1.0 0.402734 0.012037 0.056510 0.024074
1.0 0.531479 0.135243 0.155924 0.270486
1.0 0.803906 0.068287 0.087500 0.136574
1.0 0.857682 0.012037 0.056510 0.024074
1.0 0.728938 0.135243 0.155924 0.270486
1.0 0.967057 0.068287 0.065885 0.136574
1.0 0.924089 0.012037 0.056510 0.024074
1.0 0.987436 0.135243 0.025129 0.270486
1.0 0.044044 0.463194 0.088087 0.359954
0.0 0.058953 0.629282 0.090169 0.131944
1.0 0.282552 0.537500 0.087500 0.240741
1.0 0.336328 0.606713 0.056510 0.154167
1.0 0.207583 0.463194 0.155924 0.359954
0.0 0.321190 0.684259 0.041992 0.050926
0.0 0.251693 0.659375 0.057292 0.097222
0.0 0.158755 0.629282 0.090169 0.131944
1.0 0.456510 0.537500 0.087500 0.240741
1.0 0.402734 0.606713 0.056510 0.154167
1.0 0.531479 0.463194 0.155924 0.359954
0.0 0.417872 0.684259 0.041992 0.050926
0.0 0.487370 0.659375 0.057292 0.097222
0.0 0.580307 0.629282 0.090169 0.131944
1.0 0.803906 0.537500 0.087500 0.240741
1.0 0.857682 0.606713 0.056510 0.154167
1.0 0.728938 0.463194 0.155924 0.359954
0.0 0.842544 0.684259 0.041992 0.050926
0.0 0.773047 0.659375 0.057292 0.097222
0.0 0.680109 0.629282 0.090169 0.131944
1.0 0.967057 0.537500 0.065885 0.240741
1.0 0.924089 0.606713 0.056510 0.154167
1.0 0.987436 0.463194 0.025129 0.359954
0.0 0.939227 0.684259 0.041992 0.050926
0.0 0.990039 0.659375 0.019922 0.097222
1.0 0.044044 0.901100 0.088087 0.197801
0.0 0.058953 0.816088 0.090169 0.131944
1.0 0.282552 0.893750 0.087500 0.212500
1.0 0.336328 0.838657 0.056510 0.154167
1.0 0.207583 0.901100 0.155924 0.197801
0.0 0.321190 0.761111 0.041992 0.050926
0.0 0.251693 0.785995 0.057292 0.097222
0.0 0.158755 0.816088 0.090169 0.131944
1.0 0.456510 0.893750 0.087500 0.212500
1.0 0.402734 0.838657 0.056510 0.154167
1.0 0.531479 0.901100 0.155924 0.197801
0.0 0.417872 0.761111 0.041992 0.050926
0.0 0.487370 0.785995 0.057292 0.097222
0.0 0.580307 0.816088 0.090169 0.131944
1.0 0.803906 0.893750 0.087500 0.212500
1.0 0.857682 0.838657 0.056510 0.154167
1.0 0.728938 0.901100 0.155924 0.197801
0.0 0.842544 0.761111 0.041992 0.050926
0.0 0.773047 0.785995 0.057292 0.097222
0.0 0.680109 0.816088 0.090169 0.131944
1.0 0.967057 0.893750 0.065885 0.212500
1.0 0.924089 0.838657 0.056510 0.154167
1.0 0.987436 0.901100 0.025129 0.197801
0.0 0.939227 0.761111 0.041992 0.050926
0.0 0.990039 0.785995 0.019922 0.097222
