1.0 0.016016 0.681250 0.032031 0.143056
1.0 0.074219 0.680903 0.035937 0.143750
1.0 0.241406 0.638889 0.017969 0.113889
0.0 0.164063 0.679861 0.046875 0.052778
0.0 0.153516 0.690972 0.044531 0.025000
1.0 0.524023 0.681250 0.035547 0.143056
1.0 0.464062 0.680903 0.035937 0.143750
1.0 0.296875 0.638889 0.017969 0.113889
0.0 0.374219 0.679861 0.046875 0.052778
0.0 0.384766 0.690972 0.044531 0.025000
1.0 0.936914 0.681250 0.035547 0.143056
1.0 0.989453 0.680903 0.021094 0.143750
1.0 0.016016 0.832639 0.032031 0.143056
1.0 0.074219 0.832986 0.035937 0.143750
1.0 0.241406 0.875000 0.017969 0.113889
0.0 0.164063 0.834028 0.046875 0.052778
0.0 0.153516 0.822917 0.044531 0.025000
1.0 0.524023 0.832639 0.035547 0.143056
1.0 0.464062 0.832986 0.035937 0.143750
1.0 0.296875 0.875000 0.017969 0.113889
0.0 0.374219 0.834028 0.046875 0.052778
0.0 0.384766 0.822917 0.044531 0.025000
1.0 0.936914 0.832639 0.035547 0.143056
1.0 0.989453 0.832986 0.021094 0.143750
