1.0 0.290998 0.063725 0.126220 0.127451
1.0 0.448586 0.063725 0.126220 0.127451
1.0 0.811831 0.063725 0.126220 0.127451
1.0 0.953154 0.063725 0.093691 0.127451
0.0 0.010467 0.620451 0.020934 0.084388
1.0 0.290998 0.540210 0.126220 0.261247
0.0 0.312659 0.674027 0.096163 0.107811
0.0 0.238221 0.620451 0.080810 0.084388
0.0 0.313778 0.624694 0.112028 0.131010
1.0 0.448586 0.540210 0.126220 0.261247
0.0 0.426925 0.674027 0.096163 0.107811
0.0 0.501362 0.620451 0.080810 0.084388
0.0 0.425806 0.624694 0.112028 0.131010
1.0 0.811831 0.540210 0.126220 0.261247
0.0 0.833492 0.674027 0.096163 0.107811
0.0 0.759054 0.620451 0.080810 0.084388
0.0 0.834611 0.624694 0.112028 0.131010
1.0 0.953154 0.540210 0.093691 0.261247
0.0 0.947758 0.674027 0.096163 0.107811
0.0 0.990895 0.620451 0.018209 0.084388
0.0 0.945312 0.624694 0.109375 0.131010
0.0 0.010467 0.842512 0.020934 0.084388
1.0 0.290998 0.896065 0.126220 0.207870
0.0 0.312659 0.788936 0.096163 0.107811
0.0 0.238221 0.842512 0.080810 0.084388
0.0 0.313778 0.838269 0.112028 0.131010
1.0 0.448586 0.896065 0.126220 0.207870
0.0 0.426925 0.788936 0.096163 0.107811
0.0 0.501362 0.842512 0.080810 0.084388
0.0 0.425806 0.838269 0.112028 0.131010
1.0 0.811831 0.896065 0.126220 0.207870
0.0 0.833492 0.788936 0.096163 0.107811
0.0 0.759054 0.842512 0.080810 0.084388
0.0 0.834611 0.838269 0.112028 0.131010
1.0 0.953154 0.896065 0.093691 0.207870
0.0 0.947758 0.788936 0.096163 0.107811
0.0 0.990895 0.842512 0.018209 0.084388
0.0 0.945312 0.838269 0.109375 0.131010
