1.0 0.018260 0.154607 0.036519 0.114458
0.0 0.012025 0.101243 0.023952 0.028344
1.0 0.347617 0.023756 0.068992 0.047511
1.0 0.279873 0.040763 0.084429 0.081526
1.0 0.170497 0.075614 0.083238 0.128670
1.0 0.089396 0.108612 0.094195 0.139899
1.0 0.235291 0.051979 0.069977 0.103959
1.0 0.059480 0.130132 0.057913 0.114458
1.0 0.318145 0.028988 0.048307 0.057976
0.0 0.210799 0.007153 0.029568 0.014305
0.0 0.040729 0.087711 0.023952 0.028344
1.0 0.046115 0.628563 0.092231 0.139899
1.0 0.075050 0.607043 0.057913 0.114458
0.0 0.093800 0.649464 0.023952 0.028344
1.0 0.535766 0.504147 0.162131 0.309101
1.0 0.664364 0.479732 0.190553 0.359636
1.0 0.767779 0.392151 0.138233 0.282677
1.0 0.417901 0.455446 0.068992 0.126501
1.0 0.351859 0.492688 0.084429 0.142873
1.0 0.238592 0.532125 0.083238 0.128670
1.0 0.158951 0.574906 0.094195 0.139899
1.0 0.305088 0.506885 0.069977 0.129997
1.0 0.470611 0.452410 0.096294 0.175750
1.0 0.537962 0.380959 0.069331 0.075884
1.0 0.126967 0.582568 0.057913 0.114458
1.0 0.475686 0.393303 0.049779 0.056814
1.0 0.879616 0.249994 0.047219 0.070765
1.0 0.386970 0.464793 0.048307 0.109171
0.0 0.651167 0.647370 0.095808 0.113376
0.0 0.812940 0.464771 0.074568 0.072100
0.0 0.295006 0.563335 0.029568 0.030991
0.0 0.122504 0.635932 0.023952 0.028344
1.0 0.991152 0.190453 0.017697 0.070765
