1.0 0.089016 0.075780 0.178031 0.151560
1.0 0.471293 0.075780 0.236149 0.151560
1.0 0.939691 0.075780 0.120618 0.151560
0.0 0.139105 0.581357 0.048405 0.080070
0.0 0.025447 0.659813 0.050893 0.115733
1.0 0.089016 0.488597 0.178031 0.391425
0.0 0.096394 0.593477 0.033754 0.056057
0.0 0.392145 0.581357 0.048405 0.080070
0.0 0.520724 0.659813 0.080735 0.115733
1.0 0.471293 0.488597 0.236149 0.391425
0.0 0.434856 0.593477 0.033754 0.056057
0.0 0.717489 0.706324 0.033771 0.115733
0.0 0.948026 0.659813 0.080735 0.115733
1.0 0.939691 0.488597 0.120618 0.391425
0.0 0.751261 0.706324 0.033771 0.115733
0.0 0.139105 0.967082 0.048405 0.065837
0.0 0.025447 0.895742 0.050893 0.115733
1.0 0.089016 0.935623 0.178031 0.128754
0.0 0.096394 0.962079 0.033754 0.056057
0.0 0.392145 0.967082 0.048405 0.065837
0.0 0.520724 0.895742 0.080735 0.115733
1.0 0.471293 0.935623 0.236149 0.128754
0.0 0.434856 0.962079 0.033754 0.056057
0.0 0.717489 0.849232 0.033771 0.115733
0.0 0.948026 0.895742 0.080735 0.115733
1.0 0.939691 0.935623 0.120618 0.128754
0.0 0.751261 0.849232 0.033771 0.115733
