0.0 0.033452 0.021804 0.039502 0.043609
1.0 0.043984 0.037345 0.087968 0.074691
0.0 0.146235 0.021804 0.039502 0.043609
1.0 0.149376 0.037345 0.115311 0.074691
0.0 0.267827 0.021804 0.039502 0.043609
1.0 0.264687 0.037345 0.115311 0.074691
0.0 0.380610 0.021804 0.039502 0.043609
1.0 0.383751 0.037345 0.115311 0.074691
0.0 0.502202 0.021804 0.039502 0.043609
1.0 0.499062 0.037345 0.115311 0.074691
0.0 0.614985 0.021804 0.039502 0.043609
1.0 0.618126 0.037345 0.115311 0.074691
0.0 0.736577 0.021804 0.039502 0.043609
1.0 0.733437 0.037345 0.115311 0.074691
0.0 0.849360 0.021804 0.039502 0.043609
1.0 0.852501 0.037345 0.115311 0.074691
0.0 0.970952 0.021804 0.039502 0.043609
1.0 0.955078 0.037345 0.089844 0.074691
0.0 0.070687 0.295846 0.038314 0.094354
0.0 0.033452 0.161720 0.039502 0.077325
1.0 0.043984 0.226544 0.087968 0.269135
0.0 0.109001 0.295846 0.038314 0.094354
0.0 0.146235 0.161720 0.039502 0.077325
1.0 0.149376 0.226544 0.115311 0.269135
0.0 0.305062 0.295846 0.038314 0.094354
0.0 0.267827 0.161720 0.039502 0.077325
1.0 0.264687 0.226544 0.115311 0.269135
0.0 0.343376 0.295846 0.038314 0.094354
0.0 0.380610 0.161720 0.039502 0.077325
1.0 0.383751 0.226544 0.115311 0.269135
0.0 0.539437 0.295846 0.038314 0.094354
0.0 0.502202 0.161720 0.039502 0.077325
1.0 0.499062 0.226544 0.115311 0.269135
0.0 0.577751 0.295846 0.038314 0.094354
0.0 0.614985 0.161720 0.039502 0.077325
1.0 0.618126 0.226544 0.115311 0.269135
0.0 0.773812 0.295846 0.038314 0.094354
0.0 0.736577 0.161720 0.039502 0.077325
1.0 0.733437 0.226544 0.115311 0.269135
0.0 0.812126 0.295846 0.038314 0.094354
0.0 0.849360 0.161720 0.039502 0.077325
1.0 0.852501 0.226544 0.115311 0.269135
0.0 0.994515 0.295846 0.010970 0.094354
0.0 0.970952 0.161720 0.039502 0.077325
1.0 0.955078 0.226544 0.089844 0.269135
0.0 0.070687 0.426377 0.038314 0.094354
0.0 0.033452 0.560502 0.039502 0.077325
1.0 0.043984 0.495679 0.087968 0.269135
0.0 0.109001 0.426377 0.038314 0.094354
0.0 0.146235 0.560502 0.039502 0.077325
1.0 0.149376 0.495679 0.115311 0.269135
0.0 0.305062 0.426377 0.038314 0.094354
0.0 0.267827 0.560502 0.039502 0.077325
1.0 0.264687 0.495679 0.115311 0.269135
0.0 0.343376 0.426377 0.038314 0.094354
0.0 0.380610 0.560502 0.039502 0.077325
1.0 0.383751 0.495679 0.115311 0.269135
0.0 0.539437 0.426377 0.038314 0.094354
0.0 0.502202 0.560502 0.039502 0.077325
1.0 0.499062 0.495679 0.115311 0.269135
0.0 0.577751 0.426377 0.038314 0.094354
0.0 0.614985 0.560502 0.039502 0.077325
1.0 0.618126 0.495679 0.115311 0.269135
0.0 0.773812 0.426377 0.038314 0.094354
0.0 0.736577 0.560502 0.039502 0.077325
1.0 0.733437 0.495679 0.115311 0.269135
0.0 0.812126 0.426377 0.038314 0.094354
0.0 0.849360 0.560502 0.039502 0.077325
1.0 0.852501 0.495679 0.115311 0.269135
0.0 0.994515 0.426377 0.010970 0.094354
0.0 0.970952 0.560502 0.039502 0.077325
1.0 0.955078 0.495679 0.089844 0.269135
0.0 0.070687 0.851401 0.038314 0.094354
0.0 0.033452 0.717276 0.039502 0.077325
1.0 0.043984 0.782099 0.087968 0.269135
0.0 0.109001 0.851401 0.038314 0.094354
0.0 0.146235 0.717276 0.039502 0.077325
1.0 0.149376 0.782099 0.115311 0.269135
0.0 0.305062 0.851401 0.038314 0.094354
0.0 0.267827 0.717276 0.039502 0.077325
1.0 0.264687 0.782099 0.115311 0.269135
0.0 0.343376 0.851401 0.038314 0.094354
0.0 0.380610 0.717276 0.039502 0.077325
1.0 0.383751 0.782099 0.115311 0.269135
0.0 0.539437 0.851401 0.038314 0.094354
0.0 0.502202 0.717276 0.039502 0.077325
1.0 0.499062 0.782099 0.115311 0.269135
0.0 0.577751 0.851401 0.038314 0.094354
0.0 0.614985 0.717276 0.039502 0.077325
1.0 0.618126 0.782099 0.115311 0.269135
0.0 0.773812 0.851401 0.038314 0.094354
0.0 0.736577 0.717276 0.039502 0.077325
1.0 0.733437 0.782099 0.115311 0.269135
0.0 0.812126 0.851401 0.038314 0.094354
0.0 0.849360 0.717276 0.039502 0.077325
1.0 0.852501 0.782099 0.115311 0.269135
0.0 0.994515 0.851401 0.010970 0.094354
0.0 0.970952 0.717276 0.039502 0.077325
1.0 0.955078 0.782099 0.089844 0.269135
0.0 0.070687 0.967378 0.038314 0.065245
1.0 0.043984 0.958333 0.087968 0.083333
0.0 0.109001 0.967378 0.038314 0.065245
1.0 0.149376 0.958333 0.115311 0.083333
0.0 0.305062 0.967378 0.038314 0.065245
1.0 0.264687 0.958333 0.115311 0.083333
0.0 0.343376 0.967378 0.038314 0.065245
1.0 0.383751 0.958333 0.115311 0.083333
0.0 0.539437 0.967378 0.038314 0.065245
1.0 0.499062 0.958333 0.115311 0.083333
0.0 0.577751 0.967378 0.038314 0.065245
1.0 0.618126 0.958333 0.115311 0.083333
0.0 0.773812 0.967378 0.038314 0.065245
1.0 0.733437 0.958333 0.115311 0.083333
0.0 0.812126 0.967378 0.038314 0.065245
1.0 0.852501 0.958333 0.115311 0.083333
0.0 0.994515 0.967378 0.010970 0.065245
1.0 0.955078 0.958333 0.089844 0.083333
