0.0 0.020052 0.010880 0.040104 0.021759
0.0 0.629297 0.010880 0.120052 0.021759
0.0 0.761328 0.010880 0.120052 0.021759
0.0 0.006325 0.615676 0.012650 0.148148
0.0 0.080915 0.581944 0.161829 0.171958
0.0 0.064732 0.681481 0.096727 0.119708
0.0 0.166482 0.633861 0.149924 0.128968
0.0 0.017969 0.692361 0.035938 0.114352
0.0 0.208464 0.551852 0.135677 0.124074
0.0 0.020052 0.512037 0.040104 0.110185
0.0 0.642484 0.615676 0.091518 0.148148
0.0 0.541109 0.581944 0.187128 0.171958
0.0 0.544643 0.681481 0.096727 0.119708
0.0 0.442893 0.633861 0.149924 0.128968
0.0 0.619661 0.692361 0.092448 0.114352
0.0 0.400911 0.551852 0.135677 0.124074
0.0 0.629297 0.512037 0.120052 0.110185
0.0 0.748141 0.615676 0.091518 0.148148
0.0 0.849516 0.581944 0.187128 0.171958
0.0 0.845982 0.681481 0.096727 0.119708
0.0 0.936385 0.633861 0.127230 0.128968
0.0 0.770964 0.692361 0.092448 0.114352
0.0 0.960937 0.551852 0.078125 0.124074
0.0 0.761328 0.512037 0.120052 0.110185
0.0 0.006325 0.904694 0.012650 0.148148
0.0 0.080915 0.926223 0.161829 0.147553
0.0 0.064732 0.838889 0.096727 0.119708
0.0 0.166482 0.886509 0.149924 0.128968
0.0 0.017969 0.828009 0.035938 0.114352
0.0 0.208464 0.953241 0.135677 0.093519
0.0 0.020052 0.976620 0.040104 0.046759
0.0 0.642484 0.904694 0.091518 0.148148
0.0 0.541109 0.926223 0.187128 0.147553
0.0 0.544643 0.838889 0.096727 0.119708
0.0 0.442893 0.886509 0.149924 0.128968
0.0 0.619661 0.828009 0.092448 0.114352
0.0 0.400911 0.953241 0.135677 0.093519
0.0 0.629297 0.976620 0.120052 0.046759
0.0 0.748141 0.904694 0.091518 0.148148
0.0 0.849516 0.926223 0.187128 0.147553
0.0 0.845982 0.838889 0.096727 0.119708
0.0 0.936385 0.886509 0.127230 0.128968
0.0 0.770964 0.828009 0.092448 0.114352
0.0 0.960937 0.953241 0.078125 0.093519
0.0 0.761328 0.976620 0.120052 0.046759
