1.0 0.217214 0.423365 0.044479 0.144768
1.0 0.003464 0.448968 0.006929 0.063080
1.0 0.022235 0.641763 0.044470 0.311670
1.0 0.171038 0.427581 0.048060 0.145405
0.0 0.074263 0.770847 0.148525 0.072222
0.0 0.082384 0.827295 0.164767 0.114866
1.0 0.261692 0.423365 0.044479 0.144768
1.0 0.686089 0.665406 0.135719 0.320735
1.0 0.497024 0.448968 0.050092 0.063080
1.0 0.496013 0.641763 0.123154 0.311670
1.0 0.554024 0.468493 0.037870 0.032701
1.0 0.307869 0.427581 0.048060 0.145405
0.0 0.452542 0.770847 0.244322 0.072222
0.0 0.447092 0.827295 0.265905 0.114866
0.0 0.665223 0.804196 0.190648 0.072468
0.0 0.665095 0.863687 0.190905 0.116626
1.0 0.835005 0.665406 0.135719 0.320735
1.0 0.981752 0.641763 0.036496 0.311670
1.0 0.967070 0.468493 0.037870 0.032701
0.0 0.973195 0.770847 0.053610 0.072222
0.0 0.970525 0.827295 0.058950 0.114866
0.0 0.855871 0.804196 0.190648 0.072468
0.0 0.855999 0.863687 0.190905 0.116626
0.0 0.447092 0.990969 0.265905 0.018062
0.0 0.665095 0.972334 0.190905 0.055333
0.0 0.855999 0.972334 0.190905 0.055333
