1.0 0.120288 0.116791 0.053838 0.079552
0.0 0.115728 0.088933 0.036821 0.046811
0.0 0.051722 0.079625 0.025879 0.036596
1.0 0.065711 0.104141 0.040095 0.061072
1.0 0.293774 0.116791 0.053838 0.079552
0.0 0.298335 0.088933 0.036821 0.046811
0.0 0.362341 0.079625 0.025879 0.036596
1.0 0.348352 0.104141 0.040095 0.061072
1.0 0.510913 0.116791 0.053838 0.079552
0.0 0.506353 0.088933 0.036821 0.046811
0.0 0.442347 0.079625 0.025879 0.036596
1.0 0.456336 0.104141 0.040095 0.061072
1.0 0.684399 0.116791 0.053838 0.079552
0.0 0.688960 0.088933 0.036821 0.046811
0.0 0.752966 0.079625 0.025879 0.036596
1.0 0.738977 0.104141 0.040095 0.061072
1.0 0.901538 0.116791 0.053838 0.079552
0.0 0.896978 0.088933 0.036821 0.046811
0.0 0.832972 0.079625 0.025879 0.036596
1.0 0.846961 0.104141 0.040095 0.061072
1.0 0.120288 0.535987 0.053838 0.079552
0.0 0.115728 0.563845 0.036821 0.046811
0.0 0.051722 0.573153 0.025879 0.036596
1.0 0.065711 0.548637 0.040095 0.061072
1.0 0.293774 0.535987 0.053838 0.079552
0.0 0.298335 0.563845 0.036821 0.046811
0.0 0.362341 0.573153 0.025879 0.036596
1.0 0.348352 0.548637 0.040095 0.061072
1.0 0.510913 0.535987 0.053838 0.079552
0.0 0.506353 0.563845 0.036821 0.046811
0.0 0.442347 0.573153 0.025879 0.036596
1.0 0.456336 0.548637 0.040095 0.061072
1.0 0.684399 0.535987 0.053838 0.079552
0.0 0.688960 0.563845 0.036821 0.046811
0.0 0.752966 0.573153 0.025879 0.036596
1.0 0.738977 0.548637 0.040095 0.061072
1.0 0.901538 0.535987 0.053838 0.079552
0.0 0.896978 0.563845 0.036821 0.046811
0.0 0.832972 0.573153 0.025879 0.036596
1.0 0.846961 0.548637 0.040095 0.061072
1.0 0.120288 0.811235 0.053838 0.079552
0.0 0.115728 0.783377 0.036821 0.046811
0.0 0.051722 0.774070 0.025879 0.036596
1.0 0.065711 0.798586 0.040095 0.061072
1.0 0.293774 0.811235 0.053838 0.079552
0.0 0.298335 0.783377 0.036821 0.046811
0.0 0.362341 0.774070 0.025879 0.036596
1.0 0.348352 0.798586 0.040095 0.061072
1.0 0.510913 0.811235 0.053838 0.079552
0.0 0.506353 0.783377 0.036821 0.046811
0.0 0.442347 0.774070 0.025879 0.036596
1.0 0.456336 0.798586 0.040095 0.061072
1.0 0.684399 0.811235 0.053838 0.079552
0.0 0.688960 0.783377 0.036821 0.046811
0.0 0.752966 0.774070 0.025879 0.036596
1.0 0.738977 0.798586 0.040095 0.061072
1.0 0.901538 0.811235 0.053838 0.079552
0.0 0.896978 0.783377 0.036821 0.046811
0.0 0.832972 0.774070 0.025879 0.036596
1.0 0.846961 0.798586 0.040095 0.061072
