1.0 0.024414 0.139236 0.017188 0.033333
1.0 0.018457 0.058160 0.036914 0.116319
1.0 0.004199 0.131250 0.008398 0.016667
1.0 0.099609 0.141319 0.016016 0.081250
1.0 0.275391 0.057986 0.035937 0.115972
1.0 0.193945 0.139236 0.017188 0.033333
1.0 0.200195 0.058160 0.037500 0.116319
1.0 0.216602 0.131250 0.013281 0.016667
1.0 0.118750 0.141319 0.016016 0.081250
1.0 0.464062 0.057986 0.035937 0.115972
1.0 0.545508 0.139236 0.017188 0.033333
1.0 0.539258 0.058160 0.037500 0.116319
1.0 0.522852 0.131250 0.013281 0.016667
1.0 0.620703 0.141319 0.016016 0.081250
1.0 0.796484 0.057986 0.035937 0.115972
1.0 0.715039 0.139236 0.017188 0.033333
1.0 0.721289 0.058160 0.037500 0.116319
1.0 0.737695 0.131250 0.013281 0.016667
1.0 0.639844 0.141319 0.016016 0.081250
1.0 0.983594 0.057986 0.032812 0.115972
1.0 0.024414 0.427431 0.017188 0.033333
1.0 0.018457 0.541667 0.036914 0.182639
1.0 0.004199 0.435417 0.008398 0.016667
1.0 0.099609 0.425347 0.016016 0.081250
0.0 0.040430 0.622163 0.080859 0.027198
0.0 0.042871 0.658913 0.085742 0.053240
1.0 0.275391 0.543403 0.035937 0.185417
1.0 0.193945 0.427431 0.017188 0.033333
1.0 0.200195 0.541667 0.037500 0.182639
1.0 0.216602 0.435417 0.013281 0.016667
1.0 0.118750 0.425347 0.016016 0.081250
0.0 0.187305 0.622163 0.099609 0.027198
0.0 0.186816 0.658913 0.108398 0.053240
0.0 0.287402 0.623899 0.098633 0.026042
0.0 0.295865 0.660069 0.108398 0.052083
1.0 0.464062 0.543403 0.035937 0.185417
1.0 0.545508 0.427431 0.017188 0.033333
1.0 0.539258 0.541667 0.037500 0.182639
1.0 0.522852 0.435417 0.013281 0.016667
1.0 0.620703 0.425347 0.016016 0.081250
0.0 0.552148 0.622163 0.099609 0.027198
0.0 0.552637 0.658913 0.108398 0.053240
0.0 0.452051 0.623899 0.098633 0.026042
0.0 0.443588 0.660069 0.108398 0.052083
1.0 0.796484 0.543403 0.035937 0.185417
1.0 0.715039 0.427431 0.017188 0.033333
1.0 0.721289 0.541667 0.037500 0.182639
1.0 0.737695 0.435417 0.013281 0.016667
1.0 0.639844 0.425347 0.016016 0.081250
0.0 0.708398 0.622163 0.099609 0.027198
0.0 0.707910 0.658913 0.108398 0.053240
0.0 0.808496 0.623899 0.098633 0.026042
0.0 0.816959 0.660069 0.108398 0.052083
1.0 0.983594 0.543403 0.032812 0.185417
0.0 0.961914 0.623899 0.076172 0.026042
0.0 0.955241 0.660069 0.089518 0.052083
1.0 0.024414 0.994618 0.017188 0.010764
1.0 0.018457 0.891667 0.036914 0.182639
1.0 0.004199 0.994792 0.008398 0.010417
1.0 0.099609 0.983681 0.016016 0.032639
0.0 0.040430 0.811170 0.080859 0.027198
0.0 0.042871 0.774420 0.085742 0.053240
1.0 0.275391 0.889931 0.035937 0.185417
1.0 0.193945 0.994618 0.017188 0.010764
1.0 0.200195 0.891667 0.037500 0.182639
1.0 0.216602 0.994792 0.013281 0.010417
1.0 0.118750 0.983681 0.016016 0.032639
0.0 0.187305 0.811170 0.099609 0.027198
0.0 0.186816 0.774420 0.108398 0.053240
0.0 0.287402 0.809434 0.098633 0.026042
0.0 0.295865 0.773264 0.108398 0.052083
1.0 0.464062 0.889931 0.035937 0.185417
1.0 0.545508 0.994618 0.017188 0.010764
1.0 0.539258 0.891667 0.037500 0.182639
1.0 0.522852 0.994792 0.013281 0.010417
1.0 0.620703 0.983681 0.016016 0.032639
0.0 0.552148 0.811170 0.099609 0.027198
0.0 0.552637 0.774420 0.108398 0.053240
0.0 0.452051 0.809434 0.098633 0.026042
0.0 0.443588 0.773264 0.108398 0.052083
1.0 0.796484 0.889931 0.035937 0.185417
1.0 0.715039 0.994618 0.017188 0.010764
1.0 0.721289 0.891667 0.037500 0.182639
1.0 0.737695 0.994792 0.013281 0.010417
1.0 0.639844 0.983681 0.016016 0.032639
0.0 0.708398 0.811170 0.099609 0.027198
0.0 0.707910 0.774420 0.108398 0.053240
0.0 0.808496 0.809434 0.098633 0.026042
0.0 0.816959 0.773264 0.108398 0.052083
1.0 0.983594 0.889931 0.032812 0.185417
0.0 0.961914 0.809434 0.076172 0.026042
0.0 0.955241 0.773264 0.089518 0.052083
