1.0 0.055664 0.040972 0.046484 0.081944
1.0 0.025391 0.036458 0.031250 0.072917
0.0 0.032367 0.071924 0.027715 0.032736
0.0 0.080449 0.069937 0.026043 0.029431
0.0 0.021094 0.092708 0.038281 0.045139
0.0 0.080469 0.087847 0.024219 0.027083
1.0 0.210742 0.040972 0.046484 0.081944
1.0 0.241016 0.036458 0.031250 0.072917
0.0 0.234039 0.071924 0.027715 0.032736
0.0 0.185957 0.069937 0.026043 0.029431
0.0 0.245313 0.092708 0.038281 0.045139
0.0 0.285742 0.078819 0.014453 0.017361
0.0 0.185938 0.087847 0.024219 0.027083
1.0 0.544727 0.040972 0.046484 0.081944
1.0 0.514453 0.036458 0.031250 0.072917
0.0 0.521430 0.071924 0.027715 0.032736
0.0 0.569512 0.069937 0.026043 0.029431
0.0 0.510156 0.092708 0.038281 0.045139
0.0 0.469727 0.078819 0.014453 0.017361
0.0 0.569531 0.087847 0.024219 0.027083
1.0 0.699805 0.040972 0.046484 0.081944
1.0 0.730078 0.036458 0.031250 0.072917
0.0 0.723102 0.071924 0.027715 0.032736
0.0 0.675020 0.069937 0.026043 0.029431
0.0 0.734375 0.092708 0.038281 0.045139
0.0 0.774805 0.078819 0.014453 0.017361
0.0 0.675000 0.087847 0.024219 0.027083
1.0 0.993945 0.036458 0.012109 0.072917
0.0 0.998317 0.071924 0.003365 0.032736
0.0 0.990039 0.092708 0.019922 0.045139
0.0 0.958789 0.078819 0.014453 0.017361
1.0 0.055664 0.230903 0.046484 0.092361
1.0 0.025391 0.238542 0.031250 0.089583
0.0 0.032367 0.194743 0.027715 0.032736
0.0 0.080449 0.196729 0.026043 0.029431
0.0 0.021094 0.173958 0.038281 0.045139
0.0 0.080469 0.178819 0.024219 0.027083
1.0 0.210742 0.230903 0.046484 0.092361
1.0 0.241016 0.238542 0.031250 0.089583
1.0 0.372852 0.309722 0.009766 0.018056
0.0 0.234039 0.194743 0.027715 0.032736
0.0 0.185957 0.196729 0.026043 0.029431
0.0 0.245313 0.173958 0.038281 0.045139
0.0 0.285742 0.187847 0.014453 0.017361
0.0 0.185938 0.178819 0.024219 0.027083
1.0 0.544727 0.230903 0.046484 0.092361
1.0 0.514453 0.238542 0.031250 0.089583
1.0 0.382617 0.309722 0.009766 0.018056
0.0 0.521430 0.194743 0.027715 0.032736
0.0 0.569512 0.196729 0.026043 0.029431
0.0 0.510156 0.173958 0.038281 0.045139
0.0 0.469727 0.187847 0.014453 0.017361
0.0 0.569531 0.178819 0.024219 0.027083
1.0 0.699805 0.230903 0.046484 0.092361
1.0 0.730078 0.238542 0.031250 0.089583
1.0 0.861914 0.309722 0.009766 0.018056
0.0 0.723102 0.194743 0.027715 0.032736
0.0 0.675020 0.196729 0.026043 0.029431
0.0 0.734375 0.173958 0.038281 0.045139
0.0 0.774805 0.187847 0.014453 0.017361
0.0 0.675000 0.178819 0.024219 0.027083
1.0 0.993945 0.238542 0.012109 0.089583
1.0 0.871680 0.309722 0.009766 0.018056
0.0 0.998317 0.194743 0.003365 0.032736
0.0 0.990039 0.173958 0.019922 0.045139
0.0 0.958789 0.187847 0.014453 0.017361
1.0 0.055664 0.524653 0.046484 0.092361
1.0 0.025391 0.517014 0.031250 0.089583
0.0 0.032367 0.560812 0.027715 0.032736
0.0 0.080449 0.558826 0.026043 0.029431
0.0 0.021094 0.581597 0.038281 0.045139
0.0 0.080469 0.576736 0.024219 0.027083
1.0 0.210742 0.524653 0.046484 0.092361
1.0 0.241016 0.517014 0.031250 0.089583
1.0 0.372852 0.445833 0.009766 0.018056
0.0 0.234039 0.560812 0.027715 0.032736
0.0 0.185957 0.558826 0.026043 0.029431
0.0 0.245313 0.581597 0.038281 0.045139
0.0 0.285742 0.567708 0.014453 0.017361
0.0 0.185938 0.576736 0.024219 0.027083
1.0 0.544727 0.524653 0.046484 0.092361
1.0 0.514453 0.517014 0.031250 0.089583
1.0 0.382617 0.445833 0.009766 0.018056
0.0 0.521430 0.560812 0.027715 0.032736
0.0 0.569512 0.558826 0.026043 0.029431
0.0 0.510156 0.581597 0.038281 0.045139
0.0 0.469727 0.567708 0.014453 0.017361
0.0 0.569531 0.576736 0.024219 0.027083
1.0 0.699805 0.524653 0.046484 0.092361
1.0 0.730078 0.517014 0.031250 0.089583
1.0 0.861914 0.445833 0.009766 0.018056
0.0 0.723102 0.560812 0.027715 0.032736
0.0 0.675020 0.558826 0.026043 0.029431
0.0 0.734375 0.581597 0.038281 0.045139
0.0 0.774805 0.567708 0.014453 0.017361
0.0 0.675000 0.576736 0.024219 0.027083
1.0 0.993945 0.517014 0.012109 0.089583
1.0 0.871680 0.445833 0.009766 0.018056
0.0 0.998317 0.560812 0.003365 0.032736
0.0 0.990039 0.581597 0.019922 0.045139
0.0 0.958789 0.567708 0.014453 0.017361
1.0 0.055664 0.719792 0.046484 0.092361
1.0 0.025391 0.727431 0.031250 0.089583
0.0 0.032367 0.683632 0.027715 0.032736
0.0 0.080449 0.685618 0.026043 0.029431
0.0 0.021094 0.662847 0.038281 0.045139
0.0 0.080469 0.667708 0.024219 0.027083
1.0 0.210742 0.719792 0.046484 0.092361
1.0 0.241016 0.727431 0.031250 0.089583
1.0 0.372852 0.798611 0.009766 0.018056
0.0 0.234039 0.683632 0.027715 0.032736
0.0 0.185957 0.685618 0.026043 0.029431
0.0 0.245313 0.662847 0.038281 0.045139
0.0 0.285742 0.676736 0.014453 0.017361
0.0 0.185938 0.667708 0.024219 0.027083
1.0 0.544727 0.719792 0.046484 0.092361
1.0 0.514453 0.727431 0.031250 0.089583
1.0 0.382617 0.798611 0.009766 0.018056
0.0 0.521430 0.683632 0.027715 0.032736
0.0 0.569512 0.685618 0.026043 0.029431
0.0 0.510156 0.662847 0.038281 0.045139
0.0 0.469727 0.676736 0.014453 0.017361
0.0 0.569531 0.667708 0.024219 0.027083
1.0 0.699805 0.719792 0.046484 0.092361
1.0 0.730078 0.727431 0.031250 0.089583
1.0 0.861914 0.798611 0.009766 0.018056
0.0 0.723102 0.683632 0.027715 0.032736
0.0 0.675020 0.685618 0.026043 0.029431
0.0 0.734375 0.662847 0.038281 0.045139
0.0 0.774805 0.676736 0.014453 0.017361
0.0 0.675000 0.667708 0.024219 0.027083
1.0 0.993945 0.727431 0.012109 0.089583
1.0 0.871680 0.798611 0.009766 0.018056
0.0 0.998317 0.683632 0.003365 0.032736
0.0 0.990039 0.662847 0.019922 0.045139
0.0 0.958789 0.676736 0.014453 0.017361
1.0 0.055664 0.983681 0.046484 0.032639
1.0 0.025391 0.980556 0.031250 0.038889
1.0 0.210742 0.983681 0.046484 0.032639
1.0 0.241016 0.980556 0.031250 0.038889
1.0 0.372852 0.934722 0.009766 0.018056
1.0 0.544727 0.983681 0.046484 0.032639
1.0 0.514453 0.980556 0.031250 0.038889
1.0 0.382617 0.934722 0.009766 0.018056
1.0 0.699805 0.983681 0.046484 0.032639
1.0 0.730078 0.980556 0.031250 0.038889
1.0 0.861914 0.934722 0.009766 0.018056
1.0 0.993945 0.980556 0.012109 0.038889
1.0 0.871680 0.934722 0.009766 0.018056
