1.0 0.039038 0.072849 0.078075 0.140612
0.0 0.074735 0.141424 0.069281 0.118414
0.0 0.042784 0.014402 0.049068 0.028805
0.0 0.078609 0.114260 0.049068 0.083811
1.0 0.196821 0.072849 0.112292 0.140612
0.0 0.144015 0.141424 0.069281 0.118414
0.0 0.175966 0.014402 0.049068 0.028805
0.0 0.140141 0.114260 0.049068 0.083811
1.0 0.334429 0.072849 0.112292 0.140612
0.0 0.387235 0.141424 0.069281 0.118414
0.0 0.355284 0.014402 0.049068 0.028805
0.0 0.391109 0.114260 0.049068 0.083811
1.0 0.509321 0.072849 0.112292 0.140612
0.0 0.456515 0.141424 0.069281 0.118414
0.0 0.488466 0.014402 0.049068 0.028805
0.0 0.452641 0.114260 0.049068 0.083811
1.0 0.646929 0.072849 0.112292 0.140612
0.0 0.699735 0.141424 0.069281 0.118414
0.0 0.667784 0.014402 0.049068 0.028805
0.0 0.703609 0.114260 0.049068 0.083811
1.0 0.821821 0.072849 0.112292 0.140612
0.0 0.769015 0.141424 0.069281 0.118414
0.0 0.800966 0.014402 0.049068 0.028805
0.0 0.765141 0.114260 0.049068 0.083811
1.0 0.951641 0.072849 0.096717 0.140612
0.0 0.988797 0.141424 0.022406 0.118414
0.0 0.977875 0.014402 0.044250 0.028805
0.0 0.995788 0.114260 0.008425 0.083811
1.0 0.039038 0.510484 0.078075 0.140612
0.0 0.074735 0.441910 0.069281 0.118414
0.0 0.042784 0.596478 0.049068 0.083899
0.0 0.078609 0.469073 0.049068 0.083811
0.0 0.042742 0.688218 0.049068 0.040230
1.0 0.196821 0.510484 0.112292 0.140612
0.0 0.144015 0.441910 0.069281 0.118414
0.0 0.175966 0.596478 0.049068 0.083899
0.0 0.140141 0.469073 0.049068 0.083811
0.0 0.176008 0.688218 0.049068 0.040230
1.0 0.334429 0.510484 0.112292 0.140612
0.0 0.387235 0.441910 0.069281 0.118414
0.0 0.355284 0.596478 0.049068 0.083899
0.0 0.391109 0.469073 0.049068 0.083811
0.0 0.355242 0.688218 0.049068 0.040230
1.0 0.509321 0.510484 0.112292 0.140612
0.0 0.456515 0.441910 0.069281 0.118414
0.0 0.488466 0.596478 0.049068 0.083899
0.0 0.452641 0.469073 0.049068 0.083811
0.0 0.488508 0.688218 0.049068 0.040230
1.0 0.646929 0.510484 0.112292 0.140612
0.0 0.699735 0.441910 0.069281 0.118414
0.0 0.667784 0.596478 0.049068 0.083899
0.0 0.703609 0.469073 0.049068 0.083811
0.0 0.667742 0.688218 0.049068 0.040230
1.0 0.821821 0.510484 0.112292 0.140612
0.0 0.769015 0.441910 0.069281 0.118414
0.0 0.800966 0.596478 0.049068 0.083899
0.0 0.765141 0.469073 0.049068 0.083811
0.0 0.801008 0.688218 0.049068 0.040230
1.0 0.951641 0.510484 0.096717 0.140612
0.0 0.988797 0.441910 0.022406 0.118414
0.0 0.977875 0.596478 0.044250 0.083899
0.0 0.995788 0.469073 0.008425 0.083811
0.0 0.977854 0.688218 0.044291 0.040230
1.0 0.039038 0.906183 0.078075 0.140612
0.0 0.074735 0.957775 0.069281 0.084450
0.0 0.042784 0.820188 0.049068 0.083899
0.0 0.078609 0.947593 0.049068 0.083811
0.0 0.042742 0.728448 0.049068 0.040230
1.0 0.196821 0.906183 0.112292 0.140612
0.0 0.144015 0.957775 0.069281 0.084450
0.0 0.175966 0.820188 0.049068 0.083899
0.0 0.140141 0.947593 0.049068 0.083811
0.0 0.176008 0.728448 0.049068 0.040230
1.0 0.334429 0.906183 0.112292 0.140612
0.0 0.387235 0.957775 0.069281 0.084450
0.0 0.355284 0.820188 0.049068 0.083899
0.0 0.391109 0.947593 0.049068 0.083811
0.0 0.355242 0.728448 0.049068 0.040230
1.0 0.509321 0.906183 0.112292 0.140612
0.0 0.456515 0.957775 0.069281 0.084450
0.0 0.488466 0.820188 0.049068 0.083899
0.0 0.452641 0.947593 0.049068 0.083811
0.0 0.488508 0.728448 0.049068 0.040230
1.0 0.646929 0.906183 0.112292 0.140612
0.0 0.699735 0.957775 0.069281 0.084450
0.0 0.667784 0.820188 0.049068 0.083899
0.0 0.703609 0.947593 0.049068 0.083811
0.0 0.667742 0.728448 0.049068 0.040230
1.0 0.821821 0.906183 0.112292 0.140612
0.0 0.769015 0.957775 0.069281 0.084450
0.0 0.800966 0.820188 0.049068 0.083899
0.0 0.765141 0.947593 0.049068 0.083811
0.0 0.801008 0.728448 0.049068 0.040230
1.0 0.951641 0.906183 0.096717 0.140612
0.0 0.988797 0.957775 0.022406 0.084450
0.0 0.977875 0.820188 0.044250 0.083899
0.0 0.995788 0.947593 0.008425 0.083811
0.0 0.977854 0.728448 0.044291 0.040230
