0.0 0.084542 0.074901 0.169084 0.149802
0.0 0.555805 0.074901 0.231027 0.149802
0.0 0.834820 0.074901 0.231027 0.149802
0.0 0.084542 0.339285 0.169084 0.367063
0.0 0.071429 0.633931 0.142857 0.396826
0.0 0.152539 0.637847 0.233203 0.404861
0.0 0.152734 0.627431 0.245313 0.389583
0.0 0.555805 0.339285 0.231027 0.367063
0.0 0.580914 0.633931 0.228793 0.396826
0.0 0.456836 0.637847 0.233203 0.404861
0.0 0.456641 0.627431 0.245313 0.389583
0.0 0.834820 0.339285 0.231027 0.367063
0.0 0.809711 0.633931 0.228793 0.396826
0.0 0.908594 0.637847 0.182812 0.404861
0.0 0.905664 0.627431 0.188672 0.389583
0.0 0.071429 0.931050 0.142857 0.137899
0.0 0.152539 0.927083 0.233203 0.145833
0.0 0.152734 0.936111 0.245313 0.127778
0.0 0.580914 0.931050 0.228793 0.137899
0.0 0.456836 0.927083 0.233203 0.145833
0.0 0.456641 0.936111 0.245313 0.127778
0.0 0.809711 0.931050 0.228793 0.137899
0.0 0.908594 0.927083 0.182812 0.145833
0.0 0.905664 0.936111 0.188672 0.127778
