0.0 0.078125 0.062500 0.140625 0.125000
0.0 0.218750 0.062500 0.140625 0.125000
0.0 0.359375 0.062500 0.140625 0.125000
0.0 0.500000 0.062500 0.140625 0.125000
0.0 0.640625 0.062500 0.140625 0.125000
0.0 0.781250 0.062500 0.140625 0.125000
0.0 0.921875 0.062500 0.140625 0.125000
0.0 0.003906 0.242036 0.007812 0.234073
0.0 0.078125 0.242036 0.140625 0.234073
0.0 0.218750 0.242036 0.140625 0.234073
0.0 0.359375 0.242036 0.140625 0.234073
0.0 0.500000 0.242036 0.140625 0.234073
0.0 0.640625 0.242036 0.140625 0.234073
0.0 0.781250 0.242036 0.140625 0.234073
0.0 0.921875 0.242036 0.140625 0.234073
0.0 0.996094 0.242036 0.007812 0.234073
0.0 0.003906 0.507964 0.007812 0.234073
0.0 0.078125 0.507964 0.140625 0.234073
0.0 0.218750 0.507964 0.140625 0.234073
0.0 0.359375 0.507964 0.140625 0.234073
0.0 0.500000 0.507964 0.140625 0.234073
0.0 0.640625 0.507964 0.140625 0.234073
0.0 0.781250 0.507964 0.140625 0.234073
0.0 0.921875 0.507964 0.140625 0.234073
0.0 0.996094 0.507964 0.007812 0.234073
0.0 0.003906 0.742036 0.007812 0.234073
0.0 0.078125 0.742036 0.140625 0.234073
0.0 0.218750 0.742036 0.140625 0.234073
0.0 0.359375 0.742036 0.140625 0.234073
0.0 0.500000 0.742036 0.140625 0.234073
0.0 0.640625 0.742036 0.140625 0.234073
0.0 0.781250 0.742036 0.140625 0.234073
0.0 0.921875 0.742036 0.140625 0.234073
0.0 0.996094 0.742036 0.007812 0.234073
0.0 0.078125 0.945464 0.140625 0.109073
0.0 0.218750 0.945464 0.140625 0.109073
0.0 0.359375 0.945464 0.140625 0.109073
0.0 0.500000 0.945464 0.140625 0.109073
0.0 0.640625 0.945464 0.140625 0.109073
0.0 0.781250 0.945464 0.140625 0.109073
0.0 0.921875 0.945464 0.140625 0.109073
