1.0 0.013536 0.079167 0.027072 0.158333
0.0 0.049472 0.007631 0.019807 0.015262
1.0 0.142896 0.079167 0.102436 0.158333
1.0 0.154983 0.132037 0.090447 0.052592
0.0 0.069278 0.007631 0.019807 0.015262
1.0 0.563354 0.079167 0.102436 0.158333
1.0 0.551267 0.132037 0.090447 0.052592
0.0 0.636972 0.007631 0.019807 0.015262
1.0 0.730396 0.079167 0.102436 0.158333
1.0 0.742483 0.132037 0.090447 0.052592
0.0 0.656778 0.007631 0.019807 0.015262
1.0 0.029687 0.534703 0.059375 0.237164
1.0 0.013536 0.238484 0.027072 0.160301
1.0 0.029687 0.453791 0.059375 0.179029
1.0 0.031864 0.766722 0.055022 0.147936
1.0 0.029687 0.725500 0.059375 0.151653
0.0 0.045832 0.389594 0.022810 0.058359
0.0 0.049472 0.337859 0.019807 0.072909
1.0 0.105087 0.534703 0.091423 0.237164
1.0 0.142896 0.238484 0.102436 0.160301
1.0 0.108640 0.453791 0.098531 0.179029
1.0 0.154983 0.184629 0.090447 0.052592
1.0 0.086886 0.766722 0.055022 0.147936
1.0 0.142236 0.554616 0.026061 0.075034
1.0 0.090018 0.725500 0.061286 0.151653
0.0 0.072918 0.389594 0.022810 0.058359
0.0 0.158843 0.587279 0.019735 0.054815
0.0 0.069278 0.337859 0.019807 0.072909
1.0 0.601163 0.534703 0.091423 0.237164
1.0 0.563354 0.238484 0.102436 0.160301
1.0 0.597610 0.453791 0.098531 0.179029
1.0 0.551267 0.184629 0.090447 0.052592
1.0 0.619364 0.766722 0.055022 0.147936
1.0 0.564014 0.554616 0.026061 0.075034
1.0 0.616232 0.725500 0.061286 0.151653
0.0 0.633332 0.389594 0.022810 0.058359
0.0 0.547407 0.587279 0.019735 0.054815
0.0 0.636972 0.337859 0.019807 0.072909
1.0 0.692587 0.534703 0.091423 0.237164
1.0 0.730396 0.238484 0.102436 0.160301
1.0 0.696140 0.453791 0.098531 0.179029
1.0 0.742483 0.184629 0.090447 0.052592
1.0 0.674386 0.766722 0.055022 0.147936
1.0 0.729736 0.554616 0.026061 0.075034
1.0 0.677518 0.725500 0.061286 0.151653
0.0 0.660418 0.389594 0.022810 0.058359
0.0 0.746343 0.587279 0.019735 0.054815
0.0 0.656778 0.337859 0.019807 0.072909
1.0 0.031864 0.915222 0.055022 0.147936
1.0 0.029687 0.940309 0.059375 0.119382
1.0 0.086886 0.915222 0.055022 0.147936
1.0 0.090018 0.940309 0.061286 0.119382
1.0 0.619364 0.915222 0.055022 0.147936
1.0 0.616232 0.940309 0.061286 0.119382
1.0 0.674386 0.915222 0.055022 0.147936
1.0 0.677518 0.940309 0.061286 0.119382
