1.0 0.036819 0.159435 0.056627 0.088593
0.0 0.008958 0.183347 0.015960 0.025780
0.0 0.087511 0.151676 0.020513 0.032770
1.0 0.181931 0.159435 0.056627 0.088593
0.0 0.209792 0.183347 0.015960 0.025780
0.0 0.261769 0.148520 0.007711 0.023436
0.0 0.131239 0.151676 0.020513 0.032770
1.0 0.349319 0.159435 0.056627 0.088593
0.0 0.321458 0.183347 0.015960 0.025780
0.0 0.269481 0.148520 0.007711 0.023436
0.0 0.400011 0.151676 0.020513 0.032770
1.0 0.494431 0.159435 0.056627 0.088593
0.0 0.522292 0.183347 0.015960 0.025780
0.0 0.574269 0.148520 0.007711 0.023436
0.0 0.443739 0.151676 0.020513 0.032770
1.0 0.661819 0.159435 0.056627 0.088593
0.0 0.633958 0.183347 0.015960 0.025780
0.0 0.581981 0.148520 0.007711 0.023436
0.0 0.712511 0.151676 0.020513 0.032770
1.0 0.806931 0.159435 0.056627 0.088593
0.0 0.834792 0.183347 0.015960 0.025780
0.0 0.886769 0.148520 0.007711 0.023436
0.0 0.756239 0.151676 0.020513 0.032770
1.0 0.973003 0.159435 0.053995 0.088593
0.0 0.946458 0.183347 0.015960 0.025780
0.0 0.894481 0.148520 0.007711 0.023436
1.0 0.036819 0.284315 0.056627 0.088593
0.0 0.008958 0.260403 0.015960 0.025780
0.0 0.087511 0.292074 0.020513 0.032770
1.0 0.181931 0.284315 0.056627 0.088593
0.0 0.209792 0.260403 0.015960 0.025780
0.0 0.261769 0.295230 0.007711 0.023436
0.0 0.131239 0.292074 0.020513 0.032770
1.0 0.349319 0.284315 0.056627 0.088593
0.0 0.321458 0.260403 0.015960 0.025780
0.0 0.269481 0.295230 0.007711 0.023436
0.0 0.400011 0.292074 0.020513 0.032770
1.0 0.494431 0.284315 0.056627 0.088593
0.0 0.522292 0.260403 0.015960 0.025780
0.0 0.574269 0.295230 0.007711 0.023436
0.0 0.443739 0.292074 0.020513 0.032770
1.0 0.661819 0.284315 0.056627 0.088593
0.0 0.633958 0.260403 0.015960 0.025780
0.0 0.581981 0.295230 0.007711 0.023436
0.0 0.712511 0.292074 0.020513 0.032770
1.0 0.806931 0.284315 0.056627 0.088593
0.0 0.834792 0.260403 0.015960 0.025780
0.0 0.886769 0.295230 0.007711 0.023436
0.0 0.756239 0.292074 0.020513 0.032770
1.0 0.973003 0.284315 0.053995 0.088593
0.0 0.946458 0.260403 0.015960 0.025780
0.0 0.894481 0.295230 0.007711 0.023436
1.0 0.036819 0.530268 0.056627 0.088593
0.0 0.008958 0.554180 0.015960 0.025780
0.0 0.087511 0.522509 0.020513 0.032770
1.0 0.181931 0.530268 0.056627 0.088593
0.0 0.209792 0.554180 0.015960 0.025780
0.0 0.261769 0.519354 0.007711 0.023436
0.0 0.131239 0.522509 0.020513 0.032770
1.0 0.349319 0.530268 0.056627 0.088593
0.0 0.321458 0.554180 0.015960 0.025780
0.0 0.269481 0.519354 0.007711 0.023436
0.0 0.400011 0.522509 0.020513 0.032770
1.0 0.494431 0.530268 0.056627 0.088593
0.0 0.522292 0.554180 0.015960 0.025780
0.0 0.574269 0.519354 0.007711 0.023436
0.0 0.443739 0.522509 0.020513 0.032770
1.0 0.661819 0.530268 0.056627 0.088593
0.0 0.633958 0.554180 0.015960 0.025780
0.0 0.581981 0.519354 0.007711 0.023436
0.0 0.712511 0.522509 0.020513 0.032770
1.0 0.806931 0.530268 0.056627 0.088593
0.0 0.834792 0.554180 0.015960 0.025780
0.0 0.886769 0.519354 0.007711 0.023436
0.0 0.756239 0.522509 0.020513 0.032770
1.0 0.973003 0.530268 0.053995 0.088593
0.0 0.946458 0.554180 0.015960 0.025780
0.0 0.894481 0.519354 0.007711 0.023436
1.0 0.036819 0.655149 0.056627 0.088593
0.0 0.008958 0.631237 0.015960 0.025780
0.0 0.087511 0.662908 0.020513 0.032770
1.0 0.181931 0.655149 0.056627 0.088593
0.0 0.209792 0.631237 0.015960 0.025780
0.0 0.261769 0.666063 0.007711 0.023436
0.0 0.131239 0.662908 0.020513 0.032770
1.0 0.349319 0.655149 0.056627 0.088593
0.0 0.321458 0.631237 0.015960 0.025780
0.0 0.269481 0.666063 0.007711 0.023436
0.0 0.400011 0.662908 0.020513 0.032770
1.0 0.494431 0.655149 0.056627 0.088593
0.0 0.522292 0.631237 0.015960 0.025780
0.0 0.574269 0.666063 0.007711 0.023436
0.0 0.443739 0.662908 0.020513 0.032770
1.0 0.661819 0.655149 0.056627 0.088593
0.0 0.633958 0.631237 0.015960 0.025780
0.0 0.581981 0.666063 0.007711 0.023436
0.0 0.712511 0.662908 0.020513 0.032770
1.0 0.806931 0.655149 0.056627 0.088593
0.0 0.834792 0.631237 0.015960 0.025780
0.0 0.886769 0.666063 0.007711 0.023436
0.0 0.756239 0.662908 0.020513 0.032770
1.0 0.973003 0.655149 0.053995 0.088593
0.0 0.946458 0.631237 0.015960 0.025780
0.0 0.894481 0.666063 0.007711 0.023436
1.0 0.036819 0.901101 0.056627 0.088593
0.0 0.008958 0.925013 0.015960 0.025780
0.0 0.087511 0.893342 0.020513 0.032770
1.0 0.181931 0.901101 0.056627 0.088593
0.0 0.209792 0.925013 0.015960 0.025780
0.0 0.261769 0.890187 0.007711 0.023436
0.0 0.131239 0.893342 0.020513 0.032770
1.0 0.349319 0.901101 0.056627 0.088593
0.0 0.321458 0.925013 0.015960 0.025780
0.0 0.269481 0.890187 0.007711 0.023436
0.0 0.400011 0.893342 0.020513 0.032770
1.0 0.494431 0.901101 0.056627 0.088593
0.0 0.522292 0.925013 0.015960 0.025780
0.0 0.574269 0.890187 0.007711 0.023436
0.0 0.443739 0.893342 0.020513 0.032770
1.0 0.661819 0.901101 0.056627 0.088593
0.0 0.633958 0.925013 0.015960 0.025780
0.0 0.581981 0.890187 0.007711 0.023436
0.0 0.712511 0.893342 0.020513 0.032770
1.0 0.806931 0.901101 0.056627 0.088593
0.0 0.834792 0.925013 0.015960 0.025780
0.0 0.886769 0.890187 0.007711 0.023436
0.0 0.756239 0.893342 0.020513 0.032770
1.0 0.973003 0.901101 0.053995 0.088593
0.0 0.946458 0.925013 0.015960 0.025780
0.0 0.894481 0.890187 0.007711 0.023436
1.0 0.036819 0.990843 0.056627 0.018315
0.0 0.008958 0.994590 0.015960 0.010820
1.0 0.181931 0.990843 0.056627 0.018315
0.0 0.209792 0.994590 0.015960 0.010820
1.0 0.349319 0.990843 0.056627 0.018315
0.0 0.321458 0.994590 0.015960 0.010820
1.0 0.494431 0.990843 0.056627 0.018315
0.0 0.522292 0.994590 0.015960 0.010820
1.0 0.661819 0.990843 0.056627 0.018315
0.0 0.633958 0.994590 0.015960 0.010820
1.0 0.806931 0.990843 0.056627 0.018315
0.0 0.834792 0.994590 0.015960 0.010820
1.0 0.973003 0.990843 0.053995 0.018315
0.0 0.946458 0.994590 0.015960 0.010820
