1.0 0.026205 0.218105 0.052410 0.202971
1.0 0.203904 0.186627 0.079479 0.199014
1.0 0.289808 0.168117 0.087051 0.211916
1.0 0.096390 0.206893 0.066748 0.204240
1.0 0.213659 0.296734 0.027447 0.036947
0.0 0.274329 0.081537 0.038136 0.051267
0.0 0.324754 0.089509 0.017158 0.040432
0.0 0.170948 0.024201 0.021739 0.034314
0.0 0.048633 0.171717 0.017342 0.028333
0.0 0.233163 0.084039 0.027342 0.058906
1.0 0.640462 0.218105 0.052410 0.202971
1.0 0.462762 0.186627 0.079479 0.199014
1.0 0.376859 0.168117 0.087051 0.211916
1.0 0.570277 0.206893 0.066748 0.204240
1.0 0.453008 0.296734 0.027447 0.036947
0.0 0.392338 0.081537 0.038136 0.051267
0.0 0.341912 0.089509 0.017158 0.040432
0.0 0.495719 0.024201 0.021739 0.034314
0.0 0.618033 0.171717 0.017342 0.028333
0.0 0.433504 0.084039 0.027342 0.058906
1.0 0.692872 0.218105 0.052410 0.202971
1.0 0.870571 0.186627 0.079479 0.199014
1.0 0.956474 0.168117 0.087051 0.211916
1.0 0.763057 0.206893 0.066748 0.204240
1.0 0.880326 0.296734 0.027447 0.036947
0.0 0.940995 0.081537 0.038136 0.051267
0.0 0.991421 0.089509 0.017158 0.040432
0.0 0.837615 0.024201 0.021739 0.034314
0.0 0.715300 0.171717 0.017342 0.028333
0.0 0.899829 0.084039 0.027342 0.058906
1.0 0.026205 0.448562 0.052410 0.202971
1.0 0.203904 0.480040 0.079479 0.199014
1.0 0.289808 0.498550 0.087051 0.211916
1.0 0.096390 0.459774 0.066748 0.204240
1.0 0.213659 0.369933 0.027447 0.036947
0.0 0.274329 0.585130 0.038136 0.051267
0.0 0.324754 0.577158 0.017158 0.040432
0.0 0.170948 0.642466 0.021739 0.034314
0.0 0.048633 0.494950 0.017342 0.028333
0.0 0.233163 0.582627 0.027342 0.058906
1.0 0.640462 0.448562 0.052410 0.202971
1.0 0.462762 0.480040 0.079479 0.199014
1.0 0.376859 0.498550 0.087051 0.211916
1.0 0.570277 0.459774 0.066748 0.204240
1.0 0.453008 0.369933 0.027447 0.036947
0.0 0.392338 0.585130 0.038136 0.051267
0.0 0.341912 0.577158 0.017158 0.040432
0.0 0.495719 0.642466 0.021739 0.034314
0.0 0.618033 0.494950 0.017342 0.028333
0.0 0.433504 0.582627 0.027342 0.058906
1.0 0.692872 0.448562 0.052410 0.202971
1.0 0.870571 0.480040 0.079479 0.199014
1.0 0.956474 0.498550 0.087051 0.211916
1.0 0.763057 0.459774 0.066748 0.204240
1.0 0.880326 0.369933 0.027447 0.036947
0.0 0.940995 0.585130 0.038136 0.051267
0.0 0.991421 0.577158 0.017158 0.040432
0.0 0.837615 0.642466 0.021739 0.034314
0.0 0.715300 0.494950 0.017342 0.028333
0.0 0.899829 0.582627 0.027342 0.058906
1.0 0.026205 0.884772 0.052410 0.202971
1.0 0.203904 0.853294 0.079479 0.199014
1.0 0.289808 0.834784 0.087051 0.211916
1.0 0.096390 0.873560 0.066748 0.204240
1.0 0.213659 0.963401 0.027447 0.036947
0.0 0.274329 0.748204 0.038136 0.051267
0.0 0.324754 0.756175 0.017158 0.040432
0.0 0.170948 0.690867 0.021739 0.034314
0.0 0.048633 0.838383 0.017342 0.028333
0.0 0.233163 0.750706 0.027342 0.058906
1.0 0.640462 0.884772 0.052410 0.202971
1.0 0.462762 0.853294 0.079479 0.199014
1.0 0.376859 0.834784 0.087051 0.211916
1.0 0.570277 0.873560 0.066748 0.204240
1.0 0.453008 0.963401 0.027447 0.036947
0.0 0.392338 0.748204 0.038136 0.051267
0.0 0.341912 0.756175 0.017158 0.040432
0.0 0.495719 0.690867 0.021739 0.034314
0.0 0.618033 0.838383 0.017342 0.028333
0.0 0.433504 0.750706 0.027342 0.058906
1.0 0.692872 0.884772 0.052410 0.202971
1.0 0.870571 0.853294 0.079479 0.199014
1.0 0.956474 0.834784 0.087051 0.211916
1.0 0.763057 0.873560 0.066748 0.204240
1.0 0.880326 0.963401 0.027447 0.036947
0.0 0.940995 0.748204 0.038136 0.051267
0.0 0.991421 0.756175 0.017158 0.040432
0.0 0.837615 0.690867 0.021739 0.034314
0.0 0.715300 0.838383 0.017342 0.028333
0.0 0.899829 0.750706 0.027342 0.058906
