1.0 0.110365 0.173659 0.054781 0.245219
1.0 0.205060 0.173386 0.058215 0.240506
0.0 0.141625 0.033608 0.214309 0.067216
0.0 0.142796 0.080370 0.191950 0.069221
1.0 0.499010 0.173659 0.054781 0.245219
1.0 0.404315 0.173386 0.058215 0.240506
0.0 0.467750 0.033608 0.214309 0.067216
0.0 0.466579 0.080370 0.191950 0.069221
1.0 0.891615 0.173659 0.054781 0.245219
1.0 0.978601 0.173386 0.042798 0.240506
0.0 0.907860 0.033608 0.184279 0.067216
0.0 0.914035 0.080370 0.171929 0.069221
1.0 0.110365 0.458749 0.054781 0.245219
1.0 0.205060 0.459021 0.058215 0.240506
0.0 0.141625 0.607528 0.214309 0.084673
0.0 0.142796 0.552037 0.191950 0.069221
1.0 0.499010 0.458749 0.054781 0.245219
1.0 0.404315 0.459021 0.058215 0.240506
0.0 0.467750 0.607528 0.214309 0.084673
0.0 0.466579 0.552037 0.191950 0.069221
1.0 0.891615 0.458749 0.054781 0.245219
1.0 0.978601 0.459021 0.042798 0.240506
0.0 0.907860 0.607528 0.184279 0.084673
0.0 0.914035 0.552037 0.171929 0.069221
1.0 0.110365 0.893117 0.054781 0.213765
1.0 0.205060 0.894159 0.058215 0.211682
0.0 0.141625 0.760065 0.214309 0.084673
0.0 0.142796 0.815555 0.191950 0.069221
1.0 0.499010 0.893117 0.054781 0.213765
1.0 0.404315 0.894159 0.058215 0.211682
0.0 0.467750 0.760065 0.214309 0.084673
0.0 0.466579 0.815555 0.191950 0.069221
1.0 0.891615 0.893117 0.054781 0.213765
1.0 0.978601 0.894159 0.042798 0.211682
0.0 0.907860 0.760065 0.184279 0.084673
0.0 0.914035 0.815555 0.171929 0.069221
