1.0 0.044507 0.028366 0.089014 0.056733
0.0 0.082160 0.041667 0.101934 0.083333
1.0 0.273928 0.028366 0.132134 0.056733
0.0 0.214715 0.041667 0.101934 0.083333
0.0 0.343050 0.013264 0.079525 0.026528
1.0 0.491697 0.028366 0.132134 0.056733
0.0 0.550910 0.041667 0.101934 0.083333
0.0 0.422575 0.013264 0.079525 0.026528
1.0 0.742678 0.028366 0.132134 0.056733
0.0 0.683465 0.041667 0.101934 0.083333
0.0 0.811800 0.013264 0.079525 0.026528
1.0 0.947190 0.028366 0.105620 0.056733
0.0 0.984347 0.041667 0.031307 0.083333
0.0 0.891325 0.013264 0.079525 0.026528
1.0 0.044507 0.235522 0.089014 0.251177
0.0 0.082160 0.144345 0.101934 0.122023
1.0 0.273928 0.235522 0.132134 0.251177
0.0 0.214715 0.144345 0.101934 0.122023
0.0 0.343050 0.195829 0.079525 0.111381
1.0 0.491697 0.235522 0.132134 0.251177
0.0 0.550910 0.144345 0.101934 0.122023
0.0 0.422575 0.195829 0.079525 0.111381
1.0 0.742678 0.235522 0.132134 0.251177
0.0 0.683465 0.144345 0.101934 0.122023
0.0 0.811800 0.195829 0.079525 0.111381
1.0 0.947190 0.235522 0.105620 0.251177
0.0 0.984347 0.144345 0.031307 0.122023
0.0 0.891325 0.195829 0.079525 0.111381
1.0 0.044507 0.486700 0.089014 0.251177
0.0 0.082160 0.577877 0.101934 0.122023
1.0 0.273928 0.486700 0.132134 0.251177
0.0 0.214715 0.577877 0.101934 0.122023
0.0 0.343050 0.526393 0.079525 0.111381
1.0 0.491697 0.486700 0.132134 0.251177
0.0 0.550910 0.577877 0.101934 0.122023
0.0 0.422575 0.526393 0.079525 0.111381
1.0 0.742678 0.486700 0.132134 0.251177
0.0 0.683465 0.577877 0.101934 0.122023
0.0 0.811800 0.526393 0.079525 0.111381
1.0 0.947190 0.486700 0.105620 0.251177
0.0 0.984347 0.577877 0.031307 0.122023
0.0 0.891325 0.526393 0.079525 0.111381
1.0 0.044507 0.791078 0.089014 0.251177
0.0 0.082160 0.699900 0.101934 0.122023
1.0 0.273928 0.791078 0.132134 0.251177
0.0 0.214715 0.699900 0.101934 0.122023
0.0 0.343050 0.751384 0.079525 0.111381
1.0 0.491697 0.791078 0.132134 0.251177
0.0 0.550910 0.699900 0.101934 0.122023
0.0 0.422575 0.751384 0.079525 0.111381
1.0 0.742678 0.791078 0.132134 0.251177
0.0 0.683465 0.699900 0.101934 0.122023
0.0 0.811800 0.751384 0.079525 0.111381
1.0 0.947190 0.791078 0.105620 0.251177
0.0 0.984347 0.699900 0.031307 0.122023
0.0 0.891325 0.751384 0.079525 0.111381
1.0 0.044507 0.958333 0.089014 0.083333
1.0 0.273928 0.958333 0.132134 0.083333
1.0 0.491697 0.958333 0.132134 0.083333
1.0 0.742678 0.958333 0.132134 0.083333
1.0 0.947190 0.958333 0.105620 0.083333
