1.0 0.638168 0.757931 0.163665 0.480868
1.0 0.112271 0.662853 0.068611 0.148087
1.0 0.551673 0.605411 0.029915 0.145912
1.0 0.820625 0.564712 0.070555 0.148348
1.0 0.409001 0.772750 0.164445 0.454500
1.0 0.911014 0.552580 0.080274 0.149652
1.0 0.211317 0.648025 0.068429 0.145043
1.0 0.228720 0.644155 0.036783 0.131739
1.0 0.798271 0.567712 0.032895 0.131217
1.0 0.137632 0.660983 0.044377 0.129739
1.0 0.696400 0.584453 0.034006 0.052870
1.0 0.890655 0.556171 0.038625 0.130295
1.0 0.474800 0.614195 0.027790 0.142608
1.0 0.968157 0.541505 0.058437 0.081630
0.0 0.660617 0.963072 0.153130 0.073856
0.0 0.414206 0.979113 0.142121 0.041774
0.0 0.930662 0.615563 0.050109 0.031874
0.0 0.100358 0.729551 0.054727 0.037536
