1.0 0.446062 0.542906 0.096956 0.317171
1.0 0.593095 0.496233 0.085922 0.263133
0.0 0.594927 0.670081 0.175737 0.103503
0.0 0.606495 0.604626 0.157994 0.059345
0.0 0.764679 0.708585 0.095641 0.110072
0.0 0.763459 0.805158 0.098082 0.064923
0.0 0.699104 0.702273 0.127033 0.047532
1.0 0.994472 0.496233 0.011056 0.263133
0.0 0.971102 0.670081 0.057795 0.103503
0.0 0.969754 0.604626 0.060492 0.059345
0.0 0.860321 0.708585 0.095641 0.110072
0.0 0.861541 0.805158 0.098082 0.064923
0.0 0.925896 0.702273 0.127033 0.047532
0.0 0.763459 0.982579 0.098082 0.034842
0.0 0.861541 0.982579 0.098082 0.034842
