1.0 0.431915 0.561858 0.044217 0.096158
1.0 0.387537 0.562939 0.045929 0.088325
1.0 0.429193 0.471887 0.024949 0.049747
1.0 0.392720 0.465940 0.015990 0.028628
0.0 0.277076 0.574805 0.054833 0.052268
0.0 0.370610 0.611936 0.061720 0.036804
0.0 0.756481 0.582147 0.064211 0.064829
0.0 0.618651 0.586521 0.050964 0.078590
0.0 0.755272 0.444196 0.048809 0.045826
0.0 0.816974 0.481155 0.031518 0.031771
0.0 0.987895 0.415749 0.024210 0.045826
0.0 0.943848 0.466419 0.031518 0.031771
1.0 0.457952 0.969894 0.044217 0.060211
1.0 0.414069 0.976437 0.045929 0.047125
0.0 0.391434 0.952636 0.061720 0.036804
0.0 0.775480 0.893000 0.064211 0.064829
0.0 0.639063 0.920480 0.050964 0.078590
0.0 0.847378 0.978615 0.031518 0.031771
0.0 0.974252 0.963879 0.031518 0.031771
