0.0 0.251859 0.615676 0.091518 0.148148
0.0 0.150484 0.581944 0.187128 0.171958
0.0 0.154018 0.681481 0.096727 0.119708
0.0 0.063615 0.633861 0.127230 0.128968
0.0 0.118620 0.540046 0.094010 0.081019
0.0 0.089714 0.594444 0.179427 0.168519
0.0 0.357516 0.615676 0.091518 0.148148
0.0 0.458891 0.581944 0.187128 0.171958
0.0 0.455357 0.681481 0.096727 0.119708
0.0 0.557107 0.633861 0.149924 0.128968
0.0 0.490755 0.540046 0.094010 0.081019
0.0 0.527865 0.594444 0.195833 0.168519
0.0 0.993675 0.615676 0.012650 0.148148
0.0 0.919085 0.581944 0.161829 0.171958
0.0 0.935268 0.681481 0.096727 0.119708
0.0 0.833518 0.633861 0.149924 0.128968
0.0 0.899870 0.540046 0.094010 0.081019
0.0 0.862760 0.594444 0.195833 0.168519
0.0 0.251859 0.904694 0.091518 0.148148
0.0 0.150484 0.926223 0.187128 0.147553
0.0 0.154018 0.838889 0.096727 0.119708
0.0 0.063615 0.886509 0.127230 0.128968
0.0 0.118620 0.969907 0.094010 0.060185
0.0 0.089714 0.920833 0.179427 0.158333
0.0 0.357516 0.904694 0.091518 0.148148
0.0 0.458891 0.926223 0.187128 0.147553
0.0 0.455357 0.838889 0.096727 0.119708
0.0 0.557107 0.886509 0.149924 0.128968
0.0 0.490755 0.969907 0.094010 0.060185
0.0 0.527865 0.920833 0.195833 0.158333
0.0 0.993675 0.904694 0.012650 0.148148
0.0 0.919085 0.926223 0.161829 0.147553
0.0 0.935268 0.838889 0.096727 0.119708
0.0 0.833518 0.886509 0.149924 0.128968
0.0 0.899870 0.969907 0.094010 0.060185
0.0 0.862760 0.920833 0.195833 0.158333
