1.0 0.024609 0.112847 0.049219 0.225694
0.0 0.042773 0.020486 0.070703 0.040972
1.0 0.196484 0.112847 0.178906 0.225694
1.0 0.296094 0.119792 0.100781 0.239583
0.0 0.113477 0.020486 0.070703 0.040972
1.0 0.522266 0.112847 0.178906 0.225694
1.0 0.422656 0.119792 0.100781 0.239583
0.0 0.605273 0.020486 0.070703 0.040972
1.0 0.758984 0.112847 0.178906 0.225694
1.0 0.858594 0.119792 0.100781 0.239583
0.0 0.675977 0.020486 0.070703 0.040972
1.0 0.967383 0.119792 0.065234 0.239583
1.0 0.024609 0.446181 0.049219 0.368750
0.0 0.042773 0.512500 0.070703 0.131944
1.0 0.196484 0.446181 0.178906 0.368750
1.0 0.296094 0.387500 0.100781 0.279167
0.0 0.271094 0.651389 0.118750 0.208333
0.0 0.113477 0.512500 0.070703 0.131944
0.0 0.225195 0.670139 0.061328 0.113889
0.0 0.212305 0.635069 0.119922 0.210417
1.0 0.522266 0.446181 0.178906 0.368750
1.0 0.422656 0.387500 0.100781 0.279167
0.0 0.447656 0.651389 0.118750 0.208333
0.0 0.605273 0.512500 0.070703 0.131944
0.0 0.493555 0.670139 0.061328 0.113889
0.0 0.506445 0.635069 0.119922 0.210417
1.0 0.758984 0.446181 0.178906 0.368750
1.0 0.858594 0.387500 0.100781 0.279167
0.0 0.833594 0.651389 0.118750 0.208333
0.0 0.675977 0.512500 0.070703 0.131944
0.0 0.787695 0.670139 0.061328 0.113889
0.0 0.774805 0.635069 0.119922 0.210417
1.0 0.967383 0.387500 0.065234 0.279167
0.0 0.975391 0.651389 0.049219 0.208333
0.0 0.042773 0.966319 0.070703 0.067361
1.0 0.196484 0.940278 0.178906 0.119444
0.0 0.271094 0.859722 0.118750 0.208333
0.0 0.113477 0.966319 0.070703 0.067361
0.0 0.225195 0.840972 0.061328 0.113889
0.0 0.212305 0.876042 0.119922 0.210417
1.0 0.522266 0.940278 0.178906 0.119444
0.0 0.447656 0.859722 0.118750 0.208333
0.0 0.605273 0.966319 0.070703 0.067361
0.0 0.493555 0.840972 0.061328 0.113889
0.0 0.506445 0.876042 0.119922 0.210417
1.0 0.758984 0.940278 0.178906 0.119444
0.0 0.833594 0.859722 0.118750 0.208333
0.0 0.675977 0.966319 0.070703 0.067361
0.0 0.787695 0.840972 0.061328 0.113889
0.0 0.774805 0.876042 0.119922 0.210417
0.0 0.975391 0.859722 0.049219 0.208333
