1.0 0.128327 0.100600 0.256655 0.201199
1.0 0.457935 0.100600 0.262513 0.201199
1.0 0.913738 0.100600 0.172525 0.201199
0.0 0.230204 0.643489 0.076856 0.094814
1.0 0.128327 0.466535 0.256655 0.446580
0.0 0.030174 0.655477 0.060348 0.085501
0.0 0.353130 0.643489 0.076856 0.094814
1.0 0.457935 0.466535 0.262513 0.446580
0.0 0.560466 0.655477 0.074961 0.085501
1.0 0.913738 0.466535 0.172525 0.446580
0.0 0.856201 0.655477 0.074961 0.085501
0.0 0.230204 0.912066 0.076856 0.094814
1.0 0.128327 0.932865 0.256655 0.134270
0.0 0.030174 0.900078 0.060348 0.085501
0.0 0.353130 0.912066 0.076856 0.094814
1.0 0.457935 0.932865 0.262513 0.134270
0.0 0.560466 0.900078 0.074961 0.085501
1.0 0.913738 0.932865 0.172525 0.134270
0.0 0.856201 0.900078 0.074961 0.085501
