1.0 0.014221 0.166289 0.028443 0.311867
0.0 0.025000 0.140980 0.050000 0.131715
1.0 0.179539 0.166289 0.215965 0.311867
0.0 0.263615 0.068562 0.172770 0.137124
0.0 0.096518 0.140980 0.093036 0.131715
0.0 0.229323 0.096495 0.123957 0.158723
1.0 0.520461 0.166289 0.215965 0.311867
0.0 0.436385 0.068562 0.172770 0.137124
0.0 0.603482 0.140980 0.093036 0.131715
0.0 0.470677 0.096495 0.123957 0.158723
1.0 0.779539 0.166289 0.215965 0.311867
0.0 0.863615 0.068562 0.172770 0.137124
0.0 0.696518 0.140980 0.093036 0.131715
0.0 0.829323 0.096495 0.123957 0.158723
0.0 0.975000 0.068562 0.050000 0.137124
1.0 0.014221 0.478156 0.028443 0.311867
0.0 0.025000 0.503464 0.050000 0.131715
1.0 0.179539 0.478156 0.215965 0.311867
0.0 0.263615 0.592549 0.172770 0.170458
0.0 0.096518 0.503464 0.093036 0.131715
0.0 0.229323 0.547950 0.123957 0.158723
1.0 0.520461 0.478156 0.215965 0.311867
0.0 0.436385 0.592549 0.172770 0.170458
0.0 0.603482 0.503464 0.093036 0.131715
0.0 0.470677 0.547950 0.123957 0.158723
1.0 0.779539 0.478156 0.215965 0.311867
0.0 0.863615 0.592549 0.172770 0.170458
0.0 0.696518 0.503464 0.093036 0.131715
0.0 0.829323 0.547950 0.123957 0.158723
0.0 0.975000 0.592549 0.050000 0.170458
1.0 0.014221 0.860733 0.028443 0.278534
0.0 0.025000 0.852091 0.050000 0.131715
1.0 0.179539 0.860733 0.215965 0.278534
0.0 0.263615 0.763007 0.172770 0.170458
0.0 0.096518 0.852091 0.093036 0.131715
0.0 0.229323 0.807606 0.123957 0.158723
1.0 0.520461 0.860733 0.215965 0.278534
0.0 0.436385 0.763007 0.172770 0.170458
0.0 0.603482 0.852091 0.093036 0.131715
0.0 0.470677 0.807606 0.123957 0.158723
1.0 0.779539 0.860733 0.215965 0.278534
0.0 0.863615 0.763007 0.172770 0.170458
0.0 0.696518 0.852091 0.093036 0.131715
0.0 0.829323 0.807606 0.123957 0.158723
0.0 0.975000 0.763007 0.050000 0.170458
