0.0 0.086553 0.134805 0.006107 0.007601
1.0 0.037901 0.083834 0.031577 0.058418
0.0 0.024029 0.108334 0.011829 0.013765
0.0 0.053464 0.108222 0.011899 0.014693
0.0 0.077442 0.134676 0.006107 0.007601
0.0 0.121780 0.134805 0.006107 0.007601
1.0 0.170433 0.083834 0.031577 0.058418
0.0 0.235435 0.102425 0.010878 0.013394
1.0 0.237445 0.085038 0.007980 0.044487
0.0 0.184304 0.108334 0.011829 0.013765
0.0 0.154870 0.108222 0.011899 0.014693
0.0 0.130891 0.134676 0.006107 0.007601
0.0 0.227937 0.102530 0.013741 0.017013
0.0 0.247772 0.102251 0.010878 0.013394
1.0 0.245607 0.084923 0.007980 0.044487
0.0 0.255270 0.102146 0.013741 0.017013
0.0 0.403220 0.134805 0.006107 0.007601
1.0 0.354567 0.083834 0.031577 0.058418
0.0 0.289565 0.102425 0.010878 0.013394
1.0 0.287555 0.085038 0.007980 0.044487
0.0 0.340696 0.108334 0.011829 0.013765
0.0 0.370130 0.108222 0.011899 0.014693
0.0 0.394109 0.134676 0.006107 0.007601
0.0 0.297063 0.102530 0.013741 0.017013
0.0 0.277228 0.102251 0.010878 0.013394
1.0 0.279393 0.084923 0.007980 0.044487
0.0 0.269730 0.102146 0.013741 0.017013
0.0 0.438447 0.134805 0.006107 0.007601
1.0 0.487099 0.083834 0.031577 0.058418
0.0 0.552101 0.102425 0.010878 0.013394
1.0 0.554112 0.085038 0.007980 0.044487
0.0 0.500971 0.108334 0.011829 0.013765
0.0 0.471536 0.108222 0.011899 0.014693
0.0 0.447558 0.134676 0.006107 0.007601
0.0 0.544604 0.102530 0.013741 0.017013
0.0 0.564439 0.102251 0.010878 0.013394
1.0 0.562274 0.084923 0.007980 0.044487
0.0 0.571937 0.102146 0.013741 0.017013
0.0 0.719886 0.134805 0.006107 0.007601
1.0 0.671234 0.083834 0.031577 0.058418
0.0 0.606232 0.102425 0.010878 0.013394
1.0 0.604221 0.085038 0.007980 0.044487
0.0 0.657363 0.108334 0.011829 0.013765
0.0 0.686797 0.108222 0.011899 0.014693
0.0 0.710775 0.134676 0.006107 0.007601
0.0 0.613729 0.102530 0.013741 0.017013
0.0 0.593894 0.102251 0.010878 0.013394
1.0 0.596059 0.084923 0.007980 0.044487
0.0 0.586397 0.102146 0.013741 0.017013
0.0 0.755114 0.134805 0.006107 0.007601
1.0 0.803766 0.083834 0.031577 0.058418
0.0 0.868768 0.102425 0.010878 0.013394
1.0 0.870779 0.085038 0.007980 0.044487
0.0 0.817637 0.108334 0.011829 0.013765
0.0 0.788203 0.108222 0.011899 0.014693
0.0 0.764225 0.134676 0.006107 0.007601
0.0 0.861271 0.102530 0.013741 0.017013
0.0 0.881106 0.102251 0.010878 0.013394
1.0 0.878941 0.084923 0.007980 0.044487
0.0 0.888603 0.102146 0.013741 0.017013
1.0 0.986056 0.083834 0.027888 0.058418
0.0 0.922899 0.102425 0.010878 0.013394
1.0 0.920888 0.085038 0.007980 0.044487
0.0 0.974029 0.108334 0.011829 0.013765
0.0 0.998757 0.108222 0.002486 0.014693
0.0 0.930396 0.102530 0.013741 0.017013
0.0 0.910561 0.102251 0.010878 0.013394
1.0 0.912726 0.084923 0.007980 0.044487
0.0 0.903063 0.102146 0.013741 0.017013
0.0 0.086553 0.265195 0.006107 0.007601
1.0 0.037901 0.316166 0.031577 0.058418
0.0 0.024029 0.291666 0.011829 0.013765
0.0 0.053464 0.291778 0.011899 0.014693
0.0 0.077442 0.265324 0.006107 0.007601
0.0 0.121780 0.265195 0.006107 0.007601
1.0 0.170433 0.316166 0.031577 0.058418
0.0 0.235435 0.297575 0.010878 0.013394
1.0 0.237445 0.314962 0.007980 0.044487
0.0 0.184304 0.291666 0.011829 0.013765
0.0 0.154870 0.291778 0.011899 0.014693
0.0 0.130891 0.265324 0.006107 0.007601
0.0 0.227937 0.297470 0.013741 0.017013
0.0 0.247772 0.297749 0.010878 0.013394
1.0 0.245607 0.315077 0.007980 0.044487
0.0 0.255270 0.297854 0.013741 0.017013
0.0 0.403220 0.265195 0.006107 0.007601
1.0 0.354567 0.316166 0.031577 0.058418
0.0 0.289565 0.297575 0.010878 0.013394
1.0 0.287555 0.314962 0.007980 0.044487
0.0 0.340696 0.291666 0.011829 0.013765
0.0 0.370130 0.291778 0.011899 0.014693
0.0 0.394109 0.265324 0.006107 0.007601
0.0 0.297063 0.297470 0.013741 0.017013
0.0 0.277228 0.297749 0.010878 0.013394
1.0 0.279393 0.315077 0.007980 0.044487
0.0 0.269730 0.297854 0.013741 0.017013
0.0 0.438447 0.265195 0.006107 0.007601
1.0 0.487099 0.316166 0.031577 0.058418
0.0 0.552101 0.297575 0.010878 0.013394
1.0 0.554112 0.314962 0.007980 0.044487
0.0 0.500971 0.291666 0.011829 0.013765
0.0 0.471536 0.291778 0.011899 0.014693
0.0 0.447558 0.265324 0.006107 0.007601
0.0 0.544604 0.297470 0.013741 0.017013
0.0 0.564439 0.297749 0.010878 0.013394
1.0 0.562274 0.315077 0.007980 0.044487
0.0 0.571937 0.297854 0.013741 0.017013
0.0 0.719886 0.265195 0.006107 0.007601
1.0 0.671234 0.316166 0.031577 0.058418
0.0 0.606232 0.297575 0.010878 0.013394
1.0 0.604221 0.314962 0.007980 0.044487
0.0 0.657363 0.291666 0.011829 0.013765
0.0 0.686797 0.291778 0.011899 0.014693
0.0 0.710775 0.265324 0.006107 0.007601
0.0 0.613729 0.297470 0.013741 0.017013
0.0 0.593894 0.297749 0.010878 0.013394
1.0 0.596059 0.315077 0.007980 0.044487
0.0 0.586397 0.297854 0.013741 0.017013
0.0 0.755114 0.265195 0.006107 0.007601
1.0 0.803766 0.316166 0.031577 0.058418
0.0 0.868768 0.297575 0.010878 0.013394
1.0 0.870779 0.314962 0.007980 0.044487
0.0 0.817637 0.291666 0.011829 0.013765
0.0 0.788203 0.291778 0.011899 0.014693
0.0 0.764225 0.265324 0.006107 0.007601
0.0 0.861271 0.297470 0.013741 0.017013
0.0 0.881106 0.297749 0.010878 0.013394
1.0 0.878941 0.315077 0.007980 0.044487
0.0 0.888603 0.297854 0.013741 0.017013
1.0 0.986056 0.316166 0.027888 0.058418
0.0 0.922899 0.297575 0.010878 0.013394
1.0 0.920888 0.314962 0.007980 0.044487
0.0 0.974029 0.291666 0.011829 0.013765
0.0 0.998757 0.291778 0.002486 0.014693
0.0 0.930396 0.297470 0.013741 0.017013
0.0 0.910561 0.297749 0.010878 0.013394
1.0 0.912726 0.315077 0.007980 0.044487
0.0 0.903063 0.297854 0.013741 0.017013
0.0 0.086553 0.534805 0.006107 0.007601
1.0 0.037901 0.483834 0.031577 0.058418
0.0 0.024029 0.508334 0.011829 0.013765
0.0 0.053464 0.508222 0.011899 0.014693
0.0 0.077442 0.534676 0.006107 0.007601
0.0 0.121780 0.534805 0.006107 0.007601
1.0 0.170433 0.483834 0.031577 0.058418
0.0 0.235435 0.502425 0.010878 0.013394
1.0 0.237445 0.485038 0.007980 0.044487
0.0 0.184304 0.508334 0.011829 0.013765
0.0 0.154870 0.508222 0.011899 0.014693
0.0 0.130891 0.534676 0.006107 0.007601
0.0 0.227937 0.502530 0.013741 0.017013
0.0 0.247772 0.502251 0.010878 0.013394
1.0 0.245607 0.484923 0.007980 0.044487
0.0 0.255270 0.502146 0.013741 0.017013
0.0 0.403220 0.534805 0.006107 0.007601
1.0 0.354567 0.483834 0.031577 0.058418
0.0 0.289565 0.502425 0.010878 0.013394
1.0 0.287555 0.485038 0.007980 0.044487
0.0 0.340696 0.508334 0.011829 0.013765
0.0 0.370130 0.508222 0.011899 0.014693
0.0 0.394109 0.534676 0.006107 0.007601
0.0 0.297063 0.502530 0.013741 0.017013
0.0 0.277228 0.502251 0.010878 0.013394
1.0 0.279393 0.484923 0.007980 0.044487
0.0 0.269730 0.502146 0.013741 0.017013
0.0 0.438447 0.534805 0.006107 0.007601
1.0 0.487099 0.483834 0.031577 0.058418
0.0 0.552101 0.502425 0.010878 0.013394
1.0 0.554112 0.485038 0.007980 0.044487
0.0 0.500971 0.508334 0.011829 0.013765
0.0 0.471536 0.508222 0.011899 0.014693
0.0 0.447558 0.534676 0.006107 0.007601
0.0 0.544604 0.502530 0.013741 0.017013
0.0 0.564439 0.502251 0.010878 0.013394
1.0 0.562274 0.484923 0.007980 0.044487
0.0 0.571937 0.502146 0.013741 0.017013
0.0 0.719886 0.534805 0.006107 0.007601
1.0 0.671234 0.483834 0.031577 0.058418
0.0 0.606232 0.502425 0.010878 0.013394
1.0 0.604221 0.485038 0.007980 0.044487
0.0 0.657363 0.508334 0.011829 0.013765
0.0 0.686797 0.508222 0.011899 0.014693
0.0 0.710775 0.534676 0.006107 0.007601
0.0 0.613729 0.502530 0.013741 0.017013
0.0 0.593894 0.502251 0.010878 0.013394
1.0 0.596059 0.484923 0.007980 0.044487
0.0 0.586397 0.502146 0.013741 0.017013
0.0 0.755114 0.534805 0.006107 0.007601
1.0 0.803766 0.483834 0.031577 0.058418
0.0 0.868768 0.502425 0.010878 0.013394
1.0 0.870779 0.485038 0.007980 0.044487
0.0 0.817637 0.508334 0.011829 0.013765
0.0 0.788203 0.508222 0.011899 0.014693
0.0 0.764225 0.534676 0.006107 0.007601
0.0 0.861271 0.502530 0.013741 0.017013
0.0 0.881106 0.502251 0.010878 0.013394
1.0 0.878941 0.484923 0.007980 0.044487
0.0 0.888603 0.502146 0.013741 0.017013
1.0 0.986056 0.483834 0.027888 0.058418
0.0 0.922899 0.502425 0.010878 0.013394
1.0 0.920888 0.485038 0.007980 0.044487
0.0 0.974029 0.508334 0.011829 0.013765
0.0 0.998757 0.508222 0.002486 0.014693
0.0 0.930396 0.502530 0.013741 0.017013
0.0 0.910561 0.502251 0.010878 0.013394
1.0 0.912726 0.484923 0.007980 0.044487
0.0 0.903063 0.502146 0.013741 0.017013
0.0 0.086553 0.665195 0.006107 0.007601
1.0 0.037901 0.716166 0.031577 0.058418
0.0 0.024029 0.691666 0.011829 0.013765
0.0 0.053464 0.691778 0.011899 0.014693
0.0 0.077442 0.665324 0.006107 0.007601
0.0 0.121780 0.665195 0.006107 0.007601
1.0 0.170433 0.716166 0.031577 0.058418
0.0 0.235435 0.697575 0.010878 0.013394
1.0 0.237445 0.714962 0.007980 0.044487
0.0 0.184304 0.691666 0.011829 0.013765
0.0 0.154870 0.691778 0.011899 0.014693
0.0 0.130891 0.665324 0.006107 0.007601
0.0 0.227937 0.697470 0.013741 0.017013
0.0 0.247772 0.697749 0.010878 0.013394
1.0 0.245607 0.715077 0.007980 0.044487
0.0 0.255270 0.697854 0.013741 0.017013
0.0 0.403220 0.665195 0.006107 0.007601
1.0 0.354567 0.716166 0.031577 0.058418
0.0 0.289565 0.697575 0.010878 0.013394
1.0 0.287555 0.714962 0.007980 0.044487
0.0 0.340696 0.691666 0.011829 0.013765
0.0 0.370130 0.691778 0.011899 0.014693
0.0 0.394109 0.665324 0.006107 0.007601
0.0 0.297063 0.697470 0.013741 0.017013
0.0 0.277228 0.697749 0.010878 0.013394
1.0 0.279393 0.715077 0.007980 0.044487
0.0 0.269730 0.697854 0.013741 0.017013
0.0 0.438447 0.665195 0.006107 0.007601
1.0 0.487099 0.716166 0.031577 0.058418
0.0 0.552101 0.697575 0.010878 0.013394
1.0 0.554112 0.714962 0.007980 0.044487
0.0 0.500971 0.691666 0.011829 0.013765
0.0 0.471536 0.691778 0.011899 0.014693
0.0 0.447558 0.665324 0.006107 0.007601
0.0 0.544604 0.697470 0.013741 0.017013
0.0 0.564439 0.697749 0.010878 0.013394
1.0 0.562274 0.715077 0.007980 0.044487
0.0 0.571937 0.697854 0.013741 0.017013
0.0 0.719886 0.665195 0.006107 0.007601
1.0 0.671234 0.716166 0.031577 0.058418
0.0 0.606232 0.697575 0.010878 0.013394
1.0 0.604221 0.714962 0.007980 0.044487
0.0 0.657363 0.691666 0.011829 0.013765
0.0 0.686797 0.691778 0.011899 0.014693
0.0 0.710775 0.665324 0.006107 0.007601
0.0 0.613729 0.697470 0.013741 0.017013
0.0 0.593894 0.697749 0.010878 0.013394
1.0 0.596059 0.715077 0.007980 0.044487
0.0 0.586397 0.697854 0.013741 0.017013
0.0 0.755114 0.665195 0.006107 0.007601
1.0 0.803766 0.716166 0.031577 0.058418
0.0 0.868768 0.697575 0.010878 0.013394
1.0 0.870779 0.714962 0.007980 0.044487
0.0 0.817637 0.691666 0.011829 0.013765
0.0 0.788203 0.691778 0.011899 0.014693
0.0 0.764225 0.665324 0.006107 0.007601
0.0 0.861271 0.697470 0.013741 0.017013
0.0 0.881106 0.697749 0.010878 0.013394
1.0 0.878941 0.715077 0.007980 0.044487
0.0 0.888603 0.697854 0.013741 0.017013
1.0 0.986056 0.716166 0.027888 0.058418
0.0 0.922899 0.697575 0.010878 0.013394
1.0 0.920888 0.714962 0.007980 0.044487
0.0 0.974029 0.691666 0.011829 0.013765
0.0 0.998757 0.691778 0.002486 0.014693
0.0 0.930396 0.697470 0.013741 0.017013
0.0 0.910561 0.697749 0.010878 0.013394
1.0 0.912726 0.715077 0.007980 0.044487
0.0 0.903063 0.697854 0.013741 0.017013
0.0 0.086553 0.934805 0.006107 0.007601
1.0 0.037901 0.883834 0.031577 0.058418
0.0 0.024029 0.908334 0.011829 0.013765
0.0 0.053464 0.908222 0.011899 0.014693
0.0 0.077442 0.934676 0.006107 0.007601
0.0 0.121780 0.934805 0.006107 0.007601
1.0 0.170433 0.883834 0.031577 0.058418
0.0 0.235435 0.902425 0.010878 0.013394
1.0 0.237445 0.885038 0.007980 0.044487
0.0 0.184304 0.908334 0.011829 0.013765
0.0 0.154870 0.908222 0.011899 0.014693
0.0 0.130891 0.934676 0.006107 0.007601
0.0 0.227937 0.902530 0.013741 0.017013
0.0 0.247772 0.902251 0.010878 0.013394
1.0 0.245607 0.884923 0.007980 0.044487
0.0 0.255270 0.902146 0.013741 0.017013
0.0 0.403220 0.934805 0.006107 0.007601
1.0 0.354567 0.883834 0.031577 0.058418
0.0 0.289565 0.902425 0.010878 0.013394
1.0 0.287555 0.885038 0.007980 0.044487
0.0 0.340696 0.908334 0.011829 0.013765
0.0 0.370130 0.908222 0.011899 0.014693
0.0 0.394109 0.934676 0.006107 0.007601
0.0 0.297063 0.902530 0.013741 0.017013
0.0 0.277228 0.902251 0.010878 0.013394
1.0 0.279393 0.884923 0.007980 0.044487
0.0 0.269730 0.902146 0.013741 0.017013
0.0 0.438447 0.934805 0.006107 0.007601
1.0 0.487099 0.883834 0.031577 0.058418
0.0 0.552101 0.902425 0.010878 0.013394
1.0 0.554112 0.885038 0.007980 0.044487
0.0 0.500971 0.908334 0.011829 0.013765
0.0 0.471536 0.908222 0.011899 0.014693
0.0 0.447558 0.934676 0.006107 0.007601
0.0 0.544604 0.902530 0.013741 0.017013
0.0 0.564439 0.902251 0.010878 0.013394
1.0 0.562274 0.884923 0.007980 0.044487
0.0 0.571937 0.902146 0.013741 0.017013
0.0 0.719886 0.934805 0.006107 0.007601
1.0 0.671234 0.883834 0.031577 0.058418
0.0 0.606232 0.902425 0.010878 0.013394
1.0 0.604221 0.885038 0.007980 0.044487
0.0 0.657363 0.908334 0.011829 0.013765
0.0 0.686797 0.908222 0.011899 0.014693
0.0 0.710775 0.934676 0.006107 0.007601
0.0 0.613729 0.902530 0.013741 0.017013
0.0 0.593894 0.902251 0.010878 0.013394
1.0 0.596059 0.884923 0.007980 0.044487
0.0 0.586397 0.902146 0.013741 0.017013
0.0 0.755114 0.934805 0.006107 0.007601
1.0 0.803766 0.883834 0.031577 0.058418
0.0 0.868768 0.902425 0.010878 0.013394
1.0 0.870779 0.885038 0.007980 0.044487
0.0 0.817637 0.908334 0.011829 0.013765
0.0 0.788203 0.908222 0.011899 0.014693
0.0 0.764225 0.934676 0.006107 0.007601
0.0 0.861271 0.902530 0.013741 0.017013
0.0 0.881106 0.902251 0.010878 0.013394
1.0 0.878941 0.884923 0.007980 0.044487
0.0 0.888603 0.902146 0.013741 0.017013
1.0 0.986056 0.883834 0.027888 0.058418
0.0 0.922899 0.902425 0.010878 0.013394
1.0 0.920888 0.885038 0.007980 0.044487
0.0 0.974029 0.908334 0.011829 0.013765
0.0 0.998757 0.908222 0.002486 0.014693
0.0 0.930396 0.902530 0.013741 0.017013
0.0 0.910561 0.902251 0.010878 0.013394
1.0 0.912726 0.884923 0.007980 0.044487
0.0 0.903063 0.902146 0.013741 0.017013
