1.0 0.054534 0.037408 0.032955 0.074815
0.0 0.018391 0.016184 0.015370 0.032368
1.0 0.279060 0.037408 0.032955 0.074815
0.0 0.315203 0.016184 0.015370 0.032368
1.0 0.498675 0.037408 0.032955 0.074815
0.0 0.462532 0.016184 0.015370 0.032368
1.0 0.723200 0.037408 0.032955 0.074815
0.0 0.759343 0.016184 0.015370 0.032368
1.0 0.942815 0.037408 0.032955 0.074815
0.0 0.906672 0.016184 0.015370 0.032368
1.0 0.043609 0.528747 0.087217 0.151640
1.0 0.054534 0.377950 0.032955 0.079141
0.0 0.119373 0.574363 0.053175 0.086821
0.0 0.018391 0.399680 0.015370 0.037706
0.0 0.155450 0.577986 0.022694 0.086821
1.0 0.290492 0.528747 0.088232 0.151640
1.0 0.279060 0.377950 0.032955 0.079141
0.0 0.364352 0.564114 0.049030 0.089404
0.0 0.214220 0.574363 0.053175 0.086821
0.0 0.315203 0.399680 0.015370 0.037706
0.0 0.178144 0.577986 0.022694 0.086821
1.0 0.487242 0.528747 0.088232 0.151640
1.0 0.498675 0.377950 0.032955 0.079141
0.0 0.413382 0.564114 0.049030 0.089404
0.0 0.563514 0.574363 0.053175 0.086821
0.0 0.462532 0.399680 0.015370 0.037706
0.0 0.599590 0.577986 0.022694 0.086821
1.0 0.734633 0.528747 0.088232 0.151640
1.0 0.723200 0.377950 0.032955 0.079141
0.0 0.808493 0.564114 0.049030 0.089404
0.0 0.658361 0.574363 0.053175 0.086821
0.0 0.759343 0.399680 0.015370 0.037706
0.0 0.622285 0.577986 0.022694 0.086821
1.0 0.931383 0.528747 0.088232 0.151640
1.0 0.942815 0.377950 0.032955 0.079141
0.0 0.857523 0.564114 0.049030 0.089404
0.0 0.990533 0.574363 0.018933 0.086821
0.0 0.906672 0.399680 0.015370 0.037706
1.0 0.043609 0.991119 0.087217 0.017761
0.0 0.119373 0.984516 0.053175 0.030967
0.0 0.155450 0.982705 0.022694 0.034590
1.0 0.290492 0.991119 0.088232 0.017761
0.0 0.364352 0.988995 0.049030 0.022011
0.0 0.214220 0.984516 0.053175 0.030967
0.0 0.178144 0.982705 0.022694 0.034590
1.0 0.487242 0.991119 0.088232 0.017761
0.0 0.413382 0.988995 0.049030 0.022011
0.0 0.563514 0.984516 0.053175 0.030967
0.0 0.599590 0.982705 0.022694 0.034590
1.0 0.734633 0.991119 0.088232 0.017761
0.0 0.808493 0.988995 0.049030 0.022011
0.0 0.658361 0.984516 0.053175 0.030967
0.0 0.622285 0.982705 0.022694 0.034590
1.0 0.931383 0.991119 0.088232 0.017761
0.0 0.857523 0.988995 0.049030 0.022011
0.0 0.990533 0.984516 0.018933 0.030967
