0.0 0.052141 0.090085 0.104282 0.158629
0.0 0.312273 0.069540 0.115037 0.139080
0.0 0.174528 0.090085 0.120120 0.158629
0.0 0.427310 0.069540 0.115037 0.139080
0.0 0.565055 0.090085 0.120120 0.158629
0.0 0.833106 0.069540 0.115037 0.139080
0.0 0.695361 0.090085 0.120120 0.158629
0.0 0.945312 0.069540 0.109375 0.139080
0.0 0.052141 0.446952 0.104282 0.158629
0.0 0.084912 0.661781 0.048925 0.139402
0.0 0.312273 0.555165 0.115037 0.314415
0.0 0.174528 0.446952 0.120120 0.158629
0.0 0.133838 0.661781 0.048925 0.139402
0.0 0.427310 0.555165 0.115037 0.314415
0.0 0.565055 0.446952 0.120120 0.158629
0.0 0.605746 0.661781 0.048925 0.139402
0.0 0.833106 0.555165 0.115037 0.314415
0.0 0.695361 0.446952 0.120120 0.158629
0.0 0.654671 0.661781 0.048925 0.139402
0.0 0.945312 0.555165 0.109375 0.314415
0.0 0.052141 0.968348 0.104282 0.063303
0.0 0.084912 0.801182 0.048925 0.139402
0.0 0.312273 0.875295 0.115037 0.249409
0.0 0.174528 0.968348 0.120120 0.063303
0.0 0.133838 0.801182 0.048925 0.139402
0.0 0.427310 0.875295 0.115037 0.249409
0.0 0.565055 0.968348 0.120120 0.063303
0.0 0.605746 0.801182 0.048925 0.139402
0.0 0.833106 0.875295 0.115037 0.249409
0.0 0.695361 0.968348 0.120120 0.063303
0.0 0.654671 0.801182 0.048925 0.139402
0.0 0.945312 0.875295 0.109375 0.249409
