1.0 0.067708 0.455556 0.038021 0.075926
1.0 0.044792 0.457870 0.025521 0.071296
0.0 0.054167 0.489352 0.020833 0.020370
0.0 0.081510 0.486111 0.018229 0.017593
1.0 0.241667 0.455556 0.038021 0.075926
1.0 0.264583 0.457870 0.025521 0.071296
1.0 0.332552 0.461806 0.035938 0.053241
1.0 0.342578 0.461806 0.017969 0.048611
0.0 0.255208 0.489352 0.020833 0.020370
0.0 0.227865 0.486111 0.018229 0.017593
1.0 0.528125 0.455556 0.038021 0.075926
1.0 0.505208 0.457870 0.025521 0.071296
1.0 0.437240 0.461806 0.035938 0.053241
1.0 0.427214 0.461806 0.017969 0.048611
0.0 0.514583 0.489352 0.020833 0.020370
0.0 0.541927 0.486111 0.018229 0.017593
1.0 0.702083 0.455556 0.038021 0.075926
1.0 0.725000 0.457870 0.025521 0.071296
1.0 0.792969 0.461806 0.035938 0.053241
1.0 0.802995 0.461806 0.017969 0.048611
0.0 0.715625 0.489352 0.020833 0.020370
0.0 0.688281 0.486111 0.018229 0.017593
1.0 0.984766 0.455556 0.030469 0.075926
1.0 0.965625 0.457870 0.025521 0.071296
1.0 0.897656 0.461806 0.035938 0.053241
1.0 0.887630 0.461806 0.017969 0.048611
0.0 0.975000 0.489352 0.020833 0.020370
0.0 0.996615 0.486111 0.006771 0.017593
