1.0 0.121582 0.116667 0.032617 0.054167
0.0 0.116211 0.093253 0.024275 0.030753
0.0 0.065012 0.115823 0.018416 0.025299
1.0 0.078684 0.131698 0.026785 0.042163
1.0 0.292480 0.116667 0.032617 0.054167
0.0 0.297852 0.093253 0.024275 0.030753
0.0 0.349051 0.115823 0.018416 0.025299
1.0 0.335379 0.131698 0.026785 0.042163
1.0 0.512207 0.116667 0.032617 0.054167
0.0 0.506836 0.093253 0.024275 0.030753
0.0 0.455637 0.115823 0.018416 0.025299
1.0 0.469309 0.131698 0.026785 0.042163
1.0 0.683105 0.116667 0.032617 0.054167
0.0 0.688477 0.093253 0.024275 0.030753
0.0 0.739676 0.115823 0.018416 0.025299
1.0 0.726004 0.131698 0.026785 0.042163
1.0 0.902832 0.116667 0.032617 0.054167
0.0 0.897461 0.093253 0.024275 0.030753
0.0 0.846262 0.115823 0.018416 0.025299
1.0 0.859934 0.131698 0.026785 0.042163
1.0 0.121582 0.536111 0.032617 0.054167
0.0 0.116211 0.559524 0.024275 0.030753
0.0 0.065012 0.536955 0.018416 0.025299
1.0 0.078684 0.521080 0.026785 0.042163
1.0 0.292480 0.536111 0.032617 0.054167
0.0 0.297852 0.559524 0.024275 0.030753
0.0 0.349051 0.536955 0.018416 0.025299
1.0 0.335379 0.521080 0.026785 0.042163
1.0 0.512207 0.536111 0.032617 0.054167
0.0 0.506836 0.559524 0.024275 0.030753
0.0 0.455637 0.536955 0.018416 0.025299
1.0 0.469309 0.521080 0.026785 0.042163
1.0 0.683105 0.536111 0.032617 0.054167
0.0 0.688477 0.559524 0.024275 0.030753
0.0 0.739676 0.536955 0.018416 0.025299
1.0 0.726004 0.521080 0.026785 0.042163
1.0 0.902832 0.536111 0.032617 0.054167
0.0 0.897461 0.559524 0.024275 0.030753
0.0 0.846262 0.536955 0.018416 0.025299
1.0 0.859934 0.521080 0.026785 0.042163
1.0 0.121582 0.811111 0.032617 0.054167
0.0 0.116211 0.787698 0.024275 0.030753
0.0 0.065012 0.810267 0.018416 0.025299
1.0 0.078684 0.826142 0.026785 0.042163
1.0 0.292480 0.811111 0.032617 0.054167
0.0 0.297852 0.787698 0.024275 0.030753
0.0 0.349051 0.810267 0.018416 0.025299
1.0 0.335379 0.826142 0.026785 0.042163
1.0 0.512207 0.811111 0.032617 0.054167
0.0 0.506836 0.787698 0.024275 0.030753
0.0 0.455637 0.810267 0.018416 0.025299
1.0 0.469309 0.826142 0.026785 0.042163
1.0 0.683105 0.811111 0.032617 0.054167
0.0 0.688477 0.787698 0.024275 0.030753
0.0 0.739676 0.810267 0.018416 0.025299
1.0 0.726004 0.826142 0.026785 0.042163
1.0 0.902832 0.811111 0.032617 0.054167
0.0 0.897461 0.787698 0.024275 0.030753
0.0 0.846262 0.810267 0.018416 0.025299
1.0 0.859934 0.826142 0.026785 0.042163
