1.0 0.023902 0.011046 0.047803 0.022092
0.0 0.088092 0.022569 0.061443 0.045139
0.0 0.023216 0.002842 0.041625 0.005683
1.0 0.305866 0.016826 0.120574 0.033652
1.0 0.238402 0.011046 0.072411 0.022092
0.0 0.161908 0.022569 0.061443 0.045139
0.0 0.226784 0.002842 0.041625 0.005683
1.0 0.444134 0.016826 0.120574 0.033652
1.0 0.511598 0.011046 0.072411 0.022092
0.0 0.588092 0.022569 0.061443 0.045139
0.0 0.523216 0.002842 0.041625 0.005683
1.0 0.805866 0.016826 0.120574 0.033652
1.0 0.738402 0.011046 0.072411 0.022092
0.0 0.661908 0.022569 0.061443 0.045139
0.0 0.726784 0.002842 0.041625 0.005683
1.0 0.941924 0.016826 0.116153 0.033652
1.0 0.023902 0.158804 0.047803 0.181238
0.0 0.088092 0.076528 0.061443 0.062778
0.0 0.023216 0.119541 0.041625 0.069893
1.0 0.305866 0.163251 0.120574 0.213250
1.0 0.238402 0.158804 0.072411 0.181238
0.0 0.161908 0.076528 0.061443 0.062778
0.0 0.330528 0.119276 0.031353 0.052782
0.0 0.226784 0.119541 0.041625 0.069893
1.0 0.444134 0.163251 0.120574 0.213250
1.0 0.511598 0.158804 0.072411 0.181238
0.0 0.588092 0.076528 0.061443 0.062778
0.0 0.419472 0.119276 0.031353 0.052782
0.0 0.523216 0.119541 0.041625 0.069893
1.0 0.805866 0.163251 0.120574 0.213250
1.0 0.738402 0.158804 0.072411 0.181238
0.0 0.661908 0.076528 0.061443 0.062778
0.0 0.830528 0.119276 0.031353 0.052782
0.0 0.726784 0.119541 0.041625 0.069893
1.0 0.941924 0.163251 0.116153 0.213250
1.0 0.987696 0.158804 0.024608 0.181238
0.0 0.919472 0.119276 0.031353 0.052782
1.0 0.023902 0.537723 0.047803 0.181238
0.0 0.088092 0.620000 0.061443 0.062778
0.0 0.023216 0.576987 0.041625 0.069893
1.0 0.305866 0.533277 0.120574 0.213250
1.0 0.238402 0.537723 0.072411 0.181238
0.0 0.161908 0.620000 0.061443 0.062778
0.0 0.330528 0.577252 0.031353 0.052782
0.0 0.226784 0.576987 0.041625 0.069893
1.0 0.444134 0.533277 0.120574 0.213250
1.0 0.511598 0.537723 0.072411 0.181238
0.0 0.588092 0.620000 0.061443 0.062778
0.0 0.419472 0.577252 0.031353 0.052782
0.0 0.523216 0.576987 0.041625 0.069893
1.0 0.805866 0.533277 0.120574 0.213250
1.0 0.738402 0.537723 0.072411 0.181238
0.0 0.661908 0.620000 0.061443 0.062778
0.0 0.830528 0.577252 0.031353 0.052782
0.0 0.726784 0.576987 0.041625 0.069893
1.0 0.941924 0.533277 0.116153 0.213250
1.0 0.987696 0.537723 0.024608 0.181238
0.0 0.919472 0.577252 0.031353 0.052782
1.0 0.023902 0.765054 0.047803 0.181238
0.0 0.088092 0.682778 0.061443 0.062778
0.0 0.023216 0.725791 0.041625 0.069893
1.0 0.305866 0.769501 0.120574 0.213250
1.0 0.238402 0.765054 0.072411 0.181238
0.0 0.161908 0.682778 0.061443 0.062778
0.0 0.330528 0.725526 0.031353 0.052782
0.0 0.226784 0.725791 0.041625 0.069893
1.0 0.444134 0.769501 0.120574 0.213250
1.0 0.511598 0.765054 0.072411 0.181238
0.0 0.588092 0.682778 0.061443 0.062778
0.0 0.419472 0.725526 0.031353 0.052782
0.0 0.523216 0.725791 0.041625 0.069893
1.0 0.805866 0.769501 0.120574 0.213250
1.0 0.738402 0.765054 0.072411 0.181238
0.0 0.661908 0.682778 0.061443 0.062778
0.0 0.830528 0.725526 0.031353 0.052782
0.0 0.726784 0.725791 0.041625 0.069893
1.0 0.941924 0.769501 0.116153 0.213250
1.0 0.987696 0.765054 0.024608 0.181238
0.0 0.919472 0.725526 0.031353 0.052782
