0.0 0.003790 0.073337 0.007580 0.050403
1.0 0.235918 0.162477 0.126832 0.255026
0.0 0.270327 0.036160 0.166376 0.072320
0.0 0.171918 0.073337 0.116810 0.050403
1.0 0.471113 0.162477 0.126832 0.255026
0.0 0.436704 0.036160 0.166376 0.072320
0.0 0.535113 0.073337 0.116810 0.050403
1.0 0.821856 0.162477 0.126832 0.255026
0.0 0.856265 0.036160 0.166376 0.072320
0.0 0.757856 0.073337 0.116810 0.050403
1.0 0.996817 0.162477 0.006366 0.255026
0.0 0.969727 0.036160 0.060547 0.072320
0.0 0.003790 0.544024 0.007580 0.050403
1.0 0.235918 0.454884 0.126832 0.255026
0.0 0.270327 0.582191 0.166376 0.074299
0.0 0.171918 0.544024 0.116810 0.050403
1.0 0.471113 0.454884 0.126832 0.255026
0.0 0.436704 0.582191 0.166376 0.074299
0.0 0.535113 0.544024 0.116810 0.050403
1.0 0.821856 0.454884 0.126832 0.255026
0.0 0.856265 0.582191 0.166376 0.074299
0.0 0.757856 0.544024 0.116810 0.050403
1.0 0.996817 0.454884 0.006366 0.255026
0.0 0.969727 0.582191 0.060547 0.074299
0.0 0.003790 0.837921 0.007580 0.050403
1.0 0.235918 0.899774 0.126832 0.200453
0.0 0.270327 0.799754 0.166376 0.074299
0.0 0.171918 0.837921 0.116810 0.050403
1.0 0.471113 0.899774 0.126832 0.200453
0.0 0.436704 0.799754 0.166376 0.074299
0.0 0.535113 0.837921 0.116810 0.050403
1.0 0.821856 0.899774 0.126832 0.200453
0.0 0.856265 0.799754 0.166376 0.074299
0.0 0.757856 0.837921 0.116810 0.050403
0.0 0.969727 0.799754 0.060547 0.074299
