1.0 0.026983 0.210069 0.053966 0.024307
1.0 0.159848 0.208614 0.100698 0.027216
1.0 0.187806 0.014282 0.155637 0.028563
1.0 0.035173 0.028830 0.070345 0.057661
1.0 0.024997 0.042064 0.049994 0.032610
1.0 0.154304 0.020143 0.100698 0.040286
1.0 0.516146 0.210069 0.077723 0.024307
1.0 0.371402 0.208614 0.100698 0.027216
1.0 0.343444 0.014282 0.155637 0.028563
1.0 0.546809 0.028830 0.171808 0.057661
1.0 0.520117 0.042064 0.077723 0.032610
1.0 0.376946 0.020143 0.100698 0.040286
1.0 0.952604 0.210069 0.077723 0.024307
1.0 0.918018 0.028830 0.163963 0.057661
1.0 0.948633 0.042064 0.077723 0.032610
1.0 0.026983 0.234376 0.053966 0.024307
1.0 0.159848 0.235830 0.100698 0.027216
1.0 0.187806 0.512315 0.155637 0.192867
1.0 0.035173 0.489932 0.070345 0.206295
1.0 0.024997 0.402381 0.049994 0.032610
1.0 0.154304 0.446953 0.100698 0.085588
0.0 0.247459 0.596260 0.036333 0.055431
0.0 0.208295 0.671974 0.033183 0.048186
0.0 0.010159 0.602833 0.020319 0.054407
1.0 0.516146 0.234376 0.077723 0.024307
1.0 0.371402 0.235830 0.100698 0.027216
1.0 0.343444 0.512315 0.155637 0.192867
1.0 0.546809 0.489932 0.171808 0.206295
1.0 0.520117 0.402381 0.077723 0.032610
1.0 0.376946 0.446953 0.100698 0.085588
0.0 0.614062 0.564833 0.042337 0.062140
0.0 0.283791 0.596260 0.036333 0.055431
0.0 0.322955 0.671974 0.033183 0.048186
0.0 0.625159 0.732523 0.025003 0.032088
0.0 0.529686 0.602833 0.037510 0.054407
0.0 0.626097 0.767462 0.025003 0.020631
1.0 0.952604 0.234376 0.077723 0.024307
1.0 0.918018 0.489932 0.163963 0.206295
1.0 0.948633 0.402381 0.077723 0.032610
0.0 0.854688 0.564833 0.042337 0.062140
0.0 0.843591 0.732523 0.025003 0.032088
0.0 0.939064 0.602833 0.037510 0.054407
0.0 0.842653 0.767462 0.025003 0.020631
1.0 0.187806 0.973404 0.155637 0.053193
1.0 0.035173 0.981238 0.070345 0.037524
0.0 0.247459 0.959295 0.036333 0.055431
0.0 0.208295 0.883581 0.033183 0.048186
0.0 0.010159 0.952722 0.020319 0.054407
1.0 0.343444 0.973404 0.155637 0.053193
1.0 0.546809 0.981238 0.171808 0.037524
0.0 0.614062 0.979826 0.042337 0.040348
0.0 0.283791 0.959295 0.036333 0.055431
0.0 0.322955 0.883581 0.033183 0.048186
0.0 0.625159 0.823033 0.025003 0.032088
0.0 0.529686 0.952722 0.037510 0.054407
0.0 0.626097 0.788093 0.025003 0.020631
1.0 0.918018 0.981238 0.163963 0.037524
0.0 0.854688 0.979826 0.042337 0.040348
0.0 0.843591 0.823033 0.025003 0.032088
0.0 0.939064 0.952722 0.037510 0.054407
0.0 0.842653 0.788093 0.025003 0.020631
