0.0 0.222754 0.026910 0.045117 0.053819
0.0 0.086426 0.009548 0.076498 0.019095
1.0 0.148438 0.145544 0.220053 0.291089
0.0 0.222461 0.028646 0.050000 0.057292
0.0 0.425684 0.026910 0.045117 0.053819
0.0 0.562012 0.009548 0.076498 0.019095
1.0 0.500000 0.145544 0.220053 0.291089
0.0 0.425977 0.028646 0.050000 0.057292
0.0 0.925879 0.026910 0.045117 0.053819
0.0 0.789551 0.009548 0.076498 0.019095
1.0 0.851562 0.145544 0.220053 0.291089
0.0 0.925586 0.028646 0.050000 0.057292
0.0 0.222754 0.563715 0.045117 0.068403
0.0 0.086426 0.612559 0.076498 0.096642
1.0 0.148438 0.459490 0.220053 0.334490
0.0 0.140820 0.675694 0.032422 0.049306
0.0 0.287402 0.609375 0.033398 0.050694
0.0 0.222461 0.557639 0.050000 0.063194
0.0 0.425684 0.563715 0.045117 0.068403
0.0 0.562012 0.612559 0.076498 0.096642
1.0 0.500000 0.459490 0.220053 0.334490
0.0 0.507617 0.675694 0.032422 0.049306
0.0 0.361035 0.609375 0.033398 0.050694
0.0 0.425977 0.557639 0.050000 0.063194
0.0 0.925879 0.563715 0.045117 0.068403
0.0 0.789551 0.612559 0.076498 0.096642
1.0 0.851562 0.459490 0.220053 0.334490
0.0 0.843945 0.675694 0.032422 0.049306
0.0 0.986914 0.609375 0.026172 0.050694
0.0 0.925586 0.557639 0.050000 0.063194
0.0 0.222754 0.852951 0.045117 0.068403
0.0 0.086426 0.804108 0.076498 0.096642
1.0 0.148438 0.894966 0.220053 0.210068
0.0 0.140820 0.740972 0.032422 0.049306
0.0 0.287402 0.807292 0.033398 0.050694
0.0 0.222461 0.859028 0.050000 0.063194
0.0 0.425684 0.852951 0.045117 0.068403
0.0 0.562012 0.804108 0.076498 0.096642
1.0 0.500000 0.894966 0.220053 0.210068
0.0 0.507617 0.740972 0.032422 0.049306
0.0 0.361035 0.807292 0.033398 0.050694
0.0 0.425977 0.859028 0.050000 0.063194
0.0 0.925879 0.852951 0.045117 0.068403
0.0 0.789551 0.804108 0.076498 0.096642
1.0 0.851562 0.894966 0.220053 0.210068
0.0 0.843945 0.740972 0.032422 0.049306
0.0 0.986914 0.807292 0.026172 0.050694
0.0 0.925586 0.859028 0.050000 0.063194
