0.0 0.005962 0.009439 0.011924 0.018878
0.0 0.096320 0.009439 0.075863 0.018878
0.0 0.239617 0.009439 0.075863 0.018878
0.0 0.361945 0.009439 0.075863 0.018878
0.0 0.505242 0.009439 0.075863 0.018878
0.0 0.627570 0.009439 0.075863 0.018878
0.0 0.770867 0.009439 0.075863 0.018878
0.0 0.893195 0.009439 0.075863 0.018878
0.0 0.004420 0.123958 0.008841 0.032163
0.0 0.005962 0.066941 0.011924 0.043861
0.0 0.094881 0.123958 0.066818 0.032163
0.0 0.096320 0.066941 0.075863 0.043861
0.0 0.241057 0.123958 0.066818 0.032163
0.0 0.239617 0.066941 0.075863 0.043861
0.0 0.360506 0.123958 0.066818 0.032163
0.0 0.361945 0.066941 0.075863 0.043861
0.0 0.506682 0.123958 0.066818 0.032163
0.0 0.505242 0.066941 0.075863 0.043861
0.0 0.626131 0.123958 0.066818 0.032163
0.0 0.627570 0.066941 0.075863 0.043861
0.0 0.772307 0.123958 0.066818 0.032163
0.0 0.770867 0.066941 0.075863 0.043861
0.0 0.891756 0.123958 0.066818 0.032163
0.0 0.893195 0.066941 0.075863 0.043861
0.0 0.004420 0.207292 0.008841 0.032163
0.0 0.005962 0.264309 0.011924 0.043861
0.0 0.094881 0.207292 0.066818 0.032163
0.0 0.096320 0.264309 0.075863 0.043861
0.0 0.241057 0.207292 0.066818 0.032163
0.0 0.239617 0.264309 0.075863 0.043861
0.0 0.360506 0.207292 0.066818 0.032163
0.0 0.361945 0.264309 0.075863 0.043861
0.0 0.506682 0.207292 0.066818 0.032163
0.0 0.505242 0.264309 0.075863 0.043861
0.0 0.626131 0.207292 0.066818 0.032163
0.0 0.627570 0.264309 0.075863 0.043861
0.0 0.772307 0.207292 0.066818 0.032163
0.0 0.770867 0.264309 0.075863 0.043861
0.0 0.891756 0.207292 0.066818 0.032163
0.0 0.893195 0.264309 0.075863 0.043861
0.0 0.004420 0.391319 0.008841 0.032163
0.0 0.005962 0.334302 0.011924 0.043861
0.0 0.094881 0.391319 0.066818 0.032163
0.0 0.096320 0.334302 0.075863 0.043861
0.0 0.241057 0.391319 0.066818 0.032163
0.0 0.239617 0.334302 0.075863 0.043861
0.0 0.360506 0.391319 0.066818 0.032163
0.0 0.361945 0.334302 0.075863 0.043861
0.0 0.506682 0.391319 0.066818 0.032163
0.0 0.505242 0.334302 0.075863 0.043861
0.0 0.626131 0.391319 0.066818 0.032163
0.0 0.627570 0.334302 0.075863 0.043861
0.0 0.772307 0.391319 0.066818 0.032163
0.0 0.770867 0.334302 0.075863 0.043861
0.0 0.891756 0.391319 0.066818 0.032163
0.0 0.893195 0.334302 0.075863 0.043861
0.0 0.004420 0.474653 0.008841 0.032163
0.0 0.005962 0.531670 0.011924 0.043861
0.0 0.094881 0.474653 0.066818 0.032163
0.0 0.096320 0.531670 0.075863 0.043861
0.0 0.241057 0.474653 0.066818 0.032163
0.0 0.239617 0.531670 0.075863 0.043861
0.0 0.360506 0.474653 0.066818 0.032163
0.0 0.361945 0.531670 0.075863 0.043861
0.0 0.506682 0.474653 0.066818 0.032163
0.0 0.505242 0.531670 0.075863 0.043861
0.0 0.626131 0.474653 0.066818 0.032163
0.0 0.627570 0.531670 0.075863 0.043861
0.0 0.772307 0.474653 0.066818 0.032163
0.0 0.770867 0.531670 0.075863 0.043861
0.0 0.891756 0.474653 0.066818 0.032163
0.0 0.893195 0.531670 0.075863 0.043861
0.0 0.004420 0.658681 0.008841 0.032163
0.0 0.005962 0.601663 0.011924 0.043861
0.0 0.094881 0.658681 0.066818 0.032163
0.0 0.096320 0.601663 0.075863 0.043861
0.0 0.241057 0.658681 0.066818 0.032163
0.0 0.239617 0.601663 0.075863 0.043861
0.0 0.360506 0.658681 0.066818 0.032163
0.0 0.361945 0.601663 0.075863 0.043861
0.0 0.506682 0.658681 0.066818 0.032163
0.0 0.505242 0.601663 0.075863 0.043861
0.0 0.626131 0.658681 0.066818 0.032163
0.0 0.627570 0.601663 0.075863 0.043861
0.0 0.772307 0.658681 0.066818 0.032163
0.0 0.770867 0.601663 0.075863 0.043861
0.0 0.891756 0.658681 0.066818 0.032163
0.0 0.893195 0.601663 0.075863 0.043861
0.0 0.004420 0.742014 0.008841 0.032163
0.0 0.005962 0.799031 0.011924 0.043861
0.0 0.094881 0.742014 0.066818 0.032163
0.0 0.096320 0.799031 0.075863 0.043861
0.0 0.241057 0.742014 0.066818 0.032163
0.0 0.239617 0.799031 0.075863 0.043861
0.0 0.360506 0.742014 0.066818 0.032163
0.0 0.361945 0.799031 0.075863 0.043861
0.0 0.506682 0.742014 0.066818 0.032163
0.0 0.505242 0.799031 0.075863 0.043861
0.0 0.626131 0.742014 0.066818 0.032163
0.0 0.627570 0.799031 0.075863 0.043861
0.0 0.772307 0.742014 0.066818 0.032163
0.0 0.770867 0.799031 0.075863 0.043861
0.0 0.891756 0.742014 0.066818 0.032163
0.0 0.893195 0.799031 0.075863 0.043861
0.0 0.004420 0.926042 0.008841 0.032163
0.0 0.005962 0.869024 0.011924 0.043861
0.0 0.094881 0.926042 0.066818 0.032163
0.0 0.096320 0.869024 0.075863 0.043861
0.0 0.241057 0.926042 0.066818 0.032163
0.0 0.239617 0.869024 0.075863 0.043861
0.0 0.360506 0.926042 0.066818 0.032163
0.0 0.361945 0.869024 0.075863 0.043861
0.0 0.506682 0.926042 0.066818 0.032163
0.0 0.505242 0.869024 0.075863 0.043861
0.0 0.626131 0.926042 0.066818 0.032163
0.0 0.627570 0.869024 0.075863 0.043861
0.0 0.772307 0.926042 0.066818 0.032163
0.0 0.770867 0.869024 0.075863 0.043861
0.0 0.891756 0.926042 0.066818 0.032163
0.0 0.893195 0.869024 0.075863 0.043861
0.0 0.094881 0.996647 0.066818 0.006707
0.0 0.241057 0.996647 0.066818 0.006707
0.0 0.360506 0.996647 0.066818 0.006707
0.0 0.506682 0.996647 0.066818 0.006707
0.0 0.626131 0.996647 0.066818 0.006707
0.0 0.772307 0.996647 0.066818 0.006707
0.0 0.891756 0.996647 0.066818 0.006707
