0.0 0.264408 0.008385 0.043054 0.016769
1.0 0.186278 0.014895 0.193125 0.029791
0.0 0.423092 0.008385 0.043054 0.016769
1.0 0.501222 0.014895 0.193125 0.029791
0.0 0.889408 0.008385 0.043054 0.016769
1.0 0.811278 0.014895 0.193125 0.029791
0.0 0.264408 0.301661 0.043054 0.118342
1.0 0.186278 0.436291 0.193125 0.413644
0.0 0.245716 0.602324 0.039374 0.114888
0.0 0.423092 0.301661 0.043054 0.118342
1.0 0.501222 0.436291 0.193125 0.413644
0.0 0.441784 0.602324 0.039374 0.114888
0.0 0.889408 0.301661 0.043054 0.118342
1.0 0.811278 0.436291 0.193125 0.413644
0.0 0.870716 0.602324 0.039374 0.114888
