0.0 0.006077 0.041861 0.012153 0.064042
1.0 0.174219 0.009896 0.045703 0.019792
1.0 0.258594 0.007118 0.048828 0.014236
0.0 0.203992 0.041861 0.190104 0.064042
0.0 0.204318 0.010128 0.170355 0.020255
1.0 0.532812 0.009896 0.045703 0.019792
1.0 0.448438 0.007118 0.048828 0.014236
0.0 0.503039 0.041861 0.190104 0.064042
0.0 0.502713 0.010128 0.170355 0.020255
1.0 0.760156 0.009896 0.045703 0.019792
1.0 0.844531 0.007118 0.048828 0.014236
0.0 0.789930 0.041861 0.190104 0.064042
0.0 0.790256 0.010128 0.170355 0.020255
0.0 0.006077 0.131056 0.012153 0.064042
1.0 0.174219 0.256944 0.045703 0.207639
1.0 0.258594 0.260417 0.048828 0.203472
0.0 0.203992 0.131056 0.190104 0.064042
0.0 0.204318 0.178510 0.170355 0.051698
1.0 0.532812 0.256944 0.045703 0.207639
1.0 0.448438 0.260417 0.048828 0.203472
0.0 0.503039 0.131056 0.190104 0.064042
0.0 0.502713 0.178510 0.170355 0.051698
1.0 0.760156 0.256944 0.045703 0.207639
1.0 0.844531 0.260417 0.048828 0.203472
0.0 0.789930 0.131056 0.190104 0.064042
0.0 0.790256 0.178510 0.170355 0.051698
0.0 0.006077 0.593250 0.012153 0.064042
1.0 0.174219 0.467361 0.045703 0.207639
1.0 0.258594 0.463889 0.048828 0.203472
0.0 0.203992 0.593250 0.190104 0.064042
0.0 0.204318 0.545795 0.170355 0.051698
1.0 0.532812 0.467361 0.045703 0.207639
1.0 0.448438 0.463889 0.048828 0.203472
0.0 0.503039 0.593250 0.190104 0.064042
0.0 0.502713 0.545795 0.170355 0.051698
1.0 0.760156 0.467361 0.045703 0.207639
1.0 0.844531 0.463889 0.048828 0.203472
0.0 0.789930 0.593250 0.190104 0.064042
0.0 0.790256 0.545795 0.170355 0.051698
0.0 0.006077 0.682444 0.012153 0.064042
1.0 0.174219 0.808333 0.045703 0.207639
1.0 0.258594 0.811806 0.048828 0.203472
0.0 0.203992 0.682444 0.190104 0.064042
0.0 0.204318 0.729899 0.170355 0.051698
1.0 0.532812 0.808333 0.045703 0.207639
1.0 0.448438 0.811806 0.048828 0.203472
0.0 0.503039 0.682444 0.190104 0.064042
0.0 0.502713 0.729899 0.170355 0.051698
1.0 0.760156 0.808333 0.045703 0.207639
1.0 0.844531 0.811806 0.048828 0.203472
0.0 0.789930 0.682444 0.190104 0.064042
0.0 0.790256 0.729899 0.170355 0.051698
1.0 0.174219 0.957465 0.045703 0.085069
1.0 0.258594 0.956771 0.048828 0.086458
1.0 0.532812 0.957465 0.045703 0.085069
1.0 0.448438 0.956771 0.048828 0.086458
1.0 0.760156 0.957465 0.045703 0.085069
1.0 0.844531 0.956771 0.048828 0.086458
