1.0 0.074219 0.041667 0.148438 0.083333
0.0 0.054518 0.041667 0.109036 0.083333
0.0 0.125607 0.028081 0.045662 0.056163
1.0 0.223644 0.041667 0.150412 0.083333
0.0 0.252923 0.041667 0.130167 0.083333
0.0 0.171268 0.028081 0.045662 0.056163
1.0 0.541981 0.041667 0.150412 0.083333
0.0 0.512702 0.041667 0.130167 0.083333
0.0 0.594357 0.028081 0.045662 0.056163
1.0 0.692394 0.041667 0.150412 0.083333
0.0 0.721673 0.041667 0.130167 0.083333
0.0 0.640018 0.028081 0.045662 0.056163
1.0 0.967763 0.041667 0.064475 0.083333
0.0 0.958184 0.041667 0.083632 0.083333
1.0 0.074219 0.219626 0.148438 0.272585
0.0 0.054518 0.131042 0.109036 0.095417
0.0 0.125607 0.178584 0.045662 0.136160
1.0 0.223644 0.219626 0.150412 0.272585
0.0 0.252923 0.131042 0.130167 0.095417
0.0 0.171268 0.178584 0.045662 0.136160
1.0 0.541981 0.219626 0.150412 0.272585
0.0 0.512702 0.131042 0.130167 0.095417
0.0 0.594357 0.178584 0.045662 0.136160
1.0 0.692394 0.219626 0.150412 0.272585
0.0 0.721673 0.131042 0.130167 0.095417
0.0 0.640018 0.178584 0.045662 0.136160
1.0 0.967763 0.219626 0.064475 0.272585
0.0 0.958184 0.131042 0.083632 0.095417
1.0 0.074219 0.502596 0.148438 0.272585
0.0 0.054518 0.591181 0.109036 0.095417
0.0 0.125607 0.543638 0.045662 0.136160
1.0 0.223644 0.502596 0.150412 0.272585
0.0 0.252923 0.591181 0.130167 0.095417
0.0 0.171268 0.543638 0.045662 0.136160
1.0 0.541981 0.502596 0.150412 0.272585
0.0 0.512702 0.591181 0.130167 0.095417
0.0 0.594357 0.543638 0.045662 0.136160
1.0 0.692394 0.502596 0.150412 0.272585
0.0 0.721673 0.591181 0.130167 0.095417
0.0 0.640018 0.543638 0.045662 0.136160
1.0 0.967763 0.502596 0.064475 0.272585
0.0 0.958184 0.591181 0.083632 0.095417
1.0 0.074219 0.775181 0.148438 0.272585
0.0 0.054518 0.686597 0.109036 0.095417
0.0 0.125607 0.734139 0.045662 0.136160
1.0 0.223644 0.775181 0.150412 0.272585
0.0 0.252923 0.686597 0.130167 0.095417
0.0 0.171268 0.734139 0.045662 0.136160
1.0 0.541981 0.775181 0.150412 0.272585
0.0 0.512702 0.686597 0.130167 0.095417
0.0 0.594357 0.734139 0.045662 0.136160
1.0 0.692394 0.775181 0.150412 0.272585
0.0 0.721673 0.686597 0.130167 0.095417
0.0 0.640018 0.734139 0.045662 0.136160
1.0 0.967763 0.775181 0.064475 0.272585
0.0 0.958184 0.686597 0.083632 0.095417
1.0 0.074219 0.960930 0.148438 0.078141
1.0 0.223644 0.960930 0.150412 0.078141
1.0 0.541981 0.960930 0.150412 0.078141
1.0 0.692394 0.960930 0.150412 0.078141
1.0 0.967763 0.960930 0.064475 0.078141
