1.0 0.066808 0.253657 0.024337 0.023936
1.0 0.065812 0.250524 0.018304 0.017418
1.0 0.151942 0.253657 0.024337 0.023936
1.0 0.152938 0.250524 0.018304 0.017418
1.0 0.379308 0.253657 0.024337 0.023936
1.0 0.378312 0.250524 0.018304 0.017418
1.0 0.464442 0.253657 0.024337 0.023936
1.0 0.465438 0.250524 0.018304 0.017418
1.0 0.691808 0.253657 0.024337 0.023936
1.0 0.690812 0.250524 0.018304 0.017418
1.0 0.776942 0.253657 0.024337 0.023936
1.0 0.777938 0.250524 0.018304 0.017418
1.0 0.996070 0.253657 0.007861 0.023936
1.0 0.997080 0.250524 0.005840 0.017418
1.0 0.066808 0.277593 0.024337 0.023936
1.0 0.065812 0.280726 0.018304 0.017418
1.0 0.151942 0.277593 0.024337 0.023936
1.0 0.152938 0.280726 0.018304 0.017418
1.0 0.379308 0.277593 0.024337 0.023936
1.0 0.378312 0.280726 0.018304 0.017418
1.0 0.464442 0.277593 0.024337 0.023936
1.0 0.465438 0.280726 0.018304 0.017418
1.0 0.691808 0.277593 0.024337 0.023936
1.0 0.690812 0.280726 0.018304 0.017418
1.0 0.776942 0.277593 0.024337 0.023936
1.0 0.777938 0.280726 0.018304 0.017418
1.0 0.996070 0.277593 0.007861 0.023936
1.0 0.997080 0.280726 0.005840 0.017418
1.0 0.066808 0.566157 0.024337 0.023936
1.0 0.065812 0.563024 0.018304 0.017418
1.0 0.151942 0.566157 0.024337 0.023936
1.0 0.152938 0.563024 0.018304 0.017418
1.0 0.379308 0.566157 0.024337 0.023936
1.0 0.378312 0.563024 0.018304 0.017418
1.0 0.464442 0.566157 0.024337 0.023936
1.0 0.465438 0.563024 0.018304 0.017418
1.0 0.691808 0.566157 0.024337 0.023936
1.0 0.690812 0.563024 0.018304 0.017418
1.0 0.776942 0.566157 0.024337 0.023936
1.0 0.777938 0.563024 0.018304 0.017418
1.0 0.996070 0.566157 0.007861 0.023936
1.0 0.997080 0.563024 0.005840 0.017418
1.0 0.066808 0.590093 0.024337 0.023936
1.0 0.065812 0.593226 0.018304 0.017418
1.0 0.151942 0.590093 0.024337 0.023936
1.0 0.152938 0.593226 0.018304 0.017418
1.0 0.379308 0.590093 0.024337 0.023936
1.0 0.378312 0.593226 0.018304 0.017418
1.0 0.464442 0.590093 0.024337 0.023936
1.0 0.465438 0.593226 0.018304 0.017418
1.0 0.691808 0.590093 0.024337 0.023936
1.0 0.690812 0.593226 0.018304 0.017418
1.0 0.776942 0.590093 0.024337 0.023936
1.0 0.777938 0.593226 0.018304 0.017418
1.0 0.996070 0.590093 0.007861 0.023936
1.0 0.997080 0.593226 0.005840 0.017418
1.0 0.066808 0.878657 0.024337 0.023936
1.0 0.065812 0.875524 0.018304 0.017418
1.0 0.151942 0.878657 0.024337 0.023936
1.0 0.152938 0.875524 0.018304 0.017418
1.0 0.379308 0.878657 0.024337 0.023936
1.0 0.378312 0.875524 0.018304 0.017418
1.0 0.464442 0.878657 0.024337 0.023936
1.0 0.465438 0.875524 0.018304 0.017418
1.0 0.691808 0.878657 0.024337 0.023936
1.0 0.690812 0.875524 0.018304 0.017418
1.0 0.776942 0.878657 0.024337 0.023936
1.0 0.777938 0.875524 0.018304 0.017418
1.0 0.996070 0.878657 0.007861 0.023936
1.0 0.997080 0.875524 0.005840 0.017418
1.0 0.066808 0.902593 0.024337 0.023936
1.0 0.065812 0.905726 0.018304 0.017418
1.0 0.151942 0.902593 0.024337 0.023936
1.0 0.152938 0.905726 0.018304 0.017418
1.0 0.379308 0.902593 0.024337 0.023936
1.0 0.378312 0.905726 0.018304 0.017418
1.0 0.464442 0.902593 0.024337 0.023936
1.0 0.465438 0.905726 0.018304 0.017418
1.0 0.691808 0.902593 0.024337 0.023936
1.0 0.690812 0.905726 0.018304 0.017418
1.0 0.776942 0.902593 0.024337 0.023936
1.0 0.777938 0.905726 0.018304 0.017418
1.0 0.996070 0.902593 0.007861 0.023936
1.0 0.997080 0.905726 0.005840 0.017418
