1.0 0.153125 0.175926 0.060938 0.276852
1.0 0.040625 0.180556 0.065104 0.271296
0.0 0.120081 0.025384 0.240163 0.050769
0.0 0.113281 0.071347 0.226563 0.068931
0.0 0.111719 0.122685 0.223437 0.087037
0.0 0.136849 0.031481 0.273698 0.062963
1.0 0.456250 0.175926 0.060938 0.276852
1.0 0.568750 0.180556 0.065104 0.271296
0.0 0.495948 0.025384 0.253471 0.050769
0.0 0.496383 0.071347 0.227141 0.068931
0.0 0.529427 0.122685 0.286979 0.087037
0.0 0.497135 0.031481 0.322917 0.062963
1.0 0.934375 0.175926 0.060938 0.276852
1.0 0.821875 0.180556 0.065104 0.271296
0.0 0.883971 0.025384 0.232059 0.050769
0.0 0.890336 0.071347 0.219328 0.068931
0.0 0.858854 0.122685 0.282292 0.087037
0.0 0.866016 0.031481 0.267969 0.062963
1.0 0.153125 0.456481 0.060938 0.276852
1.0 0.040625 0.451852 0.065104 0.271296
0.0 0.120081 0.624333 0.240163 0.085389
0.0 0.113281 0.561060 0.226563 0.068931
0.0 0.111719 0.509722 0.223437 0.087037
0.0 0.136849 0.623611 0.273698 0.108333
1.0 0.456250 0.456481 0.060938 0.276852
1.0 0.568750 0.451852 0.065104 0.271296
0.0 0.495948 0.624333 0.253471 0.085389
0.0 0.496383 0.561060 0.227141 0.068931
0.0 0.529427 0.509722 0.286979 0.087037
0.0 0.497135 0.623611 0.322917 0.108333
1.0 0.934375 0.456481 0.060938 0.276852
1.0 0.821875 0.451852 0.065104 0.271296
0.0 0.883971 0.624333 0.232059 0.085389
0.0 0.890336 0.561060 0.219328 0.068931
0.0 0.858854 0.509722 0.282292 0.087037
0.0 0.866016 0.623611 0.267969 0.108333
1.0 0.153125 0.886343 0.060938 0.227315
1.0 0.040625 0.890046 0.065104 0.219907
0.0 0.120081 0.743259 0.240163 0.085389
0.0 0.113281 0.806532 0.226563 0.068931
0.0 0.111719 0.857870 0.223437 0.087037
0.0 0.136849 0.743981 0.273698 0.108333
1.0 0.456250 0.886343 0.060938 0.227315
1.0 0.568750 0.890046 0.065104 0.219907
0.0 0.495948 0.743259 0.253471 0.085389
0.0 0.496383 0.806532 0.227141 0.068931
0.0 0.529427 0.857870 0.286979 0.087037
0.0 0.497135 0.743981 0.322917 0.108333
1.0 0.934375 0.886343 0.060938 0.227315
1.0 0.821875 0.890046 0.065104 0.219907
0.0 0.883971 0.743259 0.232059 0.085389
0.0 0.890336 0.806532 0.219328 0.068931
0.0 0.858854 0.857870 0.282292 0.087037
0.0 0.866016 0.743981 0.267969 0.108333
