1.0 0.012597 0.016557 0.025195 0.033115
0.0 0.022176 0.056086 0.044351 0.060744
0.0 0.016369 0.022099 0.032739 0.044198
1.0 0.222355 0.021249 0.055026 0.042498
1.0 0.125188 0.016557 0.058579 0.033115
0.0 0.186615 0.056086 0.219746 0.060744
0.0 0.186782 0.022099 0.196854 0.044198
1.0 0.484676 0.021249 0.055026 0.042498
1.0 0.581843 0.016557 0.058579 0.033115
0.0 0.520416 0.056086 0.219746 0.060744
0.0 0.520249 0.022099 0.196854 0.044198
1.0 0.808293 0.021249 0.055026 0.042498
1.0 0.711126 0.016557 0.058579 0.033115
0.0 0.772553 0.056086 0.219746 0.060744
0.0 0.772719 0.022099 0.196854 0.044198
1.0 0.012597 0.250977 0.025195 0.222351
0.0 0.022176 0.116830 0.044351 0.060744
0.0 0.016369 0.161509 0.032739 0.065580
1.0 0.222355 0.246286 0.055026 0.231734
1.0 0.125188 0.250977 0.058579 0.222351
0.0 0.186615 0.116830 0.219746 0.060744
0.0 0.186782 0.161509 0.196854 0.065580
1.0 0.484676 0.246286 0.055026 0.231734
1.0 0.581843 0.250977 0.058579 0.222351
0.0 0.520416 0.116830 0.219746 0.060744
0.0 0.520249 0.161509 0.196854 0.065580
1.0 0.808293 0.246286 0.055026 0.231734
1.0 0.711126 0.250977 0.058579 0.222351
0.0 0.772553 0.116830 0.219746 0.060744
0.0 0.772719 0.161509 0.196854 0.065580
1.0 0.012597 0.473328 0.025195 0.222351
0.0 0.022176 0.607475 0.044351 0.060744
0.0 0.016369 0.562796 0.032739 0.065580
1.0 0.222355 0.478020 0.055026 0.231734
1.0 0.125188 0.473328 0.058579 0.222351
0.0 0.186615 0.607475 0.219746 0.060744
0.0 0.186782 0.562796 0.196854 0.065580
1.0 0.484676 0.478020 0.055026 0.231734
1.0 0.581843 0.473328 0.058579 0.222351
0.0 0.520416 0.607475 0.219746 0.060744
0.0 0.520249 0.562796 0.196854 0.065580
1.0 0.808293 0.478020 0.055026 0.231734
1.0 0.711126 0.473328 0.058579 0.222351
0.0 0.772553 0.607475 0.219746 0.060744
0.0 0.772719 0.562796 0.196854 0.065580
1.0 0.012597 0.802366 0.025195 0.222351
0.0 0.022176 0.668219 0.044351 0.060744
0.0 0.016369 0.712898 0.032739 0.065580
1.0 0.222355 0.797675 0.055026 0.231734
1.0 0.125188 0.802366 0.058579 0.222351
0.0 0.186615 0.668219 0.219746 0.060744
0.0 0.186782 0.712898 0.196854 0.065580
1.0 0.484676 0.797675 0.055026 0.231734
1.0 0.581843 0.802366 0.058579 0.222351
0.0 0.520416 0.668219 0.219746 0.060744
0.0 0.520249 0.712898 0.196854 0.065580
1.0 0.808293 0.797675 0.055026 0.231734
1.0 0.711126 0.802366 0.058579 0.222351
0.0 0.772553 0.668219 0.219746 0.060744
0.0 0.772719 0.712898 0.196854 0.065580
1.0 0.012597 0.956771 0.025195 0.086458
1.0 0.222355 0.956771 0.055026 0.086458
1.0 0.125188 0.956771 0.058579 0.086458
1.0 0.484676 0.956771 0.055026 0.086458
1.0 0.581843 0.956771 0.058579 0.086458
1.0 0.808293 0.956771 0.055026 0.086458
1.0 0.711126 0.956771 0.058579 0.086458
