1.0 0.026682 0.354464 0.053365 0.129074
1.0 0.012155 0.350008 0.024309 0.107808
1.0 0.059469 0.366204 0.046697 0.072547
0.0 0.022069 0.410038 0.036662 0.032317
1.0 0.418145 0.640879 0.153143 0.400962
1.0 0.793978 0.640346 0.059458 0.126141
1.0 0.491900 0.531098 0.033135 0.118779
1.0 0.307485 0.459788 0.060793 0.126630
1.0 0.573883 0.714478 0.157693 0.436666
1.0 0.245372 0.437061 0.067472 0.129074
1.0 0.726050 0.614214 0.059065 0.123728
1.0 0.714225 0.608609 0.036516 0.108670
1.0 0.322846 0.465408 0.033844 0.107693
1.0 0.776417 0.635199 0.041466 0.108212
1.0 0.392582 0.493480 0.027650 0.046425
1.0 0.259288 0.442869 0.037632 0.107808
1.0 0.544858 0.549196 0.031407 0.115878
1.0 0.206403 0.419965 0.046697 0.072547
0.0 0.382351 0.822349 0.114443 0.120027
0.0 0.551975 0.881575 0.106581 0.114632
0.0 0.226147 0.484708 0.036662 0.032317
0.0 0.796485 0.695510 0.040283 0.037432
0.0 0.351833 0.975003 0.114443 0.049994
