0.0 0.028765 0.017282 0.057529 0.034564
0.0 0.011695 0.034360 0.023391 0.068720
0.0 0.613187 0.017282 0.141432 0.034564
0.0 0.631834 0.034360 0.110449 0.068720
0.0 0.648487 0.048086 0.081587 0.096173
0.0 0.786813 0.017282 0.141432 0.034564
0.0 0.768166 0.034360 0.110449 0.068720
0.0 0.751513 0.048086 0.081587 0.096173
0.0 0.262654 0.648314 0.074691 0.335818
0.0 0.270242 0.793163 0.059516 0.124785
0.0 0.265915 0.504833 0.068170 0.305991
0.0 0.161176 0.679610 0.165197 0.335818
0.0 0.207415 0.801213 0.084826 0.108686
0.0 0.119162 0.550122 0.199339 0.305991
0.0 0.075641 0.469313 0.151281 0.248841
0.0 0.049919 0.407557 0.099837 0.218724
0.0 0.028765 0.349192 0.057529 0.189735
0.0 0.011695 0.298744 0.023391 0.157150
0.0 0.337346 0.648314 0.074691 0.335818
0.0 0.329758 0.793163 0.059516 0.124785
0.0 0.334085 0.504833 0.068170 0.305991
0.0 0.438824 0.679610 0.165197 0.335818
0.0 0.392585 0.801213 0.084826 0.108686
0.0 0.480838 0.550122 0.199339 0.305991
0.0 0.536204 0.469313 0.174971 0.248841
0.0 0.577941 0.407557 0.155556 0.218724
0.0 0.613187 0.349192 0.141432 0.189735
0.0 0.631834 0.298744 0.110449 0.157150
0.0 0.648487 0.245484 0.081587 0.105536
0.0 0.939289 0.679610 0.121423 0.335818
0.0 0.982501 0.801213 0.034998 0.108686
0.0 0.909746 0.550122 0.180508 0.305991
0.0 0.863796 0.469313 0.174971 0.248841
0.0 0.822059 0.407557 0.155556 0.218724
0.0 0.786813 0.349192 0.141432 0.189735
0.0 0.768166 0.298744 0.110449 0.157150
0.0 0.751513 0.245484 0.081587 0.105536
0.0 0.262654 0.947444 0.074691 0.105112
0.0 0.270242 0.917948 0.059516 0.124785
0.0 0.161176 0.931796 0.165197 0.136408
0.0 0.207415 0.909898 0.084826 0.108686
0.0 0.337346 0.947444 0.074691 0.105112
0.0 0.329758 0.917948 0.059516 0.124785
0.0 0.438824 0.931796 0.165197 0.136408
0.0 0.392585 0.909898 0.084826 0.108686
0.0 0.939289 0.931796 0.121423 0.136408
0.0 0.982501 0.909898 0.034998 0.108686
