1.0 0.212356 0.009707 0.192843 0.019415
0.0 0.260803 0.019466 0.076324 0.038931
1.0 0.487644 0.009707 0.192843 0.019415
0.0 0.439197 0.019466 0.076324 0.038931
1.0 0.812356 0.009707 0.192843 0.019415
0.0 0.860803 0.019466 0.076324 0.038931
1.0 0.212356 0.454673 0.192843 0.370397
1.0 0.177560 0.609273 0.151942 0.211614
0.0 0.280914 0.637779 0.101801 0.219876
0.0 0.260803 0.340353 0.076324 0.180790
1.0 0.487644 0.454673 0.192843 0.370397
1.0 0.522440 0.609273 0.151942 0.211614
0.0 0.419086 0.637779 0.101801 0.219876
0.0 0.439197 0.340353 0.076324 0.180790
1.0 0.812356 0.454673 0.192843 0.370397
1.0 0.777560 0.609273 0.151942 0.211614
0.0 0.880914 0.637779 0.101801 0.219876
0.0 0.860803 0.340353 0.076324 0.180790
0.0 0.984093 0.637779 0.031814 0.219876
0.0 0.280914 0.981697 0.101801 0.036606
0.0 0.419086 0.981697 0.101801 0.036606
0.0 0.880914 0.981697 0.101801 0.036606
0.0 0.984093 0.981697 0.031814 0.036606
