1.0 0.750275 0.065974 0.009607 0.019905
1.0 0.617723 0.004886 0.015562 0.009773
1.0 0.632612 0.007555 0.017136 0.015110
1.0 0.759882 0.065974 0.009607 0.019905
1.0 0.892434 0.004886 0.015562 0.009773
1.0 0.877544 0.007555 0.017136 0.015110
1.0 0.205962 0.584220 0.024121 0.036053
1.0 0.161396 0.569303 0.024796 0.026267
1.0 0.139865 0.563553 0.017619 0.033889
1.0 0.104672 0.558076 0.024880 0.041898
1.0 0.056060 0.549335 0.023903 0.022379
0.0 0.003794 0.594816 0.007588 0.053083
1.0 0.283100 0.584220 0.024121 0.036053
1.0 0.327666 0.569303 0.024796 0.026267
1.0 0.349198 0.563553 0.017619 0.033889
1.0 0.384391 0.558076 0.024880 0.041898
1.0 0.750275 0.438193 0.009607 0.019905
1.0 0.617723 0.509408 0.015562 0.030027
1.0 0.632612 0.504141 0.017136 0.030170
1.0 0.433003 0.549335 0.023903 0.022379
0.0 0.527897 0.568907 0.034844 0.085730
0.0 0.494057 0.594816 0.025164 0.053083
0.0 0.506962 0.590923 0.025095 0.052552
1.0 0.664464 0.741235 0.017136 0.013363
1.0 0.759882 0.438193 0.009607 0.019905
1.0 0.892434 0.509408 0.015562 0.030027
1.0 0.877544 0.504141 0.017136 0.030170
0.0 0.982259 0.568907 0.034844 0.085730
0.0 0.995323 0.590923 0.009353 0.052552
1.0 0.845692 0.741235 0.017136 0.013363
1.0 0.205962 0.911613 0.024121 0.036053
1.0 0.161396 0.926530 0.024796 0.026267
1.0 0.139865 0.932281 0.017619 0.033889
1.0 0.104672 0.937758 0.024880 0.041898
1.0 0.056060 0.946498 0.023903 0.022379
0.0 0.003794 0.901018 0.007588 0.053083
1.0 0.283100 0.911613 0.024121 0.036053
1.0 0.327666 0.926530 0.024796 0.026267
1.0 0.349198 0.932281 0.017619 0.033889
1.0 0.384391 0.937758 0.024880 0.041898
1.0 0.617723 0.985706 0.015562 0.028588
1.0 0.632612 0.988303 0.017136 0.023393
1.0 0.433003 0.946498 0.023903 0.022379
0.0 0.527897 0.926926 0.034844 0.085730
0.0 0.494057 0.901018 0.025164 0.053083
0.0 0.506962 0.904910 0.025095 0.052552
1.0 0.664464 0.754598 0.017136 0.013363
1.0 0.892434 0.985706 0.015562 0.028588
1.0 0.877544 0.988303 0.017136 0.023393
0.0 0.982259 0.926926 0.034844 0.085730
0.0 0.995323 0.904910 0.009353 0.052552
1.0 0.845692 0.754598 0.017136 0.013363
