1.0 0.440401 0.460345 0.186587 0.322718
1.0 0.615263 0.517697 0.219994 0.374554
1.0 0.771597 0.487249 0.155430 0.299978
1.0 0.296572 0.327682 0.080360 0.130800
1.0 0.201058 0.326067 0.100618 0.144585
1.0 0.046829 0.295761 0.093659 0.126733
1.0 0.136231 0.311199 0.081185 0.134859
1.0 0.366633 0.359045 0.112315 0.181508
1.0 0.471782 0.322974 0.090539 0.064966
1.0 0.386982 0.295787 0.064562 0.049668
1.0 0.951636 0.400857 0.058019 0.069003
1.0 0.253710 0.317802 0.052333 0.118306
0.0 0.559125 0.697899 0.123490 0.100820
0.0 0.814226 0.598887 0.099195 0.057528
0.0 0.109908 0.368159 0.038875 0.025928
