1.0 0.111785 0.098691 0.007914 0.013917
1.0 0.115392 0.061672 0.008486 0.016058
1.0 0.118808 0.020878 0.007305 0.013734
1.0 0.111603 0.111777 0.007191 0.012277
0.0 0.058791 0.133956 0.117582 0.267912
1.0 0.061230 0.230176 0.122461 0.182009
1.0 0.133137 0.098691 0.007914 0.013917
1.0 0.129530 0.061672 0.008486 0.016058
1.0 0.126114 0.020878 0.007305 0.013734
1.0 0.133319 0.111777 0.007191 0.012277
0.0 0.187510 0.133956 0.120340 0.267912
1.0 0.187104 0.230176 0.129286 0.182009
1.0 0.413738 0.098691 0.007914 0.013917
1.0 0.417345 0.061672 0.008486 0.016058
1.0 0.420761 0.020878 0.007305 0.013734
1.0 0.413556 0.111777 0.007191 0.012277
0.0 0.359365 0.133956 0.120340 0.267912
1.0 0.359771 0.230176 0.129286 0.182009
1.0 0.435090 0.098691 0.007914 0.013917
1.0 0.431483 0.061672 0.008486 0.016058
1.0 0.428067 0.020878 0.007305 0.013734
1.0 0.435272 0.111777 0.007191 0.012277
0.0 0.489463 0.133956 0.120340 0.267912
1.0 0.489057 0.230176 0.129286 0.182009
1.0 0.715692 0.098691 0.007914 0.013917
1.0 0.719298 0.061672 0.008486 0.016058
1.0 0.722715 0.020878 0.007305 0.013734
1.0 0.715509 0.111777 0.007191 0.012277
0.0 0.661318 0.133956 0.120340 0.267912
1.0 0.661724 0.230176 0.129286 0.182009
1.0 0.737043 0.098691 0.007914 0.013917
1.0 0.733436 0.061672 0.008486 0.016058
1.0 0.730020 0.020878 0.007305 0.013734
1.0 0.737225 0.111777 0.007191 0.012277
0.0 0.791416 0.133956 0.120340 0.267912
1.0 0.791010 0.230176 0.129286 0.182009
0.0 0.951551 0.133956 0.096899 0.267912
1.0 0.949517 0.230176 0.100966 0.182009
1.0 0.111785 0.543671 0.007914 0.013917
1.0 0.115392 0.580689 0.008486 0.016058
1.0 0.118808 0.621483 0.007305 0.013734
1.0 0.111603 0.530584 0.007191 0.012277
0.0 0.058791 0.512423 0.117582 0.275948
1.0 0.061230 0.412185 0.122461 0.182009
1.0 0.133137 0.543671 0.007914 0.013917
1.0 0.129530 0.580689 0.008486 0.016058
1.0 0.126114 0.621483 0.007305 0.013734
1.0 0.133319 0.530584 0.007191 0.012277
0.0 0.187510 0.512423 0.120340 0.275948
1.0 0.187104 0.412185 0.129286 0.182009
1.0 0.413738 0.543671 0.007914 0.013917
1.0 0.417345 0.580689 0.008486 0.016058
1.0 0.420761 0.621483 0.007305 0.013734
1.0 0.413556 0.530584 0.007191 0.012277
0.0 0.359365 0.512423 0.120340 0.275948
1.0 0.359771 0.412185 0.129286 0.182009
1.0 0.435090 0.543671 0.007914 0.013917
1.0 0.431483 0.580689 0.008486 0.016058
1.0 0.428067 0.621483 0.007305 0.013734
1.0 0.435272 0.530584 0.007191 0.012277
0.0 0.489463 0.512423 0.120340 0.275948
1.0 0.489057 0.412185 0.129286 0.182009
1.0 0.715692 0.543671 0.007914 0.013917
1.0 0.719298 0.580689 0.008486 0.016058
1.0 0.722715 0.621483 0.007305 0.013734
1.0 0.715509 0.530584 0.007191 0.012277
0.0 0.661318 0.512423 0.120340 0.275948
1.0 0.661724 0.412185 0.129286 0.182009
1.0 0.737043 0.543671 0.007914 0.013917
1.0 0.733436 0.580689 0.008486 0.016058
1.0 0.730020 0.621483 0.007305 0.013734
1.0 0.737225 0.530584 0.007191 0.012277
0.0 0.791416 0.512423 0.120340 0.275948
1.0 0.791010 0.412185 0.129286 0.182009
0.0 0.951551 0.512423 0.096899 0.275948
1.0 0.949517 0.412185 0.100966 0.182009
1.0 0.111785 0.813968 0.007914 0.013917
1.0 0.115392 0.776950 0.008486 0.016058
1.0 0.118808 0.736156 0.007305 0.013734
1.0 0.111603 0.827055 0.007191 0.012277
0.0 0.058791 0.845216 0.117582 0.275948
1.0 0.061230 0.927225 0.122461 0.145551
1.0 0.133137 0.813968 0.007914 0.013917
1.0 0.129530 0.776950 0.008486 0.016058
1.0 0.126114 0.736156 0.007305 0.013734
1.0 0.133319 0.827055 0.007191 0.012277
0.0 0.187510 0.845216 0.120340 0.275948
1.0 0.187104 0.927225 0.129286 0.145551
1.0 0.413738 0.813968 0.007914 0.013917
1.0 0.417345 0.776950 0.008486 0.016058
1.0 0.420761 0.736156 0.007305 0.013734
1.0 0.413556 0.827055 0.007191 0.012277
0.0 0.359365 0.845216 0.120340 0.275948
1.0 0.359771 0.927225 0.129286 0.145551
1.0 0.435090 0.813968 0.007914 0.013917
1.0 0.431483 0.776950 0.008486 0.016058
1.0 0.428067 0.736156 0.007305 0.013734
1.0 0.435272 0.827055 0.007191 0.012277
0.0 0.489463 0.845216 0.120340 0.275948
1.0 0.489057 0.927225 0.129286 0.145551
1.0 0.715692 0.813968 0.007914 0.013917
1.0 0.719298 0.776950 0.008486 0.016058
1.0 0.722715 0.736156 0.007305 0.013734
1.0 0.715509 0.827055 0.007191 0.012277
0.0 0.661318 0.845216 0.120340 0.275948
1.0 0.661724 0.927225 0.129286 0.145551
1.0 0.737043 0.813968 0.007914 0.013917
1.0 0.733436 0.776950 0.008486 0.016058
1.0 0.730020 0.736156 0.007305 0.013734
1.0 0.737225 0.827055 0.007191 0.012277
0.0 0.791416 0.845216 0.120340 0.275948
1.0 0.791010 0.927225 0.129286 0.145551
0.0 0.951551 0.845216 0.096899 0.275948
1.0 0.949517 0.927225 0.100966 0.145551
