0.0 0.123905 0.238873 0.130078 0.175032
0.0 0.127593 0.111408 0.129861 0.222816
0.0 0.290157 0.238873 0.130078 0.175032
0.0 0.286469 0.111408 0.129861 0.222816
0.0 0.514530 0.238873 0.130078 0.175032
0.0 0.518218 0.111408 0.129861 0.222816
0.0 0.680782 0.238873 0.130078 0.175032
0.0 0.677094 0.111408 0.129861 0.222816
0.0 0.905155 0.238873 0.130078 0.175032
0.0 0.908843 0.111408 0.129861 0.222816
0.0 0.123905 0.413905 0.130078 0.175032
0.0 0.127593 0.551786 0.129861 0.243649
0.0 0.290157 0.413905 0.130078 0.175032
0.0 0.286469 0.551786 0.129861 0.243649
0.0 0.514530 0.413905 0.130078 0.175032
0.0 0.518218 0.551786 0.129861 0.243649
0.0 0.680782 0.413905 0.130078 0.175032
0.0 0.677094 0.551786 0.129861 0.243649
0.0 0.905155 0.413905 0.130078 0.175032
0.0 0.908843 0.551786 0.129861 0.243649
0.0 0.123905 0.922901 0.130078 0.154198
0.0 0.127593 0.795436 0.129861 0.243649
0.0 0.290157 0.922901 0.130078 0.154198
0.0 0.286469 0.795436 0.129861 0.243649
0.0 0.514530 0.922901 0.130078 0.154198
0.0 0.518218 0.795436 0.129861 0.243649
0.0 0.680782 0.922901 0.130078 0.154198
0.0 0.677094 0.795436 0.129861 0.243649
0.0 0.905155 0.922901 0.130078 0.154198
0.0 0.908843 0.795436 0.129861 0.243649
