0.0 0.179070 0.020609 0.266861 0.041218
0.0 0.445930 0.020609 0.266861 0.041218
0.0 0.897820 0.020609 0.204361 0.041218
1.0 0.033481 0.608144 0.066963 0.233966
1.0 0.136858 0.600548 0.075015 0.242333
0.0 0.105614 0.725825 0.211229 0.048349
0.0 0.058472 0.708934 0.116944 0.076429
0.0 0.204588 0.629590 0.172567 0.054592
0.0 0.116079 0.557214 0.232159 0.110025
0.0 0.179070 0.503458 0.266861 0.089351
1.0 0.595644 0.608144 0.075213 0.233966
1.0 0.488142 0.600548 0.075015 0.242333
0.0 0.531636 0.725825 0.235730 0.048349
0.0 0.597778 0.708934 0.179444 0.076429
0.0 0.420412 0.629590 0.172567 0.054592
0.0 0.540171 0.557214 0.294659 0.110025
0.0 0.445930 0.503458 0.266861 0.089351
1.0 0.779356 0.608144 0.075213 0.233966
1.0 0.886858 0.600548 0.075015 0.242333
0.0 0.843364 0.725825 0.235730 0.048349
0.0 0.777222 0.708934 0.179444 0.076429
0.0 0.934152 0.629590 0.131696 0.054592
0.0 0.834829 0.557214 0.294659 0.110025
0.0 0.897820 0.503458 0.204361 0.089351
1.0 0.033481 0.887436 0.066963 0.225128
1.0 0.136858 0.889143 0.075015 0.221714
0.0 0.105614 0.774175 0.211229 0.048349
0.0 0.058472 0.791066 0.116944 0.076429
0.0 0.204588 0.870410 0.172567 0.054592
0.0 0.116079 0.942786 0.232159 0.110025
0.0 0.179070 0.975934 0.266861 0.048133
1.0 0.595644 0.887436 0.075213 0.225128
1.0 0.488142 0.889143 0.075015 0.221714
0.0 0.531636 0.774175 0.235730 0.048349
0.0 0.597778 0.791066 0.179444 0.076429
0.0 0.420412 0.870410 0.172567 0.054592
0.0 0.540171 0.942786 0.294659 0.110025
0.0 0.445930 0.975934 0.266861 0.048133
1.0 0.779356 0.887436 0.075213 0.225128
1.0 0.886858 0.889143 0.075015 0.221714
0.0 0.843364 0.774175 0.235730 0.048349
0.0 0.777222 0.791066 0.179444 0.076429
0.0 0.934152 0.870410 0.131696 0.054592
0.0 0.834829 0.942786 0.294659 0.110025
0.0 0.897820 0.975934 0.204361 0.048133
