1.0 0.058960 0.364905 0.117919 0.393980
0.0 0.072072 0.473988 0.123101 0.169961
0.0 0.052372 0.645039 0.104744 0.213556
0.0 0.015642 0.485897 0.031284 0.146759
0.0 0.043460 0.835217 0.086921 0.162899
1.0 0.509947 0.364905 0.193232 0.393980
0.0 0.589820 0.516254 0.123633 0.202269
0.0 0.459178 0.473988 0.123101 0.169961
0.0 0.492876 0.645039 0.132738 0.213556
0.0 0.552606 0.485897 0.105279 0.146759
0.0 0.707033 0.472171 0.054684 0.198505
0.0 0.621215 0.867813 0.121912 0.097708
0.0 0.510182 0.835217 0.131707 0.162899
1.0 0.931093 0.364905 0.137813 0.393980
0.0 0.878930 0.516254 0.123633 0.202269
0.0 0.974011 0.473988 0.051978 0.169961
0.0 0.954753 0.645039 0.090495 0.213556
0.0 0.916144 0.485897 0.105279 0.146759
0.0 0.761717 0.472171 0.054684 0.198505
0.0 0.847535 0.867813 0.121912 0.097708
0.0 0.946357 0.835217 0.107286 0.162899
0.0 0.043460 0.958333 0.086921 0.083333
0.0 0.621215 0.958333 0.121912 0.083333
0.0 0.510182 0.958333 0.131707 0.083333
0.0 0.847535 0.958333 0.121912 0.083333
0.0 0.946357 0.958333 0.107286 0.083333
