0.0 0.004804 0.129983 0.009608 0.259966
0.0 0.057857 0.129983 0.088056 0.259966
0.0 0.158617 0.222255 0.093925 0.143233
0.0 0.356205 0.129983 0.088056 0.259966
0.0 0.255446 0.222255 0.093925 0.143233
0.0 0.448482 0.129983 0.088056 0.259966
0.0 0.549242 0.222255 0.093925 0.143233
0.0 0.746830 0.129983 0.088056 0.259966
0.0 0.646071 0.222255 0.093925 0.143233
0.0 0.839107 0.129983 0.088056 0.259966
0.0 0.939867 0.222255 0.093925 0.143233
0.0 0.994867 0.222255 0.010267 0.143233
0.0 0.004804 0.528891 0.009608 0.272157
0.0 0.057857 0.528891 0.088056 0.272157
0.0 0.158617 0.430523 0.093925 0.143233
0.0 0.356205 0.528891 0.088056 0.272157
0.0 0.255446 0.430523 0.093925 0.143233
0.0 0.448482 0.528891 0.088056 0.272157
0.0 0.549242 0.430523 0.093925 0.143233
0.0 0.746830 0.528891 0.088056 0.272157
0.0 0.646071 0.430523 0.093925 0.143233
0.0 0.839107 0.528891 0.088056 0.272157
0.0 0.939867 0.430523 0.093925 0.143233
0.0 0.994867 0.430523 0.010267 0.143233
0.0 0.004804 0.818332 0.009608 0.272157
0.0 0.057857 0.818332 0.088056 0.272157
0.0 0.158617 0.916700 0.093925 0.143233
0.0 0.356205 0.818332 0.088056 0.272157
0.0 0.255446 0.916700 0.093925 0.143233
0.0 0.448482 0.818332 0.088056 0.272157
0.0 0.549242 0.916700 0.093925 0.143233
0.0 0.746830 0.818332 0.088056 0.272157
0.0 0.646071 0.916700 0.093925 0.143233
0.0 0.839107 0.818332 0.088056 0.272157
0.0 0.939867 0.916700 0.093925 0.143233
0.0 0.994867 0.916700 0.010267 0.143233
