1.0 0.011300 0.006944 0.022600 0.013889
1.0 0.037901 0.006944 0.024129 0.013889
0.0 0.042247 0.006944 0.017515 0.013889
1.0 0.168881 0.006944 0.023587 0.013889
1.0 0.141786 0.006944 0.024129 0.013889
0.0 0.137441 0.006944 0.017515 0.013889
1.0 0.245181 0.006944 0.023587 0.013889
1.0 0.272276 0.006944 0.024129 0.013889
0.0 0.276622 0.006944 0.017515 0.013889
1.0 0.403256 0.006944 0.023587 0.013889
1.0 0.376161 0.006944 0.024129 0.013889
0.0 0.371816 0.006944 0.017515 0.013889
1.0 0.479556 0.006944 0.023587 0.013889
1.0 0.506651 0.006944 0.024129 0.013889
0.0 0.510997 0.006944 0.017515 0.013889
1.0 0.637631 0.006944 0.023587 0.013889
1.0 0.610536 0.006944 0.024129 0.013889
0.0 0.606191 0.006944 0.017515 0.013889
1.0 0.713931 0.006944 0.023587 0.013889
1.0 0.741026 0.006944 0.024129 0.013889
0.0 0.745372 0.006944 0.017515 0.013889
1.0 0.872006 0.006944 0.023587 0.013889
1.0 0.844911 0.006944 0.024129 0.013889
0.0 0.840566 0.006944 0.017515 0.013889
1.0 0.948306 0.006944 0.023587 0.013889
1.0 0.975401 0.006944 0.024129 0.013889
0.0 0.979747 0.006944 0.017515 0.013889
1.0 0.011300 0.046912 0.022600 0.066047
1.0 0.068004 0.089268 0.009355 0.022888
1.0 0.016989 0.070366 0.004889 0.021677
1.0 0.037901 0.052010 0.024129 0.076243
1.0 0.056461 0.085273 0.009304 0.022446
1.0 0.054402 0.084750 0.005537 0.019798
1.0 0.065094 0.087973 0.006389 0.019687
1.0 0.001177 0.064428 0.002355 0.008392
1.0 0.025885 0.073852 0.004612 0.021152
0.0 0.042247 0.022285 0.017515 0.016792
0.0 0.070922 0.080562 0.006659 0.006669
1.0 0.168881 0.046912 0.023587 0.066047
1.0 0.111683 0.089268 0.009355 0.022888
1.0 0.162698 0.070366 0.004889 0.021677
1.0 0.194054 0.059580 0.009581 0.022971
1.0 0.141786 0.052010 0.024129 0.076243
1.0 0.203116 0.055736 0.007830 0.023384
1.0 0.123227 0.085273 0.009304 0.022446
1.0 0.125285 0.084750 0.005537 0.019798
1.0 0.191457 0.060531 0.005085 0.019633
1.0 0.114594 0.087973 0.006389 0.019687
1.0 0.179549 0.064428 0.004432 0.008392
1.0 0.202170 0.056480 0.005734 0.019633
1.0 0.153803 0.073852 0.004612 0.021152
0.0 0.137441 0.022285 0.017515 0.016792
0.0 0.204644 0.045614 0.004775 0.005747
0.0 0.108766 0.080562 0.006659 0.006669
1.0 0.245181 0.046912 0.023587 0.066047
1.0 0.302379 0.089268 0.009355 0.022888
1.0 0.251364 0.070366 0.004889 0.021677
1.0 0.220008 0.059580 0.009581 0.022971
1.0 0.272276 0.052010 0.024129 0.076243
1.0 0.210946 0.055736 0.007830 0.023384
1.0 0.290836 0.085273 0.009304 0.022446
1.0 0.288777 0.084750 0.005537 0.019798
1.0 0.222606 0.060531 0.005085 0.019633
1.0 0.299469 0.087973 0.006389 0.019687
1.0 0.234513 0.064428 0.004432 0.008392
1.0 0.211892 0.056480 0.005734 0.019633
1.0 0.260260 0.073852 0.004612 0.021152
0.0 0.276622 0.022285 0.017515 0.016792
0.0 0.209419 0.045614 0.004775 0.005747
0.0 0.305297 0.080562 0.006659 0.006669
1.0 0.403256 0.046912 0.023587 0.066047
1.0 0.346058 0.089268 0.009355 0.022888
1.0 0.397073 0.070366 0.004889 0.021677
1.0 0.428429 0.059580 0.009581 0.022971
1.0 0.376161 0.052010 0.024129 0.076243
1.0 0.437491 0.055736 0.007830 0.023384
1.0 0.357602 0.085273 0.009304 0.022446
1.0 0.359660 0.084750 0.005537 0.019798
1.0 0.425832 0.060531 0.005085 0.019633
1.0 0.348969 0.087973 0.006389 0.019687
1.0 0.413924 0.064428 0.004432 0.008392
1.0 0.436545 0.056480 0.005734 0.019633
1.0 0.388178 0.073852 0.004612 0.021152
0.0 0.371816 0.022285 0.017515 0.016792
0.0 0.439019 0.045614 0.004775 0.005747
0.0 0.343141 0.080562 0.006659 0.006669
1.0 0.479556 0.046912 0.023587 0.066047
1.0 0.536754 0.089268 0.009355 0.022888
1.0 0.485739 0.070366 0.004889 0.021677
1.0 0.454383 0.059580 0.009581 0.022971
1.0 0.506651 0.052010 0.024129 0.076243
1.0 0.445321 0.055736 0.007830 0.023384
1.0 0.525211 0.085273 0.009304 0.022446
1.0 0.523152 0.084750 0.005537 0.019798
1.0 0.456981 0.060531 0.005085 0.019633
1.0 0.533844 0.087973 0.006389 0.019687
1.0 0.468888 0.064428 0.004432 0.008392
1.0 0.446267 0.056480 0.005734 0.019633
1.0 0.494635 0.073852 0.004612 0.021152
0.0 0.510997 0.022285 0.017515 0.016792
0.0 0.443794 0.045614 0.004775 0.005747
0.0 0.539672 0.080562 0.006659 0.006669
1.0 0.637631 0.046912 0.023587 0.066047
1.0 0.580433 0.089268 0.009355 0.022888
1.0 0.631448 0.070366 0.004889 0.021677
1.0 0.662804 0.059580 0.009581 0.022971
1.0 0.610536 0.052010 0.024129 0.076243
1.0 0.671866 0.055736 0.007830 0.023384
1.0 0.591977 0.085273 0.009304 0.022446
1.0 0.594035 0.084750 0.005537 0.019798
1.0 0.660207 0.060531 0.005085 0.019633
1.0 0.583344 0.087973 0.006389 0.019687
1.0 0.648299 0.064428 0.004432 0.008392
1.0 0.670920 0.056480 0.005734 0.019633
1.0 0.622553 0.073852 0.004612 0.021152
0.0 0.606191 0.022285 0.017515 0.016792
0.0 0.673394 0.045614 0.004775 0.005747
0.0 0.577516 0.080562 0.006659 0.006669
1.0 0.713931 0.046912 0.023587 0.066047
1.0 0.771129 0.089268 0.009355 0.022888
1.0 0.720114 0.070366 0.004889 0.021677
1.0 0.688758 0.059580 0.009581 0.022971
1.0 0.741026 0.052010 0.024129 0.076243
1.0 0.679696 0.055736 0.007830 0.023384
1.0 0.759586 0.085273 0.009304 0.022446
1.0 0.757527 0.084750 0.005537 0.019798
1.0 0.691356 0.060531 0.005085 0.019633
1.0 0.768219 0.087973 0.006389 0.019687
1.0 0.703263 0.064428 0.004432 0.008392
1.0 0.680642 0.056480 0.005734 0.019633
1.0 0.729010 0.073852 0.004612 0.021152
0.0 0.745372 0.022285 0.017515 0.016792
0.0 0.678169 0.045614 0.004775 0.005747
0.0 0.774047 0.080562 0.006659 0.006669
1.0 0.872006 0.046912 0.023587 0.066047
1.0 0.814808 0.089268 0.009355 0.022888
1.0 0.865823 0.070366 0.004889 0.021677
1.0 0.897179 0.059580 0.009581 0.022971
1.0 0.844911 0.052010 0.024129 0.076243
1.0 0.906241 0.055736 0.007830 0.023384
1.0 0.826352 0.085273 0.009304 0.022446
1.0 0.828410 0.084750 0.005537 0.019798
1.0 0.894582 0.060531 0.005085 0.019633
1.0 0.817719 0.087973 0.006389 0.019687
1.0 0.882674 0.064428 0.004432 0.008392
1.0 0.905295 0.056480 0.005734 0.019633
1.0 0.856928 0.073852 0.004612 0.021152
0.0 0.840566 0.022285 0.017515 0.016792
0.0 0.907769 0.045614 0.004775 0.005747
0.0 0.811891 0.080562 0.006659 0.006669
1.0 0.948306 0.046912 0.023587 0.066047
1.0 0.954489 0.070366 0.004889 0.021677
1.0 0.923133 0.059580 0.009581 0.022971
1.0 0.975401 0.052010 0.024129 0.076243
1.0 0.914071 0.055736 0.007830 0.023384
1.0 0.993961 0.085273 0.009304 0.022446
1.0 0.991902 0.084750 0.005537 0.019798
1.0 0.925731 0.060531 0.005085 0.019633
1.0 0.999700 0.087973 0.000601 0.019687
1.0 0.937638 0.064428 0.004432 0.008392
1.0 0.915017 0.056480 0.005734 0.019633
1.0 0.963385 0.073852 0.004612 0.021152
0.0 0.979747 0.022285 0.017515 0.016792
0.0 0.912544 0.045614 0.004775 0.005747
1.0 0.011300 0.258643 0.022600 0.066047
1.0 0.068004 0.216287 0.009355 0.022888
1.0 0.016989 0.235190 0.004889 0.021677
1.0 0.037901 0.253545 0.024129 0.076243
1.0 0.056461 0.220282 0.009304 0.022446
1.0 0.054402 0.220805 0.005537 0.019798
1.0 0.065094 0.217583 0.006389 0.019687
1.0 0.001177 0.241127 0.002355 0.008392
1.0 0.025885 0.231704 0.004612 0.021152
0.0 0.042247 0.283270 0.017515 0.016792
0.0 0.070922 0.224993 0.006659 0.006669
1.0 0.168881 0.258643 0.023587 0.066047
1.0 0.111683 0.216287 0.009355 0.022888
1.0 0.162698 0.235190 0.004889 0.021677
1.0 0.194054 0.245976 0.009581 0.022971
1.0 0.141786 0.253545 0.024129 0.076243
1.0 0.203116 0.249819 0.007830 0.023384
1.0 0.123227 0.220282 0.009304 0.022446
1.0 0.125285 0.220805 0.005537 0.019798
1.0 0.191457 0.245025 0.005085 0.019633
1.0 0.114594 0.217583 0.006389 0.019687
1.0 0.179549 0.241127 0.004432 0.008392
1.0 0.202170 0.249075 0.005734 0.019633
1.0 0.153803 0.231704 0.004612 0.021152
0.0 0.137441 0.283270 0.017515 0.016792
0.0 0.204644 0.259941 0.004775 0.005747
0.0 0.108766 0.224993 0.006659 0.006669
1.0 0.245181 0.258643 0.023587 0.066047
1.0 0.302379 0.216287 0.009355 0.022888
1.0 0.251364 0.235190 0.004889 0.021677
1.0 0.220008 0.245976 0.009581 0.022971
1.0 0.272276 0.253545 0.024129 0.076243
1.0 0.210946 0.249819 0.007830 0.023384
1.0 0.290836 0.220282 0.009304 0.022446
1.0 0.288777 0.220805 0.005537 0.019798
1.0 0.222606 0.245025 0.005085 0.019633
1.0 0.299469 0.217583 0.006389 0.019687
1.0 0.234513 0.241127 0.004432 0.008392
1.0 0.211892 0.249075 0.005734 0.019633
1.0 0.260260 0.231704 0.004612 0.021152
0.0 0.276622 0.283270 0.017515 0.016792
0.0 0.209419 0.259941 0.004775 0.005747
0.0 0.305297 0.224993 0.006659 0.006669
1.0 0.403256 0.258643 0.023587 0.066047
1.0 0.346058 0.216287 0.009355 0.022888
1.0 0.397073 0.235190 0.004889 0.021677
1.0 0.428429 0.245976 0.009581 0.022971
1.0 0.376161 0.253545 0.024129 0.076243
1.0 0.437491 0.249819 0.007830 0.023384
1.0 0.357602 0.220282 0.009304 0.022446
1.0 0.359660 0.220805 0.005537 0.019798
1.0 0.425832 0.245025 0.005085 0.019633
1.0 0.348969 0.217583 0.006389 0.019687
1.0 0.413924 0.241127 0.004432 0.008392
1.0 0.436545 0.249075 0.005734 0.019633
1.0 0.388178 0.231704 0.004612 0.021152
0.0 0.371816 0.283270 0.017515 0.016792
0.0 0.439019 0.259941 0.004775 0.005747
0.0 0.343141 0.224993 0.006659 0.006669
1.0 0.479556 0.258643 0.023587 0.066047
1.0 0.536754 0.216287 0.009355 0.022888
1.0 0.485739 0.235190 0.004889 0.021677
1.0 0.454383 0.245976 0.009581 0.022971
1.0 0.506651 0.253545 0.024129 0.076243
1.0 0.445321 0.249819 0.007830 0.023384
1.0 0.525211 0.220282 0.009304 0.022446
1.0 0.523152 0.220805 0.005537 0.019798
1.0 0.456981 0.245025 0.005085 0.019633
1.0 0.533844 0.217583 0.006389 0.019687
1.0 0.468888 0.241127 0.004432 0.008392
1.0 0.446267 0.249075 0.005734 0.019633
1.0 0.494635 0.231704 0.004612 0.021152
0.0 0.510997 0.283270 0.017515 0.016792
0.0 0.443794 0.259941 0.004775 0.005747
0.0 0.539672 0.224993 0.006659 0.006669
1.0 0.637631 0.258643 0.023587 0.066047
1.0 0.580433 0.216287 0.009355 0.022888
1.0 0.631448 0.235190 0.004889 0.021677
1.0 0.662804 0.245976 0.009581 0.022971
1.0 0.610536 0.253545 0.024129 0.076243
1.0 0.671866 0.249819 0.007830 0.023384
1.0 0.591977 0.220282 0.009304 0.022446
1.0 0.594035 0.220805 0.005537 0.019798
1.0 0.660207 0.245025 0.005085 0.019633
1.0 0.583344 0.217583 0.006389 0.019687
1.0 0.648299 0.241127 0.004432 0.008392
1.0 0.670920 0.249075 0.005734 0.019633
1.0 0.622553 0.231704 0.004612 0.021152
0.0 0.606191 0.283270 0.017515 0.016792
0.0 0.673394 0.259941 0.004775 0.005747
0.0 0.577516 0.224993 0.006659 0.006669
1.0 0.713931 0.258643 0.023587 0.066047
1.0 0.771129 0.216287 0.009355 0.022888
1.0 0.720114 0.235190 0.004889 0.021677
1.0 0.688758 0.245976 0.009581 0.022971
1.0 0.741026 0.253545 0.024129 0.076243
1.0 0.679696 0.249819 0.007830 0.023384
1.0 0.759586 0.220282 0.009304 0.022446
1.0 0.757527 0.220805 0.005537 0.019798
1.0 0.691356 0.245025 0.005085 0.019633
1.0 0.768219 0.217583 0.006389 0.019687
1.0 0.703263 0.241127 0.004432 0.008392
1.0 0.680642 0.249075 0.005734 0.019633
1.0 0.729010 0.231704 0.004612 0.021152
0.0 0.745372 0.283270 0.017515 0.016792
0.0 0.678169 0.259941 0.004775 0.005747
0.0 0.774047 0.224993 0.006659 0.006669
1.0 0.872006 0.258643 0.023587 0.066047
1.0 0.814808 0.216287 0.009355 0.022888
1.0 0.865823 0.235190 0.004889 0.021677
1.0 0.897179 0.245976 0.009581 0.022971
1.0 0.844911 0.253545 0.024129 0.076243
1.0 0.906241 0.249819 0.007830 0.023384
1.0 0.826352 0.220282 0.009304 0.022446
1.0 0.828410 0.220805 0.005537 0.019798
1.0 0.894582 0.245025 0.005085 0.019633
1.0 0.817719 0.217583 0.006389 0.019687
1.0 0.882674 0.241127 0.004432 0.008392
1.0 0.905295 0.249075 0.005734 0.019633
1.0 0.856928 0.231704 0.004612 0.021152
0.0 0.840566 0.283270 0.017515 0.016792
0.0 0.907769 0.259941 0.004775 0.005747
0.0 0.811891 0.224993 0.006659 0.006669
1.0 0.948306 0.258643 0.023587 0.066047
1.0 0.954489 0.235190 0.004889 0.021677
1.0 0.923133 0.245976 0.009581 0.022971
1.0 0.975401 0.253545 0.024129 0.076243
1.0 0.914071 0.249819 0.007830 0.023384
1.0 0.993961 0.220282 0.009304 0.022446
1.0 0.991902 0.220805 0.005537 0.019798
1.0 0.925731 0.245025 0.005085 0.019633
1.0 0.999700 0.217583 0.000601 0.019687
1.0 0.937638 0.241127 0.004432 0.008392
1.0 0.915017 0.249075 0.005734 0.019633
1.0 0.963385 0.231704 0.004612 0.021152
0.0 0.979747 0.283270 0.017515 0.016792
0.0 0.912544 0.259941 0.004775 0.005747
1.0 0.011300 0.324690 0.022600 0.066047
1.0 0.068004 0.367046 0.009355 0.022888
1.0 0.016989 0.348144 0.004889 0.021677
1.0 0.037901 0.329788 0.024129 0.076243
1.0 0.056461 0.363051 0.009304 0.022446
1.0 0.054402 0.362528 0.005537 0.019798
1.0 0.065094 0.365751 0.006389 0.019687
1.0 0.001177 0.342206 0.002355 0.008392
1.0 0.025885 0.351630 0.004612 0.021152
0.0 0.042247 0.300063 0.017515 0.016792
0.0 0.070922 0.358340 0.006659 0.006669
1.0 0.168881 0.324690 0.023587 0.066047
1.0 0.111683 0.367046 0.009355 0.022888
1.0 0.162698 0.348144 0.004889 0.021677
1.0 0.194054 0.337358 0.009581 0.022971
1.0 0.141786 0.329788 0.024129 0.076243
1.0 0.203116 0.333514 0.007830 0.023384
1.0 0.123227 0.363051 0.009304 0.022446
1.0 0.125285 0.362528 0.005537 0.019798
1.0 0.191457 0.338308 0.005085 0.019633
1.0 0.114594 0.365751 0.006389 0.019687
1.0 0.179549 0.342206 0.004432 0.008392
1.0 0.202170 0.334258 0.005734 0.019633
1.0 0.153803 0.351630 0.004612 0.021152
0.0 0.137441 0.300063 0.017515 0.016792
0.0 0.204644 0.323392 0.004775 0.005747
0.0 0.108766 0.358340 0.006659 0.006669
1.0 0.245181 0.324690 0.023587 0.066047
1.0 0.302379 0.367046 0.009355 0.022888
1.0 0.251364 0.348144 0.004889 0.021677
1.0 0.220008 0.337358 0.009581 0.022971
1.0 0.272276 0.329788 0.024129 0.076243
1.0 0.210946 0.333514 0.007830 0.023384
1.0 0.290836 0.363051 0.009304 0.022446
1.0 0.288777 0.362528 0.005537 0.019798
1.0 0.222606 0.338308 0.005085 0.019633
1.0 0.299469 0.365751 0.006389 0.019687
1.0 0.234513 0.342206 0.004432 0.008392
1.0 0.211892 0.334258 0.005734 0.019633
1.0 0.260260 0.351630 0.004612 0.021152
0.0 0.276622 0.300063 0.017515 0.016792
0.0 0.209419 0.323392 0.004775 0.005747
0.0 0.305297 0.358340 0.006659 0.006669
1.0 0.403256 0.324690 0.023587 0.066047
1.0 0.346058 0.367046 0.009355 0.022888
1.0 0.397073 0.348144 0.004889 0.021677
1.0 0.428429 0.337358 0.009581 0.022971
1.0 0.376161 0.329788 0.024129 0.076243
1.0 0.437491 0.333514 0.007830 0.023384
1.0 0.357602 0.363051 0.009304 0.022446
1.0 0.359660 0.362528 0.005537 0.019798
1.0 0.425832 0.338308 0.005085 0.019633
1.0 0.348969 0.365751 0.006389 0.019687
1.0 0.413924 0.342206 0.004432 0.008392
1.0 0.436545 0.334258 0.005734 0.019633
1.0 0.388178 0.351630 0.004612 0.021152
0.0 0.371816 0.300063 0.017515 0.016792
0.0 0.439019 0.323392 0.004775 0.005747
0.0 0.343141 0.358340 0.006659 0.006669
1.0 0.479556 0.324690 0.023587 0.066047
1.0 0.536754 0.367046 0.009355 0.022888
1.0 0.485739 0.348144 0.004889 0.021677
1.0 0.454383 0.337358 0.009581 0.022971
1.0 0.506651 0.329788 0.024129 0.076243
1.0 0.445321 0.333514 0.007830 0.023384
1.0 0.525211 0.363051 0.009304 0.022446
1.0 0.523152 0.362528 0.005537 0.019798
1.0 0.456981 0.338308 0.005085 0.019633
1.0 0.533844 0.365751 0.006389 0.019687
1.0 0.468888 0.342206 0.004432 0.008392
1.0 0.446267 0.334258 0.005734 0.019633
1.0 0.494635 0.351630 0.004612 0.021152
0.0 0.510997 0.300063 0.017515 0.016792
0.0 0.443794 0.323392 0.004775 0.005747
0.0 0.539672 0.358340 0.006659 0.006669
1.0 0.637631 0.324690 0.023587 0.066047
1.0 0.580433 0.367046 0.009355 0.022888
1.0 0.631448 0.348144 0.004889 0.021677
1.0 0.662804 0.337358 0.009581 0.022971
1.0 0.610536 0.329788 0.024129 0.076243
1.0 0.671866 0.333514 0.007830 0.023384
1.0 0.591977 0.363051 0.009304 0.022446
1.0 0.594035 0.362528 0.005537 0.019798
1.0 0.660207 0.338308 0.005085 0.019633
1.0 0.583344 0.365751 0.006389 0.019687
1.0 0.648299 0.342206 0.004432 0.008392
1.0 0.670920 0.334258 0.005734 0.019633
1.0 0.622553 0.351630 0.004612 0.021152
0.0 0.606191 0.300063 0.017515 0.016792
0.0 0.673394 0.323392 0.004775 0.005747
0.0 0.577516 0.358340 0.006659 0.006669
1.0 0.713931 0.324690 0.023587 0.066047
1.0 0.771129 0.367046 0.009355 0.022888
1.0 0.720114 0.348144 0.004889 0.021677
1.0 0.688758 0.337358 0.009581 0.022971
1.0 0.741026 0.329788 0.024129 0.076243
1.0 0.679696 0.333514 0.007830 0.023384
1.0 0.759586 0.363051 0.009304 0.022446
1.0 0.757527 0.362528 0.005537 0.019798
1.0 0.691356 0.338308 0.005085 0.019633
1.0 0.768219 0.365751 0.006389 0.019687
1.0 0.703263 0.342206 0.004432 0.008392
1.0 0.680642 0.334258 0.005734 0.019633
1.0 0.729010 0.351630 0.004612 0.021152
0.0 0.745372 0.300063 0.017515 0.016792
0.0 0.678169 0.323392 0.004775 0.005747
0.0 0.774047 0.358340 0.006659 0.006669
1.0 0.872006 0.324690 0.023587 0.066047
1.0 0.814808 0.367046 0.009355 0.022888
1.0 0.865823 0.348144 0.004889 0.021677
1.0 0.897179 0.337358 0.009581 0.022971
1.0 0.844911 0.329788 0.024129 0.076243
1.0 0.906241 0.333514 0.007830 0.023384
1.0 0.826352 0.363051 0.009304 0.022446
1.0 0.828410 0.362528 0.005537 0.019798
1.0 0.894582 0.338308 0.005085 0.019633
1.0 0.817719 0.365751 0.006389 0.019687
1.0 0.882674 0.342206 0.004432 0.008392
1.0 0.905295 0.334258 0.005734 0.019633
1.0 0.856928 0.351630 0.004612 0.021152
0.0 0.840566 0.300063 0.017515 0.016792
0.0 0.907769 0.323392 0.004775 0.005747
0.0 0.811891 0.358340 0.006659 0.006669
1.0 0.948306 0.324690 0.023587 0.066047
1.0 0.954489 0.348144 0.004889 0.021677
1.0 0.923133 0.337358 0.009581 0.022971
1.0 0.975401 0.329788 0.024129 0.076243
1.0 0.914071 0.333514 0.007830 0.023384
1.0 0.993961 0.363051 0.009304 0.022446
1.0 0.991902 0.362528 0.005537 0.019798
1.0 0.925731 0.338308 0.005085 0.019633
1.0 0.999700 0.365751 0.000601 0.019687
1.0 0.937638 0.342206 0.004432 0.008392
1.0 0.915017 0.334258 0.005734 0.019633
1.0 0.963385 0.351630 0.004612 0.021152
0.0 0.979747 0.300063 0.017515 0.016792
0.0 0.912544 0.323392 0.004775 0.005747
1.0 0.011300 0.536421 0.022600 0.066047
1.0 0.068004 0.494065 0.009355 0.022888
1.0 0.016989 0.512968 0.004889 0.021677
1.0 0.037901 0.531323 0.024129 0.076243
1.0 0.056461 0.498060 0.009304 0.022446
1.0 0.054402 0.498583 0.005537 0.019798
1.0 0.065094 0.495361 0.006389 0.019687
1.0 0.001177 0.518905 0.002355 0.008392
1.0 0.025885 0.509481 0.004612 0.021152
0.0 0.042247 0.561048 0.017515 0.016792
0.0 0.070922 0.502771 0.006659 0.006669
1.0 0.168881 0.536421 0.023587 0.066047
1.0 0.111683 0.494065 0.009355 0.022888
1.0 0.162698 0.512968 0.004889 0.021677
1.0 0.194054 0.523753 0.009581 0.022971
1.0 0.141786 0.531323 0.024129 0.076243
1.0 0.203116 0.527597 0.007830 0.023384
1.0 0.123227 0.498060 0.009304 0.022446
1.0 0.125285 0.498583 0.005537 0.019798
1.0 0.191457 0.522803 0.005085 0.019633
1.0 0.114594 0.495361 0.006389 0.019687
1.0 0.179549 0.518905 0.004432 0.008392
1.0 0.202170 0.526853 0.005734 0.019633
1.0 0.153803 0.509481 0.004612 0.021152
0.0 0.137441 0.561048 0.017515 0.016792
0.0 0.204644 0.537719 0.004775 0.005747
0.0 0.108766 0.502771 0.006659 0.006669
1.0 0.245181 0.536421 0.023587 0.066047
1.0 0.302379 0.494065 0.009355 0.022888
1.0 0.251364 0.512968 0.004889 0.021677
1.0 0.220008 0.523753 0.009581 0.022971
1.0 0.272276 0.531323 0.024129 0.076243
1.0 0.210946 0.527597 0.007830 0.023384
1.0 0.290836 0.498060 0.009304 0.022446
1.0 0.288777 0.498583 0.005537 0.019798
1.0 0.222606 0.522803 0.005085 0.019633
1.0 0.299469 0.495361 0.006389 0.019687
1.0 0.234513 0.518905 0.004432 0.008392
1.0 0.211892 0.526853 0.005734 0.019633
1.0 0.260260 0.509481 0.004612 0.021152
0.0 0.276622 0.561048 0.017515 0.016792
0.0 0.209419 0.537719 0.004775 0.005747
0.0 0.305297 0.502771 0.006659 0.006669
1.0 0.403256 0.536421 0.023587 0.066047
1.0 0.346058 0.494065 0.009355 0.022888
1.0 0.397073 0.512968 0.004889 0.021677
1.0 0.428429 0.523753 0.009581 0.022971
1.0 0.376161 0.531323 0.024129 0.076243
1.0 0.437491 0.527597 0.007830 0.023384
1.0 0.357602 0.498060 0.009304 0.022446
1.0 0.359660 0.498583 0.005537 0.019798
1.0 0.425832 0.522803 0.005085 0.019633
1.0 0.348969 0.495361 0.006389 0.019687
1.0 0.413924 0.518905 0.004432 0.008392
1.0 0.436545 0.526853 0.005734 0.019633
1.0 0.388178 0.509481 0.004612 0.021152
0.0 0.371816 0.561048 0.017515 0.016792
0.0 0.439019 0.537719 0.004775 0.005747
0.0 0.343141 0.502771 0.006659 0.006669
1.0 0.479556 0.536421 0.023587 0.066047
1.0 0.536754 0.494065 0.009355 0.022888
1.0 0.485739 0.512968 0.004889 0.021677
1.0 0.454383 0.523753 0.009581 0.022971
1.0 0.506651 0.531323 0.024129 0.076243
1.0 0.445321 0.527597 0.007830 0.023384
1.0 0.525211 0.498060 0.009304 0.022446
1.0 0.523152 0.498583 0.005537 0.019798
1.0 0.456981 0.522803 0.005085 0.019633
1.0 0.533844 0.495361 0.006389 0.019687
1.0 0.468888 0.518905 0.004432 0.008392
1.0 0.446267 0.526853 0.005734 0.019633
1.0 0.494635 0.509481 0.004612 0.021152
0.0 0.510997 0.561048 0.017515 0.016792
0.0 0.443794 0.537719 0.004775 0.005747
0.0 0.539672 0.502771 0.006659 0.006669
1.0 0.637631 0.536421 0.023587 0.066047
1.0 0.580433 0.494065 0.009355 0.022888
1.0 0.631448 0.512968 0.004889 0.021677
1.0 0.662804 0.523753 0.009581 0.022971
1.0 0.610536 0.531323 0.024129 0.076243
1.0 0.671866 0.527597 0.007830 0.023384
1.0 0.591977 0.498060 0.009304 0.022446
1.0 0.594035 0.498583 0.005537 0.019798
1.0 0.660207 0.522803 0.005085 0.019633
1.0 0.583344 0.495361 0.006389 0.019687
1.0 0.648299 0.518905 0.004432 0.008392
1.0 0.670920 0.526853 0.005734 0.019633
1.0 0.622553 0.509481 0.004612 0.021152
0.0 0.606191 0.561048 0.017515 0.016792
0.0 0.673394 0.537719 0.004775 0.005747
0.0 0.577516 0.502771 0.006659 0.006669
1.0 0.713931 0.536421 0.023587 0.066047
1.0 0.771129 0.494065 0.009355 0.022888
1.0 0.720114 0.512968 0.004889 0.021677
1.0 0.688758 0.523753 0.009581 0.022971
1.0 0.741026 0.531323 0.024129 0.076243
1.0 0.679696 0.527597 0.007830 0.023384
1.0 0.759586 0.498060 0.009304 0.022446
1.0 0.757527 0.498583 0.005537 0.019798
1.0 0.691356 0.522803 0.005085 0.019633
1.0 0.768219 0.495361 0.006389 0.019687
1.0 0.703263 0.518905 0.004432 0.008392
1.0 0.680642 0.526853 0.005734 0.019633
1.0 0.729010 0.509481 0.004612 0.021152
0.0 0.745372 0.561048 0.017515 0.016792
0.0 0.678169 0.537719 0.004775 0.005747
0.0 0.774047 0.502771 0.006659 0.006669
1.0 0.872006 0.536421 0.023587 0.066047
1.0 0.814808 0.494065 0.009355 0.022888
1.0 0.865823 0.512968 0.004889 0.021677
1.0 0.897179 0.523753 0.009581 0.022971
1.0 0.844911 0.531323 0.024129 0.076243
1.0 0.906241 0.527597 0.007830 0.023384
1.0 0.826352 0.498060 0.009304 0.022446
1.0 0.828410 0.498583 0.005537 0.019798
1.0 0.894582 0.522803 0.005085 0.019633
1.0 0.817719 0.495361 0.006389 0.019687
1.0 0.882674 0.518905 0.004432 0.008392
1.0 0.905295 0.526853 0.005734 0.019633
1.0 0.856928 0.509481 0.004612 0.021152
0.0 0.840566 0.561048 0.017515 0.016792
0.0 0.907769 0.537719 0.004775 0.005747
0.0 0.811891 0.502771 0.006659 0.006669
1.0 0.948306 0.536421 0.023587 0.066047
1.0 0.954489 0.512968 0.004889 0.021677
1.0 0.923133 0.523753 0.009581 0.022971
1.0 0.975401 0.531323 0.024129 0.076243
1.0 0.914071 0.527597 0.007830 0.023384
1.0 0.993961 0.498060 0.009304 0.022446
1.0 0.991902 0.498583 0.005537 0.019798
1.0 0.925731 0.522803 0.005085 0.019633
1.0 0.999700 0.495361 0.000601 0.019687
1.0 0.937638 0.518905 0.004432 0.008392
1.0 0.915017 0.526853 0.005734 0.019633
1.0 0.963385 0.509481 0.004612 0.021152
0.0 0.979747 0.561048 0.017515 0.016792
0.0 0.912544 0.537719 0.004775 0.005747
1.0 0.011300 0.602468 0.022600 0.066047
1.0 0.068004 0.644824 0.009355 0.022888
1.0 0.016989 0.625921 0.004889 0.021677
1.0 0.037901 0.607566 0.024129 0.076243
1.0 0.056461 0.640829 0.009304 0.022446
1.0 0.054402 0.640306 0.005537 0.019798
1.0 0.065094 0.643528 0.006389 0.019687
1.0 0.001177 0.619984 0.002355 0.008392
1.0 0.025885 0.629407 0.004612 0.021152
0.0 0.042247 0.577841 0.017515 0.016792
0.0 0.070922 0.636118 0.006659 0.006669
1.0 0.168881 0.602468 0.023587 0.066047
1.0 0.111683 0.644824 0.009355 0.022888
1.0 0.162698 0.625921 0.004889 0.021677
1.0 0.194054 0.615135 0.009581 0.022971
1.0 0.141786 0.607566 0.024129 0.076243
1.0 0.203116 0.611292 0.007830 0.023384
1.0 0.123227 0.640829 0.009304 0.022446
1.0 0.125285 0.640306 0.005537 0.019798
1.0 0.191457 0.616086 0.005085 0.019633
1.0 0.114594 0.643528 0.006389 0.019687
1.0 0.179549 0.619984 0.004432 0.008392
1.0 0.202170 0.612036 0.005734 0.019633
1.0 0.153803 0.629407 0.004612 0.021152
0.0 0.137441 0.577841 0.017515 0.016792
0.0 0.204644 0.601170 0.004775 0.005747
0.0 0.108766 0.636118 0.006659 0.006669
1.0 0.245181 0.602468 0.023587 0.066047
1.0 0.302379 0.644824 0.009355 0.022888
1.0 0.251364 0.625921 0.004889 0.021677
1.0 0.220008 0.615135 0.009581 0.022971
1.0 0.272276 0.607566 0.024129 0.076243
1.0 0.210946 0.611292 0.007830 0.023384
1.0 0.290836 0.640829 0.009304 0.022446
1.0 0.288777 0.640306 0.005537 0.019798
1.0 0.222606 0.616086 0.005085 0.019633
1.0 0.299469 0.643528 0.006389 0.019687
1.0 0.234513 0.619984 0.004432 0.008392
1.0 0.211892 0.612036 0.005734 0.019633
1.0 0.260260 0.629407 0.004612 0.021152
0.0 0.276622 0.577841 0.017515 0.016792
0.0 0.209419 0.601170 0.004775 0.005747
0.0 0.305297 0.636118 0.006659 0.006669
1.0 0.403256 0.602468 0.023587 0.066047
1.0 0.346058 0.644824 0.009355 0.022888
1.0 0.397073 0.625921 0.004889 0.021677
1.0 0.428429 0.615135 0.009581 0.022971
1.0 0.376161 0.607566 0.024129 0.076243
1.0 0.437491 0.611292 0.007830 0.023384
1.0 0.357602 0.640829 0.009304 0.022446
1.0 0.359660 0.640306 0.005537 0.019798
1.0 0.425832 0.616086 0.005085 0.019633
1.0 0.348969 0.643528 0.006389 0.019687
1.0 0.413924 0.619984 0.004432 0.008392
1.0 0.436545 0.612036 0.005734 0.019633
1.0 0.388178 0.629407 0.004612 0.021152
0.0 0.371816 0.577841 0.017515 0.016792
0.0 0.439019 0.601170 0.004775 0.005747
0.0 0.343141 0.636118 0.006659 0.006669
1.0 0.479556 0.602468 0.023587 0.066047
1.0 0.536754 0.644824 0.009355 0.022888
1.0 0.485739 0.625921 0.004889 0.021677
1.0 0.454383 0.615135 0.009581 0.022971
1.0 0.506651 0.607566 0.024129 0.076243
1.0 0.445321 0.611292 0.007830 0.023384
1.0 0.525211 0.640829 0.009304 0.022446
1.0 0.523152 0.640306 0.005537 0.019798
1.0 0.456981 0.616086 0.005085 0.019633
1.0 0.533844 0.643528 0.006389 0.019687
1.0 0.468888 0.619984 0.004432 0.008392
1.0 0.446267 0.612036 0.005734 0.019633
1.0 0.494635 0.629407 0.004612 0.021152
0.0 0.510997 0.577841 0.017515 0.016792
0.0 0.443794 0.601170 0.004775 0.005747
0.0 0.539672 0.636118 0.006659 0.006669
1.0 0.637631 0.602468 0.023587 0.066047
1.0 0.580433 0.644824 0.009355 0.022888
1.0 0.631448 0.625921 0.004889 0.021677
1.0 0.662804 0.615135 0.009581 0.022971
1.0 0.610536 0.607566 0.024129 0.076243
1.0 0.671866 0.611292 0.007830 0.023384
1.0 0.591977 0.640829 0.009304 0.022446
1.0 0.594035 0.640306 0.005537 0.019798
1.0 0.660207 0.616086 0.005085 0.019633
1.0 0.583344 0.643528 0.006389 0.019687
1.0 0.648299 0.619984 0.004432 0.008392
1.0 0.670920 0.612036 0.005734 0.019633
1.0 0.622553 0.629407 0.004612 0.021152
0.0 0.606191 0.577841 0.017515 0.016792
0.0 0.673394 0.601170 0.004775 0.005747
0.0 0.577516 0.636118 0.006659 0.006669
1.0 0.713931 0.602468 0.023587 0.066047
1.0 0.771129 0.644824 0.009355 0.022888
1.0 0.720114 0.625921 0.004889 0.021677
1.0 0.688758 0.615135 0.009581 0.022971
1.0 0.741026 0.607566 0.024129 0.076243
1.0 0.679696 0.611292 0.007830 0.023384
1.0 0.759586 0.640829 0.009304 0.022446
1.0 0.757527 0.640306 0.005537 0.019798
1.0 0.691356 0.616086 0.005085 0.019633
1.0 0.768219 0.643528 0.006389 0.019687
1.0 0.703263 0.619984 0.004432 0.008392
1.0 0.680642 0.612036 0.005734 0.019633
1.0 0.729010 0.629407 0.004612 0.021152
0.0 0.745372 0.577841 0.017515 0.016792
0.0 0.678169 0.601170 0.004775 0.005747
0.0 0.774047 0.636118 0.006659 0.006669
1.0 0.872006 0.602468 0.023587 0.066047
1.0 0.814808 0.644824 0.009355 0.022888
1.0 0.865823 0.625921 0.004889 0.021677
1.0 0.897179 0.615135 0.009581 0.022971
1.0 0.844911 0.607566 0.024129 0.076243
1.0 0.906241 0.611292 0.007830 0.023384
1.0 0.826352 0.640829 0.009304 0.022446
1.0 0.828410 0.640306 0.005537 0.019798
1.0 0.894582 0.616086 0.005085 0.019633
1.0 0.817719 0.643528 0.006389 0.019687
1.0 0.882674 0.619984 0.004432 0.008392
1.0 0.905295 0.612036 0.005734 0.019633
1.0 0.856928 0.629407 0.004612 0.021152
0.0 0.840566 0.577841 0.017515 0.016792
0.0 0.907769 0.601170 0.004775 0.005747
0.0 0.811891 0.636118 0.006659 0.006669
1.0 0.948306 0.602468 0.023587 0.066047
1.0 0.954489 0.625921 0.004889 0.021677
1.0 0.923133 0.615135 0.009581 0.022971
1.0 0.975401 0.607566 0.024129 0.076243
1.0 0.914071 0.611292 0.007830 0.023384
1.0 0.993961 0.640829 0.009304 0.022446
1.0 0.991902 0.640306 0.005537 0.019798
1.0 0.925731 0.616086 0.005085 0.019633
1.0 0.999700 0.643528 0.000601 0.019687
1.0 0.937638 0.619984 0.004432 0.008392
1.0 0.915017 0.612036 0.005734 0.019633
1.0 0.963385 0.629407 0.004612 0.021152
0.0 0.979747 0.577841 0.017515 0.016792
0.0 0.912544 0.601170 0.004775 0.005747
1.0 0.011300 0.814199 0.022600 0.066047
1.0 0.068004 0.771843 0.009355 0.022888
1.0 0.016989 0.790745 0.004889 0.021677
1.0 0.037901 0.809101 0.024129 0.076243
1.0 0.056461 0.775838 0.009304 0.022446
1.0 0.054402 0.776361 0.005537 0.019798
1.0 0.065094 0.773138 0.006389 0.019687
1.0 0.001177 0.796683 0.002355 0.008392
1.0 0.025885 0.787259 0.004612 0.021152
0.0 0.042247 0.838826 0.017515 0.016792
0.0 0.070922 0.780549 0.006659 0.006669
1.0 0.168881 0.814199 0.023587 0.066047
1.0 0.111683 0.771843 0.009355 0.022888
1.0 0.162698 0.790745 0.004889 0.021677
1.0 0.194054 0.801531 0.009581 0.022971
1.0 0.141786 0.809101 0.024129 0.076243
1.0 0.203116 0.805375 0.007830 0.023384
1.0 0.123227 0.775838 0.009304 0.022446
1.0 0.125285 0.776361 0.005537 0.019798
1.0 0.191457 0.800581 0.005085 0.019633
1.0 0.114594 0.773138 0.006389 0.019687
1.0 0.179549 0.796683 0.004432 0.008392
1.0 0.202170 0.804631 0.005734 0.019633
1.0 0.153803 0.787259 0.004612 0.021152
0.0 0.137441 0.838826 0.017515 0.016792
0.0 0.204644 0.815497 0.004775 0.005747
0.0 0.108766 0.780549 0.006659 0.006669
1.0 0.245181 0.814199 0.023587 0.066047
1.0 0.302379 0.771843 0.009355 0.022888
1.0 0.251364 0.790745 0.004889 0.021677
1.0 0.220008 0.801531 0.009581 0.022971
1.0 0.272276 0.809101 0.024129 0.076243
1.0 0.210946 0.805375 0.007830 0.023384
1.0 0.290836 0.775838 0.009304 0.022446
1.0 0.288777 0.776361 0.005537 0.019798
1.0 0.222606 0.800581 0.005085 0.019633
1.0 0.299469 0.773138 0.006389 0.019687
1.0 0.234513 0.796683 0.004432 0.008392
1.0 0.211892 0.804631 0.005734 0.019633
1.0 0.260260 0.787259 0.004612 0.021152
0.0 0.276622 0.838826 0.017515 0.016792
0.0 0.209419 0.815497 0.004775 0.005747
0.0 0.305297 0.780549 0.006659 0.006669
1.0 0.403256 0.814199 0.023587 0.066047
1.0 0.346058 0.771843 0.009355 0.022888
1.0 0.397073 0.790745 0.004889 0.021677
1.0 0.428429 0.801531 0.009581 0.022971
1.0 0.376161 0.809101 0.024129 0.076243
1.0 0.437491 0.805375 0.007830 0.023384
1.0 0.357602 0.775838 0.009304 0.022446
1.0 0.359660 0.776361 0.005537 0.019798
1.0 0.425832 0.800581 0.005085 0.019633
1.0 0.348969 0.773138 0.006389 0.019687
1.0 0.413924 0.796683 0.004432 0.008392
1.0 0.436545 0.804631 0.005734 0.019633
1.0 0.388178 0.787259 0.004612 0.021152
0.0 0.371816 0.838826 0.017515 0.016792
0.0 0.439019 0.815497 0.004775 0.005747
0.0 0.343141 0.780549 0.006659 0.006669
1.0 0.479556 0.814199 0.023587 0.066047
1.0 0.536754 0.771843 0.009355 0.022888
1.0 0.485739 0.790745 0.004889 0.021677
1.0 0.454383 0.801531 0.009581 0.022971
1.0 0.506651 0.809101 0.024129 0.076243
1.0 0.445321 0.805375 0.007830 0.023384
1.0 0.525211 0.775838 0.009304 0.022446
1.0 0.523152 0.776361 0.005537 0.019798
1.0 0.456981 0.800581 0.005085 0.019633
1.0 0.533844 0.773138 0.006389 0.019687
1.0 0.468888 0.796683 0.004432 0.008392
1.0 0.446267 0.804631 0.005734 0.019633
1.0 0.494635 0.787259 0.004612 0.021152
0.0 0.510997 0.838826 0.017515 0.016792
0.0 0.443794 0.815497 0.004775 0.005747
0.0 0.539672 0.780549 0.006659 0.006669
1.0 0.637631 0.814199 0.023587 0.066047
1.0 0.580433 0.771843 0.009355 0.022888
1.0 0.631448 0.790745 0.004889 0.021677
1.0 0.662804 0.801531 0.009581 0.022971
1.0 0.610536 0.809101 0.024129 0.076243
1.0 0.671866 0.805375 0.007830 0.023384
1.0 0.591977 0.775838 0.009304 0.022446
1.0 0.594035 0.776361 0.005537 0.019798
1.0 0.660207 0.800581 0.005085 0.019633
1.0 0.583344 0.773138 0.006389 0.019687
1.0 0.648299 0.796683 0.004432 0.008392
1.0 0.670920 0.804631 0.005734 0.019633
1.0 0.622553 0.787259 0.004612 0.021152
0.0 0.606191 0.838826 0.017515 0.016792
0.0 0.673394 0.815497 0.004775 0.005747
0.0 0.577516 0.780549 0.006659 0.006669
1.0 0.713931 0.814199 0.023587 0.066047
1.0 0.771129 0.771843 0.009355 0.022888
1.0 0.720114 0.790745 0.004889 0.021677
1.0 0.688758 0.801531 0.009581 0.022971
1.0 0.741026 0.809101 0.024129 0.076243
1.0 0.679696 0.805375 0.007830 0.023384
1.0 0.759586 0.775838 0.009304 0.022446
1.0 0.757527 0.776361 0.005537 0.019798
1.0 0.691356 0.800581 0.005085 0.019633
1.0 0.768219 0.773138 0.006389 0.019687
1.0 0.703263 0.796683 0.004432 0.008392
1.0 0.680642 0.804631 0.005734 0.019633
1.0 0.729010 0.787259 0.004612 0.021152
0.0 0.745372 0.838826 0.017515 0.016792
0.0 0.678169 0.815497 0.004775 0.005747
0.0 0.774047 0.780549 0.006659 0.006669
1.0 0.872006 0.814199 0.023587 0.066047
1.0 0.814808 0.771843 0.009355 0.022888
1.0 0.865823 0.790745 0.004889 0.021677
1.0 0.897179 0.801531 0.009581 0.022971
1.0 0.844911 0.809101 0.024129 0.076243
1.0 0.906241 0.805375 0.007830 0.023384
1.0 0.826352 0.775838 0.009304 0.022446
1.0 0.828410 0.776361 0.005537 0.019798
1.0 0.894582 0.800581 0.005085 0.019633
1.0 0.817719 0.773138 0.006389 0.019687
1.0 0.882674 0.796683 0.004432 0.008392
1.0 0.905295 0.804631 0.005734 0.019633
1.0 0.856928 0.787259 0.004612 0.021152
0.0 0.840566 0.838826 0.017515 0.016792
0.0 0.907769 0.815497 0.004775 0.005747
0.0 0.811891 0.780549 0.006659 0.006669
1.0 0.948306 0.814199 0.023587 0.066047
1.0 0.954489 0.790745 0.004889 0.021677
1.0 0.923133 0.801531 0.009581 0.022971
1.0 0.975401 0.809101 0.024129 0.076243
1.0 0.914071 0.805375 0.007830 0.023384
1.0 0.993961 0.775838 0.009304 0.022446
1.0 0.991902 0.776361 0.005537 0.019798
1.0 0.925731 0.800581 0.005085 0.019633
1.0 0.999700 0.773138 0.000601 0.019687
1.0 0.937638 0.796683 0.004432 0.008392
1.0 0.915017 0.804631 0.005734 0.019633
1.0 0.963385 0.787259 0.004612 0.021152
0.0 0.979747 0.838826 0.017515 0.016792
0.0 0.912544 0.815497 0.004775 0.005747
1.0 0.011300 0.880246 0.022600 0.066047
1.0 0.068004 0.922602 0.009355 0.022888
1.0 0.016989 0.903699 0.004889 0.021677
1.0 0.037901 0.885344 0.024129 0.076243
1.0 0.056461 0.918607 0.009304 0.022446
1.0 0.054402 0.918084 0.005537 0.019798
1.0 0.065094 0.921306 0.006389 0.019687
1.0 0.001177 0.897762 0.002355 0.008392
1.0 0.025885 0.907185 0.004612 0.021152
0.0 0.042247 0.855618 0.017515 0.016792
0.0 0.070922 0.913896 0.006659 0.006669
1.0 0.168881 0.880246 0.023587 0.066047
1.0 0.111683 0.922602 0.009355 0.022888
1.0 0.162698 0.903699 0.004889 0.021677
1.0 0.194054 0.892913 0.009581 0.022971
1.0 0.141786 0.885344 0.024129 0.076243
1.0 0.203116 0.889069 0.007830 0.023384
1.0 0.123227 0.918607 0.009304 0.022446
1.0 0.125285 0.918084 0.005537 0.019798
1.0 0.191457 0.893864 0.005085 0.019633
1.0 0.114594 0.921306 0.006389 0.019687
1.0 0.179549 0.897762 0.004432 0.008392
1.0 0.202170 0.889814 0.005734 0.019633
1.0 0.153803 0.907185 0.004612 0.021152
0.0 0.137441 0.855618 0.017515 0.016792
0.0 0.204644 0.878948 0.004775 0.005747
0.0 0.108766 0.913896 0.006659 0.006669
1.0 0.245181 0.880246 0.023587 0.066047
1.0 0.302379 0.922602 0.009355 0.022888
1.0 0.251364 0.903699 0.004889 0.021677
1.0 0.220008 0.892913 0.009581 0.022971
1.0 0.272276 0.885344 0.024129 0.076243
1.0 0.210946 0.889069 0.007830 0.023384
1.0 0.290836 0.918607 0.009304 0.022446
1.0 0.288777 0.918084 0.005537 0.019798
1.0 0.222606 0.893864 0.005085 0.019633
1.0 0.299469 0.921306 0.006389 0.019687
1.0 0.234513 0.897762 0.004432 0.008392
1.0 0.211892 0.889814 0.005734 0.019633
1.0 0.260260 0.907185 0.004612 0.021152
0.0 0.276622 0.855618 0.017515 0.016792
0.0 0.209419 0.878948 0.004775 0.005747
0.0 0.305297 0.913896 0.006659 0.006669
1.0 0.403256 0.880246 0.023587 0.066047
1.0 0.346058 0.922602 0.009355 0.022888
1.0 0.397073 0.903699 0.004889 0.021677
1.0 0.428429 0.892913 0.009581 0.022971
1.0 0.376161 0.885344 0.024129 0.076243
1.0 0.437491 0.889069 0.007830 0.023384
1.0 0.357602 0.918607 0.009304 0.022446
1.0 0.359660 0.918084 0.005537 0.019798
1.0 0.425832 0.893864 0.005085 0.019633
1.0 0.348969 0.921306 0.006389 0.019687
1.0 0.413924 0.897762 0.004432 0.008392
1.0 0.436545 0.889814 0.005734 0.019633
1.0 0.388178 0.907185 0.004612 0.021152
0.0 0.371816 0.855618 0.017515 0.016792
0.0 0.439019 0.878948 0.004775 0.005747
0.0 0.343141 0.913896 0.006659 0.006669
1.0 0.479556 0.880246 0.023587 0.066047
1.0 0.536754 0.922602 0.009355 0.022888
1.0 0.485739 0.903699 0.004889 0.021677
1.0 0.454383 0.892913 0.009581 0.022971
1.0 0.506651 0.885344 0.024129 0.076243
1.0 0.445321 0.889069 0.007830 0.023384
1.0 0.525211 0.918607 0.009304 0.022446
1.0 0.523152 0.918084 0.005537 0.019798
1.0 0.456981 0.893864 0.005085 0.019633
1.0 0.533844 0.921306 0.006389 0.019687
1.0 0.468888 0.897762 0.004432 0.008392
1.0 0.446267 0.889814 0.005734 0.019633
1.0 0.494635 0.907185 0.004612 0.021152
0.0 0.510997 0.855618 0.017515 0.016792
0.0 0.443794 0.878948 0.004775 0.005747
0.0 0.539672 0.913896 0.006659 0.006669
1.0 0.637631 0.880246 0.023587 0.066047
1.0 0.580433 0.922602 0.009355 0.022888
1.0 0.631448 0.903699 0.004889 0.021677
1.0 0.662804 0.892913 0.009581 0.022971
1.0 0.610536 0.885344 0.024129 0.076243
1.0 0.671866 0.889069 0.007830 0.023384
1.0 0.591977 0.918607 0.009304 0.022446
1.0 0.594035 0.918084 0.005537 0.019798
1.0 0.660207 0.893864 0.005085 0.019633
1.0 0.583344 0.921306 0.006389 0.019687
1.0 0.648299 0.897762 0.004432 0.008392
1.0 0.670920 0.889814 0.005734 0.019633
1.0 0.622553 0.907185 0.004612 0.021152
0.0 0.606191 0.855618 0.017515 0.016792
0.0 0.673394 0.878948 0.004775 0.005747
0.0 0.577516 0.913896 0.006659 0.006669
1.0 0.713931 0.880246 0.023587 0.066047
1.0 0.771129 0.922602 0.009355 0.022888
1.0 0.720114 0.903699 0.004889 0.021677
1.0 0.688758 0.892913 0.009581 0.022971
1.0 0.741026 0.885344 0.024129 0.076243
1.0 0.679696 0.889069 0.007830 0.023384
1.0 0.759586 0.918607 0.009304 0.022446
1.0 0.757527 0.918084 0.005537 0.019798
1.0 0.691356 0.893864 0.005085 0.019633
1.0 0.768219 0.921306 0.006389 0.019687
1.0 0.703263 0.897762 0.004432 0.008392
1.0 0.680642 0.889814 0.005734 0.019633
1.0 0.729010 0.907185 0.004612 0.021152
0.0 0.745372 0.855618 0.017515 0.016792
0.0 0.678169 0.878948 0.004775 0.005747
0.0 0.774047 0.913896 0.006659 0.006669
1.0 0.872006 0.880246 0.023587 0.066047
1.0 0.814808 0.922602 0.009355 0.022888
1.0 0.865823 0.903699 0.004889 0.021677
1.0 0.897179 0.892913 0.009581 0.022971
1.0 0.844911 0.885344 0.024129 0.076243
1.0 0.906241 0.889069 0.007830 0.023384
1.0 0.826352 0.918607 0.009304 0.022446
1.0 0.828410 0.918084 0.005537 0.019798
1.0 0.894582 0.893864 0.005085 0.019633
1.0 0.817719 0.921306 0.006389 0.019687
1.0 0.882674 0.897762 0.004432 0.008392
1.0 0.905295 0.889814 0.005734 0.019633
1.0 0.856928 0.907185 0.004612 0.021152
0.0 0.840566 0.855618 0.017515 0.016792
0.0 0.907769 0.878948 0.004775 0.005747
0.0 0.811891 0.913896 0.006659 0.006669
1.0 0.948306 0.880246 0.023587 0.066047
1.0 0.954489 0.903699 0.004889 0.021677
1.0 0.923133 0.892913 0.009581 0.022971
1.0 0.975401 0.885344 0.024129 0.076243
1.0 0.914071 0.889069 0.007830 0.023384
1.0 0.993961 0.918607 0.009304 0.022446
1.0 0.991902 0.918084 0.005537 0.019798
1.0 0.925731 0.893864 0.005085 0.019633
1.0 0.999700 0.921306 0.000601 0.019687
1.0 0.937638 0.897762 0.004432 0.008392
1.0 0.915017 0.889814 0.005734 0.019633
1.0 0.963385 0.907185 0.004612 0.021152
0.0 0.979747 0.855618 0.017515 0.016792
0.0 0.912544 0.878948 0.004775 0.005747
