0.0 0.020605 0.023438 0.041211 0.046875
0.0 0.114982 0.017237 0.054967 0.034474
0.0 0.070410 0.023438 0.058398 0.046875
0.0 0.171346 0.017237 0.054967 0.034474
0.0 0.215918 0.023438 0.058398 0.046875
0.0 0.318889 0.017237 0.054967 0.034474
0.0 0.274316 0.023438 0.058398 0.046875
0.0 0.375252 0.017237 0.054967 0.034474
0.0 0.419824 0.023438 0.058398 0.046875
0.0 0.522795 0.017237 0.054967 0.034474
0.0 0.478223 0.023438 0.058398 0.046875
0.0 0.579158 0.017237 0.054967 0.034474
0.0 0.623730 0.023438 0.058398 0.046875
0.0 0.726701 0.017237 0.054967 0.034474
0.0 0.682129 0.023438 0.058398 0.046875
0.0 0.783064 0.017237 0.054967 0.034474
0.0 0.827637 0.023438 0.058398 0.046875
0.0 0.930607 0.017237 0.054967 0.034474
0.0 0.886035 0.023438 0.058398 0.046875
0.0 0.979744 0.017237 0.040513 0.034474
0.0 0.020605 0.108854 0.041211 0.123958
0.0 0.114982 0.126861 0.054967 0.135170
0.0 0.070410 0.108854 0.058398 0.123958
0.0 0.171346 0.126861 0.054967 0.135170
0.0 0.215918 0.108854 0.058398 0.123958
0.0 0.318889 0.126861 0.054967 0.135170
0.0 0.274316 0.108854 0.058398 0.123958
0.0 0.375252 0.126861 0.054967 0.135170
0.0 0.419824 0.108854 0.058398 0.123958
0.0 0.522795 0.126861 0.054967 0.135170
0.0 0.478223 0.108854 0.058398 0.123958
0.0 0.579158 0.126861 0.054967 0.135170
0.0 0.623730 0.108854 0.058398 0.123958
0.0 0.726701 0.126861 0.054967 0.135170
0.0 0.682129 0.108854 0.058398 0.123958
0.0 0.783064 0.126861 0.054967 0.135170
0.0 0.827637 0.108854 0.058398 0.123958
0.0 0.930607 0.126861 0.054967 0.135170
0.0 0.886035 0.108854 0.058398 0.123958
0.0 0.979744 0.126861 0.040513 0.135170
0.0 0.020605 0.347396 0.041211 0.123958
0.0 0.114982 0.329389 0.054967 0.135170
0.0 0.070410 0.347396 0.058398 0.123958
0.0 0.171346 0.329389 0.054967 0.135170
0.0 0.215918 0.347396 0.058398 0.123958
0.0 0.318889 0.329389 0.054967 0.135170
0.0 0.274316 0.347396 0.058398 0.123958
0.0 0.375252 0.329389 0.054967 0.135170
0.0 0.419824 0.347396 0.058398 0.123958
0.0 0.522795 0.329389 0.054967 0.135170
0.0 0.478223 0.347396 0.058398 0.123958
0.0 0.579158 0.329389 0.054967 0.135170
0.0 0.623730 0.347396 0.058398 0.123958
0.0 0.726701 0.329389 0.054967 0.135170
0.0 0.682129 0.347396 0.058398 0.123958
0.0 0.783064 0.329389 0.054967 0.135170
0.0 0.827637 0.347396 0.058398 0.123958
0.0 0.930607 0.329389 0.054967 0.135170
0.0 0.886035 0.347396 0.058398 0.123958
0.0 0.979744 0.329389 0.040513 0.135170
0.0 0.020605 0.471354 0.041211 0.123958
0.0 0.114982 0.489361 0.054967 0.135170
0.0 0.070410 0.471354 0.058398 0.123958
0.0 0.171346 0.489361 0.054967 0.135170
0.0 0.215918 0.471354 0.058398 0.123958
0.0 0.318889 0.489361 0.054967 0.135170
0.0 0.274316 0.471354 0.058398 0.123958
0.0 0.375252 0.489361 0.054967 0.135170
0.0 0.419824 0.471354 0.058398 0.123958
0.0 0.522795 0.489361 0.054967 0.135170
0.0 0.478223 0.471354 0.058398 0.123958
0.0 0.579158 0.489361 0.054967 0.135170
0.0 0.623730 0.471354 0.058398 0.123958
0.0 0.726701 0.489361 0.054967 0.135170
0.0 0.682129 0.471354 0.058398 0.123958
0.0 0.783064 0.489361 0.054967 0.135170
0.0 0.827637 0.471354 0.058398 0.123958
0.0 0.930607 0.489361 0.054967 0.135170
0.0 0.886035 0.471354 0.058398 0.123958
0.0 0.979744 0.489361 0.040513 0.135170
0.0 0.020605 0.709896 0.041211 0.123958
0.0 0.114982 0.691889 0.054967 0.135170
0.0 0.070410 0.709896 0.058398 0.123958
0.0 0.171346 0.691889 0.054967 0.135170
0.0 0.215918 0.709896 0.058398 0.123958
0.0 0.318889 0.691889 0.054967 0.135170
0.0 0.274316 0.709896 0.058398 0.123958
0.0 0.375252 0.691889 0.054967 0.135170
0.0 0.419824 0.709896 0.058398 0.123958
0.0 0.522795 0.691889 0.054967 0.135170
0.0 0.478223 0.709896 0.058398 0.123958
0.0 0.579158 0.691889 0.054967 0.135170
0.0 0.623730 0.709896 0.058398 0.123958
0.0 0.726701 0.691889 0.054967 0.135170
0.0 0.682129 0.709896 0.058398 0.123958
0.0 0.783064 0.691889 0.054967 0.135170
0.0 0.827637 0.709896 0.058398 0.123958
0.0 0.930607 0.691889 0.054967 0.135170
0.0 0.886035 0.709896 0.058398 0.123958
0.0 0.979744 0.691889 0.040513 0.135170
0.0 0.020605 0.833854 0.041211 0.123958
0.0 0.114982 0.851861 0.054967 0.135170
0.0 0.070410 0.833854 0.058398 0.123958
0.0 0.171346 0.851861 0.054967 0.135170
0.0 0.215918 0.833854 0.058398 0.123958
0.0 0.318889 0.851861 0.054967 0.135170
0.0 0.274316 0.833854 0.058398 0.123958
0.0 0.375252 0.851861 0.054967 0.135170
0.0 0.419824 0.833854 0.058398 0.123958
0.0 0.522795 0.851861 0.054967 0.135170
0.0 0.478223 0.833854 0.058398 0.123958
0.0 0.579158 0.851861 0.054967 0.135170
0.0 0.623730 0.833854 0.058398 0.123958
0.0 0.726701 0.851861 0.054967 0.135170
0.0 0.682129 0.833854 0.058398 0.123958
0.0 0.783064 0.851861 0.054967 0.135170
0.0 0.827637 0.833854 0.058398 0.123958
0.0 0.930607 0.851861 0.054967 0.135170
0.0 0.886035 0.833854 0.058398 0.123958
0.0 0.979744 0.851861 0.040513 0.135170
0.0 0.114982 0.993402 0.054967 0.013196
0.0 0.171346 0.993402 0.054967 0.013196
0.0 0.318889 0.993402 0.054967 0.013196
0.0 0.375252 0.993402 0.054967 0.013196
0.0 0.522795 0.993402 0.054967 0.013196
0.0 0.579158 0.993402 0.054967 0.013196
0.0 0.726701 0.993402 0.054967 0.013196
0.0 0.783064 0.993402 0.054967 0.013196
0.0 0.930607 0.993402 0.054967 0.013196
0.0 0.979744 0.993402 0.040513 0.013196
