0.0 0.074399 0.612879 0.148797 0.254766
0.0 0.401361 0.612879 0.272191 0.254766
0.0 0.556227 0.591887 0.241513 0.166107
0.0 0.631989 0.661243 0.163291 0.181607
0.0 0.660733 0.783696 0.091396 0.168161
0.0 0.749077 0.698613 0.087784 0.181607
0.0 0.740763 0.803011 0.091396 0.168161
0.0 0.954477 0.591887 0.091047 0.166107
0.0 0.936151 0.661243 0.127697 0.181607
0.0 0.925204 0.783696 0.091396 0.168161
0.0 0.836861 0.698613 0.087784 0.181607
0.0 0.845175 0.803011 0.091396 0.168161
0.0 0.660733 0.956390 0.091396 0.087221
0.0 0.740763 0.946732 0.091396 0.106535
0.0 0.925204 0.956390 0.091396 0.087221
0.0 0.845175 0.946732 0.091396 0.106535
