1.0 0.167583 0.145833 0.310605 0.291667
1.0 0.480854 0.145833 0.310605 0.291667
1.0 0.857703 0.145833 0.284595 0.291667
0.0 0.246470 0.667533 0.064228 0.081601
0.0 0.074390 0.665935 0.108067 0.084797
1.0 0.167583 0.500000 0.310605 0.416667
0.0 0.401967 0.667533 0.064228 0.081601
0.0 0.574047 0.665935 0.108067 0.084797
1.0 0.480854 0.500000 0.310605 0.416667
0.0 0.949595 0.667533 0.064228 0.081601
0.0 0.777515 0.665935 0.108067 0.084797
1.0 0.857703 0.500000 0.284595 0.416667
0.0 0.246470 0.749134 0.064228 0.081601
0.0 0.074390 0.750732 0.108067 0.084797
1.0 0.167583 0.854167 0.310605 0.291667
0.0 0.401967 0.749134 0.064228 0.081601
0.0 0.574047 0.750732 0.108067 0.084797
1.0 0.480854 0.854167 0.310605 0.291667
0.0 0.949595 0.749134 0.064228 0.081601
0.0 0.777515 0.750732 0.108067 0.084797
1.0 0.857703 0.854167 0.284595 0.291667
