0.0 0.284145 0.088579 0.087030 0.114276
0.0 0.142996 0.084965 0.060954 0.085549
1.0 0.212339 0.147513 0.245407 0.276844
0.0 0.403355 0.088579 0.087030 0.114276
0.0 0.544504 0.084965 0.060954 0.085549
1.0 0.475161 0.147513 0.245407 0.276844
0.0 0.909145 0.088579 0.087030 0.114276
0.0 0.767996 0.084965 0.060954 0.085549
1.0 0.837339 0.147513 0.245407 0.276844
0.0 0.992420 0.088579 0.015160 0.114276
0.0 0.284145 0.494754 0.087030 0.114276
0.0 0.142996 0.498368 0.060954 0.085549
1.0 0.212339 0.435820 0.245407 0.276844
0.0 0.403355 0.494754 0.087030 0.114276
0.0 0.544504 0.498368 0.060954 0.085549
1.0 0.475161 0.435820 0.245407 0.276844
0.0 0.909145 0.494754 0.087030 0.114276
0.0 0.767996 0.498368 0.060954 0.085549
1.0 0.837339 0.435820 0.245407 0.276844
0.0 0.992420 0.494754 0.015160 0.114276
0.0 0.284145 0.921912 0.087030 0.114276
0.0 0.142996 0.918299 0.060954 0.085549
1.0 0.212339 0.921212 0.245407 0.157576
0.0 0.403355 0.921912 0.087030 0.114276
0.0 0.544504 0.918299 0.060954 0.085549
1.0 0.475161 0.921212 0.245407 0.157576
0.0 0.909145 0.921912 0.087030 0.114276
0.0 0.767996 0.918299 0.060954 0.085549
1.0 0.837339 0.921212 0.245407 0.157576
0.0 0.992420 0.921912 0.015160 0.114276
