1.0 0.000470 0.003195 0.000940 0.005848
1.0 0.088020 0.042452 0.040997 0.072594
1.0 0.057373 0.036286 0.047961 0.072571
1.0 0.192179 0.067761 0.020329 0.058485
1.0 0.026641 0.009745 0.017555 0.019489
1.0 0.124402 0.037732 0.007278 0.007133
1.0 0.152219 0.048545 0.008307 0.008664
1.0 0.184929 0.057076 0.007128 0.014297
1.0 0.162187 0.051410 0.008244 0.008043
1.0 0.109301 0.032585 0.007918 0.009141
1.0 0.036604 0.006788 0.005408 0.005935
1.0 0.011321 0.003195 0.008896 0.005848
1.0 0.021396 0.009620 0.007717 0.011480
0.0 0.038453 0.057670 0.029777 0.017437
0.0 0.065387 0.070067 0.033529 0.019183
1.0 0.316668 0.042452 0.040997 0.072594
1.0 0.347314 0.036286 0.047961 0.072571
1.0 0.212508 0.067761 0.020329 0.058485
1.0 0.378047 0.009745 0.017555 0.019489
1.0 0.280286 0.037732 0.007278 0.007133
1.0 0.252469 0.048545 0.008307 0.008664
1.0 0.219758 0.057076 0.007128 0.014297
1.0 0.242500 0.051410 0.008244 0.008043
1.0 0.295386 0.032585 0.007918 0.009141
1.0 0.368084 0.006788 0.005408 0.005935
1.0 0.393367 0.003195 0.008896 0.005848
1.0 0.383292 0.009620 0.007717 0.011480
0.0 0.366235 0.057670 0.029777 0.017437
0.0 0.339301 0.070067 0.033529 0.019183
1.0 0.484895 0.042452 0.040997 0.072594
1.0 0.454248 0.036286 0.047961 0.072571
1.0 0.589054 0.067761 0.020329 0.058485
1.0 0.423516 0.009745 0.017555 0.019489
1.0 0.521277 0.037732 0.007278 0.007133
1.0 0.549094 0.048545 0.008307 0.008664
1.0 0.581804 0.057076 0.007128 0.014297
1.0 0.559062 0.051410 0.008244 0.008043
1.0 0.506176 0.032585 0.007918 0.009141
1.0 0.433479 0.006788 0.005408 0.005935
1.0 0.408196 0.003195 0.008896 0.005848
1.0 0.418271 0.009620 0.007717 0.011480
0.0 0.435328 0.057670 0.029777 0.017437
0.0 0.462262 0.070067 0.033529 0.019183
1.0 0.713543 0.042452 0.040997 0.072594
1.0 0.744189 0.036286 0.047961 0.072571
1.0 0.609383 0.067761 0.020329 0.058485
1.0 0.774922 0.009745 0.017555 0.019489
1.0 0.677161 0.037732 0.007278 0.007133
1.0 0.649344 0.048545 0.008307 0.008664
1.0 0.616633 0.057076 0.007128 0.014297
1.0 0.639375 0.051410 0.008244 0.008043
1.0 0.692261 0.032585 0.007918 0.009141
1.0 0.764959 0.006788 0.005408 0.005935
1.0 0.790242 0.003195 0.008896 0.005848
1.0 0.780167 0.009620 0.007717 0.011480
0.0 0.763110 0.057670 0.029777 0.017437
0.0 0.736176 0.070067 0.033529 0.019183
1.0 0.881770 0.042452 0.040997 0.072594
1.0 0.851123 0.036286 0.047961 0.072571
1.0 0.985929 0.067761 0.020329 0.058485
1.0 0.820391 0.009745 0.017555 0.019489
1.0 0.918152 0.037732 0.007278 0.007133
1.0 0.945969 0.048545 0.008307 0.008664
1.0 0.978679 0.057076 0.007128 0.014297
1.0 0.955937 0.051410 0.008244 0.008043
1.0 0.903051 0.032585 0.007918 0.009141
1.0 0.830354 0.006788 0.005408 0.005935
1.0 0.805071 0.003195 0.008896 0.005848
1.0 0.815146 0.009620 0.007717 0.011480
0.0 0.832203 0.057670 0.029777 0.017437
0.0 0.859137 0.070067 0.033529 0.019183
1.0 0.998047 0.067761 0.003906 0.058485
1.0 0.000470 0.292638 0.000940 0.005848
1.0 0.088020 0.253382 0.040997 0.072594
1.0 0.057373 0.261573 0.047961 0.076622
1.0 0.192179 0.228073 0.020329 0.058485
1.0 0.026641 0.289665 0.017555 0.026643
1.0 0.124402 0.258102 0.007278 0.007133
1.0 0.152219 0.247289 0.008307 0.008664
1.0 0.184929 0.238758 0.007128 0.014297
1.0 0.162187 0.244423 0.008244 0.008043
1.0 0.109301 0.263248 0.007918 0.009141
1.0 0.036604 0.289046 0.005408 0.005935
1.0 0.011321 0.292638 0.008896 0.005848
1.0 0.021396 0.286213 0.007717 0.011480
0.0 0.038453 0.238163 0.029777 0.017437
0.0 0.065387 0.225767 0.033529 0.019183
1.0 0.316668 0.253382 0.040997 0.072594
1.0 0.347314 0.261573 0.047961 0.076622
1.0 0.212508 0.228073 0.020329 0.058485
1.0 0.378047 0.289665 0.017555 0.026643
1.0 0.280286 0.258102 0.007278 0.007133
1.0 0.252469 0.247289 0.008307 0.008664
1.0 0.219758 0.238758 0.007128 0.014297
1.0 0.242500 0.244423 0.008244 0.008043
1.0 0.295386 0.263248 0.007918 0.009141
1.0 0.368084 0.289046 0.005408 0.005935
1.0 0.393367 0.292638 0.008896 0.005848
1.0 0.383292 0.286213 0.007717 0.011480
0.0 0.366235 0.238163 0.029777 0.017437
0.0 0.339301 0.225767 0.033529 0.019183
1.0 0.484895 0.253382 0.040997 0.072594
1.0 0.454248 0.261573 0.047961 0.076622
1.0 0.589054 0.228073 0.020329 0.058485
1.0 0.423516 0.289665 0.017555 0.026643
1.0 0.521277 0.258102 0.007278 0.007133
1.0 0.549094 0.247289 0.008307 0.008664
1.0 0.581804 0.238758 0.007128 0.014297
1.0 0.559062 0.244423 0.008244 0.008043
1.0 0.506176 0.263248 0.007918 0.009141
1.0 0.433479 0.289046 0.005408 0.005935
1.0 0.408196 0.292638 0.008896 0.005848
1.0 0.418271 0.286213 0.007717 0.011480
0.0 0.435328 0.238163 0.029777 0.017437
0.0 0.462262 0.225767 0.033529 0.019183
1.0 0.713543 0.253382 0.040997 0.072594
1.0 0.744189 0.261573 0.047961 0.076622
1.0 0.609383 0.228073 0.020329 0.058485
1.0 0.774922 0.289665 0.017555 0.026643
1.0 0.677161 0.258102 0.007278 0.007133
1.0 0.649344 0.247289 0.008307 0.008664
1.0 0.616633 0.238758 0.007128 0.014297
1.0 0.639375 0.244423 0.008244 0.008043
1.0 0.692261 0.263248 0.007918 0.009141
1.0 0.764959 0.289046 0.005408 0.005935
1.0 0.790242 0.292638 0.008896 0.005848
1.0 0.780167 0.286213 0.007717 0.011480
0.0 0.763110 0.238163 0.029777 0.017437
0.0 0.736176 0.225767 0.033529 0.019183
1.0 0.881770 0.253382 0.040997 0.072594
1.0 0.851123 0.261573 0.047961 0.076622
1.0 0.985929 0.228073 0.020329 0.058485
1.0 0.820391 0.289665 0.017555 0.026643
1.0 0.918152 0.258102 0.007278 0.007133
1.0 0.945969 0.247289 0.008307 0.008664
1.0 0.978679 0.238758 0.007128 0.014297
1.0 0.955937 0.244423 0.008244 0.008043
1.0 0.903051 0.263248 0.007918 0.009141
1.0 0.830354 0.289046 0.005408 0.005935
1.0 0.805071 0.292638 0.008896 0.005848
1.0 0.815146 0.286213 0.007717 0.011480
0.0 0.832203 0.238163 0.029777 0.017437
0.0 0.859137 0.225767 0.033529 0.019183
1.0 0.998047 0.228073 0.003906 0.058485
1.0 0.000470 0.472639 0.000940 0.005848
1.0 0.088020 0.511896 0.040997 0.072594
1.0 0.057373 0.503704 0.047961 0.076622
1.0 0.192179 0.537205 0.020329 0.058485
1.0 0.026641 0.475612 0.017555 0.026643
1.0 0.124402 0.507176 0.007278 0.007133
1.0 0.152219 0.517989 0.008307 0.008664
1.0 0.184929 0.526520 0.007128 0.014297
1.0 0.162187 0.520855 0.008244 0.008043
1.0 0.109301 0.502030 0.007918 0.009141
1.0 0.036604 0.476232 0.005408 0.005935
1.0 0.011321 0.472639 0.008896 0.005848
1.0 0.021396 0.479065 0.007717 0.011480
0.0 0.038453 0.527114 0.029777 0.017437
0.0 0.065387 0.539511 0.033529 0.019183
1.0 0.316668 0.511896 0.040997 0.072594
1.0 0.347314 0.503704 0.047961 0.076622
1.0 0.212508 0.537205 0.020329 0.058485
1.0 0.378047 0.475612 0.017555 0.026643
1.0 0.280286 0.507176 0.007278 0.007133
1.0 0.252469 0.517989 0.008307 0.008664
1.0 0.219758 0.526520 0.007128 0.014297
1.0 0.242500 0.520855 0.008244 0.008043
1.0 0.295386 0.502030 0.007918 0.009141
1.0 0.368084 0.476232 0.005408 0.005935
1.0 0.393367 0.472639 0.008896 0.005848
1.0 0.383292 0.479065 0.007717 0.011480
0.0 0.366235 0.527114 0.029777 0.017437
0.0 0.339301 0.539511 0.033529 0.019183
1.0 0.484895 0.511896 0.040997 0.072594
1.0 0.454248 0.503704 0.047961 0.076622
1.0 0.589054 0.537205 0.020329 0.058485
1.0 0.423516 0.475612 0.017555 0.026643
1.0 0.521277 0.507176 0.007278 0.007133
1.0 0.549094 0.517989 0.008307 0.008664
1.0 0.581804 0.526520 0.007128 0.014297
1.0 0.559062 0.520855 0.008244 0.008043
1.0 0.506176 0.502030 0.007918 0.009141
1.0 0.433479 0.476232 0.005408 0.005935
1.0 0.408196 0.472639 0.008896 0.005848
1.0 0.418271 0.479065 0.007717 0.011480
0.0 0.435328 0.527114 0.029777 0.017437
0.0 0.462262 0.539511 0.033529 0.019183
1.0 0.713543 0.511896 0.040997 0.072594
1.0 0.744189 0.503704 0.047961 0.076622
1.0 0.609383 0.537205 0.020329 0.058485
1.0 0.774922 0.475612 0.017555 0.026643
1.0 0.677161 0.507176 0.007278 0.007133
1.0 0.649344 0.517989 0.008307 0.008664
1.0 0.616633 0.526520 0.007128 0.014297
1.0 0.639375 0.520855 0.008244 0.008043
1.0 0.692261 0.502030 0.007918 0.009141
1.0 0.764959 0.476232 0.005408 0.005935
1.0 0.790242 0.472639 0.008896 0.005848
1.0 0.780167 0.479065 0.007717 0.011480
0.0 0.763110 0.527114 0.029777 0.017437
0.0 0.736176 0.539511 0.033529 0.019183
1.0 0.881770 0.511896 0.040997 0.072594
1.0 0.851123 0.503704 0.047961 0.076622
1.0 0.985929 0.537205 0.020329 0.058485
1.0 0.820391 0.475612 0.017555 0.026643
1.0 0.918152 0.507176 0.007278 0.007133
1.0 0.945969 0.517989 0.008307 0.008664
1.0 0.978679 0.526520 0.007128 0.014297
1.0 0.955937 0.520855 0.008244 0.008043
1.0 0.903051 0.502030 0.007918 0.009141
1.0 0.830354 0.476232 0.005408 0.005935
1.0 0.805071 0.472639 0.008896 0.005848
1.0 0.815146 0.479065 0.007717 0.011480
0.0 0.832203 0.527114 0.029777 0.017437
0.0 0.859137 0.539511 0.033529 0.019183
1.0 0.998047 0.537205 0.003906 0.058485
1.0 0.000470 0.762083 0.000940 0.005848
1.0 0.088020 0.722826 0.040997 0.072594
1.0 0.057373 0.731018 0.047961 0.076622
1.0 0.192179 0.697517 0.020329 0.058485
1.0 0.026641 0.759110 0.017555 0.026643
1.0 0.124402 0.727546 0.007278 0.007133
1.0 0.152219 0.716733 0.008307 0.008664
1.0 0.184929 0.708202 0.007128 0.014297
1.0 0.162187 0.713868 0.008244 0.008043
1.0 0.109301 0.732693 0.007918 0.009141
1.0 0.036604 0.758490 0.005408 0.005935
1.0 0.011321 0.762083 0.008896 0.005848
1.0 0.021396 0.755658 0.007717 0.011480
0.0 0.038453 0.707608 0.029777 0.017437
0.0 0.065387 0.695211 0.033529 0.019183
1.0 0.316668 0.722826 0.040997 0.072594
1.0 0.347314 0.731018 0.047961 0.076622
1.0 0.212508 0.697517 0.020329 0.058485
1.0 0.378047 0.759110 0.017555 0.026643
1.0 0.280286 0.727546 0.007278 0.007133
1.0 0.252469 0.716733 0.008307 0.008664
1.0 0.219758 0.708202 0.007128 0.014297
1.0 0.242500 0.713868 0.008244 0.008043
1.0 0.295386 0.732693 0.007918 0.009141
1.0 0.368084 0.758490 0.005408 0.005935
1.0 0.393367 0.762083 0.008896 0.005848
1.0 0.383292 0.755658 0.007717 0.011480
0.0 0.366235 0.707608 0.029777 0.017437
0.0 0.339301 0.695211 0.033529 0.019183
1.0 0.484895 0.722826 0.040997 0.072594
1.0 0.454248 0.731018 0.047961 0.076622
1.0 0.589054 0.697517 0.020329 0.058485
1.0 0.423516 0.759110 0.017555 0.026643
1.0 0.521277 0.727546 0.007278 0.007133
1.0 0.549094 0.716733 0.008307 0.008664
1.0 0.581804 0.708202 0.007128 0.014297
1.0 0.559062 0.713868 0.008244 0.008043
1.0 0.506176 0.732693 0.007918 0.009141
1.0 0.433479 0.758490 0.005408 0.005935
1.0 0.408196 0.762083 0.008896 0.005848
1.0 0.418271 0.755658 0.007717 0.011480
0.0 0.435328 0.707608 0.029777 0.017437
0.0 0.462262 0.695211 0.033529 0.019183
1.0 0.713543 0.722826 0.040997 0.072594
1.0 0.744189 0.731018 0.047961 0.076622
1.0 0.609383 0.697517 0.020329 0.058485
1.0 0.774922 0.759110 0.017555 0.026643
1.0 0.677161 0.727546 0.007278 0.007133
1.0 0.649344 0.716733 0.008307 0.008664
1.0 0.616633 0.708202 0.007128 0.014297
1.0 0.639375 0.713868 0.008244 0.008043
1.0 0.692261 0.732693 0.007918 0.009141
1.0 0.764959 0.758490 0.005408 0.005935
1.0 0.790242 0.762083 0.008896 0.005848
1.0 0.780167 0.755658 0.007717 0.011480
0.0 0.763110 0.707608 0.029777 0.017437
0.0 0.736176 0.695211 0.033529 0.019183
1.0 0.881770 0.722826 0.040997 0.072594
1.0 0.851123 0.731018 0.047961 0.076622
1.0 0.985929 0.697517 0.020329 0.058485
1.0 0.820391 0.759110 0.017555 0.026643
1.0 0.918152 0.727546 0.007278 0.007133
1.0 0.945969 0.716733 0.008307 0.008664
1.0 0.978679 0.708202 0.007128 0.014297
1.0 0.955937 0.713868 0.008244 0.008043
1.0 0.903051 0.732693 0.007918 0.009141
1.0 0.830354 0.758490 0.005408 0.005935
1.0 0.805071 0.762083 0.008896 0.005848
1.0 0.815146 0.755658 0.007717 0.011480
0.0 0.832203 0.707608 0.029777 0.017437
0.0 0.859137 0.695211 0.033529 0.019183
1.0 0.998047 0.697517 0.003906 0.058485
1.0 0.000470 0.942084 0.000940 0.005848
1.0 0.088020 0.972522 0.040997 0.054957
1.0 0.057373 0.967419 0.047961 0.065162
1.0 0.192179 0.988703 0.020329 0.022593
1.0 0.026641 0.945057 0.017555 0.026643
1.0 0.124402 0.976621 0.007278 0.007133
1.0 0.152219 0.987434 0.008307 0.008664
1.0 0.184929 0.994408 0.007128 0.011184
1.0 0.162187 0.990299 0.008244 0.008043
1.0 0.109301 0.971474 0.007918 0.009141
1.0 0.036604 0.945676 0.005408 0.005935
1.0 0.011321 0.942084 0.008896 0.005848
1.0 0.021396 0.948509 0.007717 0.011480
0.0 0.038453 0.993920 0.029777 0.012159
1.0 0.316668 0.972522 0.040997 0.054957
1.0 0.347314 0.967419 0.047961 0.065162
1.0 0.212508 0.988703 0.020329 0.022593
1.0 0.378047 0.945057 0.017555 0.026643
1.0 0.280286 0.976621 0.007278 0.007133
1.0 0.252469 0.987434 0.008307 0.008664
1.0 0.219758 0.994408 0.007128 0.011184
1.0 0.242500 0.990299 0.008244 0.008043
1.0 0.295386 0.971474 0.007918 0.009141
1.0 0.368084 0.945676 0.005408 0.005935
1.0 0.393367 0.942084 0.008896 0.005848
1.0 0.383292 0.948509 0.007717 0.011480
0.0 0.366235 0.993920 0.029777 0.012159
1.0 0.484895 0.972522 0.040997 0.054957
1.0 0.454248 0.967419 0.047961 0.065162
1.0 0.589054 0.988703 0.020329 0.022593
1.0 0.423516 0.945057 0.017555 0.026643
1.0 0.521277 0.976621 0.007278 0.007133
1.0 0.549094 0.987434 0.008307 0.008664
1.0 0.581804 0.994408 0.007128 0.011184
1.0 0.559062 0.990299 0.008244 0.008043
1.0 0.506176 0.971474 0.007918 0.009141
1.0 0.433479 0.945676 0.005408 0.005935
1.0 0.408196 0.942084 0.008896 0.005848
1.0 0.418271 0.948509 0.007717 0.011480
0.0 0.435328 0.993920 0.029777 0.012159
1.0 0.713543 0.972522 0.040997 0.054957
1.0 0.744189 0.967419 0.047961 0.065162
1.0 0.609383 0.988703 0.020329 0.022593
1.0 0.774922 0.945057 0.017555 0.026643
1.0 0.677161 0.976621 0.007278 0.007133
1.0 0.649344 0.987434 0.008307 0.008664
1.0 0.616633 0.994408 0.007128 0.011184
1.0 0.639375 0.990299 0.008244 0.008043
1.0 0.692261 0.971474 0.007918 0.009141
1.0 0.764959 0.945676 0.005408 0.005935
1.0 0.790242 0.942084 0.008896 0.005848
1.0 0.780167 0.948509 0.007717 0.011480
0.0 0.763110 0.993920 0.029777 0.012159
1.0 0.881770 0.972522 0.040997 0.054957
1.0 0.851123 0.967419 0.047961 0.065162
1.0 0.985929 0.988703 0.020329 0.022593
1.0 0.820391 0.945057 0.017555 0.026643
1.0 0.918152 0.976621 0.007278 0.007133
1.0 0.945969 0.987434 0.008307 0.008664
1.0 0.978679 0.994408 0.007128 0.011184
1.0 0.955937 0.990299 0.008244 0.008043
1.0 0.903051 0.971474 0.007918 0.009141
1.0 0.830354 0.945676 0.005408 0.005935
1.0 0.805071 0.942084 0.008896 0.005848
1.0 0.815146 0.948509 0.007717 0.011480
0.0 0.832203 0.993920 0.029777 0.012159
