0.0 0.589738 0.076389 0.237975 0.152778
0.0 0.906184 0.076389 0.187632 0.152778
0.0 0.054175 0.589756 0.108350 0.492463
0.0 0.113523 0.619727 0.227046 0.454991
0.0 0.589738 0.320591 0.237975 0.335626
0.0 0.514617 0.589756 0.288122 0.492463
0.0 0.411827 0.619727 0.319934 0.454991
0.0 0.596863 0.650900 0.233568 0.392645
0.0 0.906184 0.320591 0.187632 0.335626
0.0 0.931208 0.589756 0.137585 0.492463
0.0 0.974650 0.619727 0.050701 0.454991
0.0 0.903723 0.650900 0.192553 0.392645
0.0 0.054175 0.929228 0.108350 0.141543
0.0 0.113523 0.923611 0.227046 0.152778
0.0 0.514617 0.929228 0.288122 0.141543
0.0 0.411827 0.923611 0.319934 0.152778
0.0 0.596863 0.923611 0.233568 0.152778
0.0 0.931208 0.929228 0.137585 0.141543
0.0 0.903723 0.923611 0.192553 0.152778
