1.0 0.010780 0.046500 0.018130 0.038458
1.0 0.176836 0.039571 0.056496 0.079142
1.0 0.251518 0.066831 0.025684 0.039715
1.0 0.291331 0.069543 0.020249 0.038953
1.0 0.090404 0.036543 0.054342 0.073086
1.0 0.021920 0.048047 0.012033 0.035372
1.0 0.243084 0.065827 0.010526 0.035251
1.0 0.279421 0.068585 0.015024 0.034638
1.0 0.203455 0.061826 0.012701 0.014328
1.0 0.147242 0.056492 0.009435 0.039707
1.0 0.133083 0.054865 0.038423 0.043660
1.0 0.116764 0.055020 0.006957 0.036911
1.0 0.227052 0.060627 0.007018 0.003810
1.0 0.632821 0.043911 0.023867 0.039244
1.0 0.598595 0.046500 0.018130 0.038458
1.0 0.432539 0.039571 0.056496 0.079142
1.0 0.357857 0.066831 0.025684 0.039715
1.0 0.318044 0.069543 0.020249 0.038953
1.0 0.518971 0.036543 0.054342 0.073086
1.0 0.587455 0.048047 0.012033 0.035372
1.0 0.366291 0.065827 0.010526 0.035251
1.0 0.329954 0.068585 0.015024 0.034638
1.0 0.622080 0.043308 0.013759 0.032265
1.0 0.405920 0.061826 0.012701 0.014328
1.0 0.462133 0.056492 0.009435 0.039707
1.0 0.476292 0.054865 0.038423 0.043660
1.0 0.492611 0.055020 0.006957 0.036911
1.0 0.382323 0.060627 0.007018 0.003810
1.0 0.757804 0.043911 0.023867 0.039244
1.0 0.792030 0.046500 0.018130 0.038458
1.0 0.958086 0.039571 0.056496 0.079142
1.0 0.871654 0.036543 0.054342 0.073086
1.0 0.803170 0.048047 0.012033 0.035372
1.0 0.768545 0.043308 0.013759 0.032265
1.0 0.984705 0.061826 0.012701 0.014328
1.0 0.928492 0.056492 0.009435 0.039707
1.0 0.914333 0.054865 0.038423 0.043660
1.0 0.898014 0.055020 0.006957 0.036911
1.0 0.010780 0.490537 0.018130 0.038458
1.0 0.176836 0.521510 0.056496 0.127229
1.0 0.251518 0.470206 0.025684 0.039715
1.0 0.291331 0.467494 0.020249 0.038953
1.0 0.090404 0.526621 0.054342 0.125339
1.0 0.021920 0.488990 0.012033 0.035372
1.0 0.243084 0.471210 0.010526 0.035251
1.0 0.279421 0.468452 0.015024 0.034638
1.0 0.203455 0.475211 0.012701 0.014328
1.0 0.147242 0.480545 0.009435 0.039707
1.0 0.133083 0.482172 0.038423 0.043660
1.0 0.116764 0.482017 0.006957 0.036911
1.0 0.227052 0.476410 0.007018 0.003810
0.0 0.182445 0.583306 0.055857 0.032774
0.0 0.087674 0.590694 0.056728 0.033308
1.0 0.181568 0.687706 0.056496 0.087552
1.0 0.095230 0.692568 0.054342 0.077827
0.0 0.184017 0.645101 0.055857 0.032774
0.0 0.089258 0.652950 0.056728 0.033308
1.0 0.632821 0.493126 0.023867 0.039244
1.0 0.598595 0.490537 0.018130 0.038458
1.0 0.432539 0.521510 0.056496 0.127229
1.0 0.357857 0.470206 0.025684 0.039715
1.0 0.318044 0.467494 0.020249 0.038953
1.0 0.518971 0.526621 0.054342 0.125339
1.0 0.587455 0.488990 0.012033 0.035372
1.0 0.366291 0.471210 0.010526 0.035251
1.0 0.329954 0.468452 0.015024 0.034638
1.0 0.622080 0.493729 0.013759 0.032265
1.0 0.405920 0.475211 0.012701 0.014328
1.0 0.462133 0.480545 0.009435 0.039707
1.0 0.476292 0.482172 0.038423 0.043660
1.0 0.492611 0.482017 0.006957 0.036911
1.0 0.382323 0.476410 0.007018 0.003810
0.0 0.426930 0.583306 0.055857 0.032774
0.0 0.521701 0.590694 0.056728 0.033308
1.0 0.427807 0.687706 0.056496 0.087552
1.0 0.514145 0.692568 0.054342 0.077827
0.0 0.425358 0.645101 0.055857 0.032774
0.0 0.520117 0.652950 0.056728 0.033308
1.0 0.757804 0.493126 0.023867 0.039244
1.0 0.792030 0.490537 0.018130 0.038458
1.0 0.958086 0.521510 0.056496 0.127229
1.0 0.871654 0.526621 0.054342 0.125339
1.0 0.803170 0.488990 0.012033 0.035372
1.0 0.768545 0.493729 0.013759 0.032265
1.0 0.984705 0.475211 0.012701 0.014328
1.0 0.928492 0.480545 0.009435 0.039707
1.0 0.914333 0.482172 0.038423 0.043660
1.0 0.898014 0.482017 0.006957 0.036911
0.0 0.963695 0.583306 0.055857 0.032774
0.0 0.868924 0.590694 0.056728 0.033308
1.0 0.962818 0.687706 0.056496 0.087552
1.0 0.876480 0.692568 0.054342 0.077827
0.0 0.965267 0.645101 0.055857 0.032774
0.0 0.870508 0.652950 0.056728 0.033308
1.0 0.010780 0.972426 0.018130 0.038458
1.0 0.176836 0.938919 0.056496 0.122162
1.0 0.251518 0.986450 0.025684 0.027101
1.0 0.291331 0.987996 0.020249 0.024008
1.0 0.090404 0.936342 0.054342 0.125339
1.0 0.021920 0.973973 0.012033 0.035372
1.0 0.243084 0.987064 0.010526 0.025872
1.0 0.279421 0.988596 0.015024 0.022808
1.0 0.203455 0.987752 0.012701 0.014328
1.0 0.147242 0.981282 0.009435 0.037435
1.0 0.133083 0.979481 0.038423 0.041039
1.0 0.116764 0.980946 0.006957 0.036911
1.0 0.227052 0.986553 0.007018 0.003810
0.0 0.182445 0.879657 0.055857 0.032774
0.0 0.087674 0.872269 0.056728 0.033308
1.0 0.181568 0.775257 0.056496 0.087552
1.0 0.095230 0.770395 0.054342 0.077827
0.0 0.184017 0.817862 0.055857 0.032774
0.0 0.089258 0.810013 0.056728 0.033308
1.0 0.632821 0.969837 0.023867 0.039244
1.0 0.598595 0.972426 0.018130 0.038458
1.0 0.432539 0.938919 0.056496 0.122162
1.0 0.357857 0.986450 0.025684 0.027101
1.0 0.318044 0.987996 0.020249 0.024008
1.0 0.518971 0.936342 0.054342 0.125339
1.0 0.587455 0.973973 0.012033 0.035372
1.0 0.366291 0.987064 0.010526 0.025872
1.0 0.329954 0.988596 0.015024 0.022808
1.0 0.622080 0.969234 0.013759 0.032265
1.0 0.405920 0.987752 0.012701 0.014328
1.0 0.462133 0.981282 0.009435 0.037435
1.0 0.476292 0.979481 0.038423 0.041039
1.0 0.492611 0.980946 0.006957 0.036911
1.0 0.382323 0.986553 0.007018 0.003810
0.0 0.426930 0.879657 0.055857 0.032774
0.0 0.521701 0.872269 0.056728 0.033308
1.0 0.427807 0.775257 0.056496 0.087552
1.0 0.514145 0.770395 0.054342 0.077827
0.0 0.425358 0.817862 0.055857 0.032774
0.0 0.520117 0.810013 0.056728 0.033308
1.0 0.757804 0.969837 0.023867 0.039244
1.0 0.792030 0.972426 0.018130 0.038458
1.0 0.958086 0.938919 0.056496 0.122162
1.0 0.871654 0.936342 0.054342 0.125339
1.0 0.803170 0.973973 0.012033 0.035372
1.0 0.768545 0.969234 0.013759 0.032265
1.0 0.984705 0.987752 0.012701 0.014328
1.0 0.928492 0.981282 0.009435 0.037435
1.0 0.914333 0.979481 0.038423 0.041039
1.0 0.898014 0.980946 0.006957 0.036911
0.0 0.963695 0.879657 0.055857 0.032774
0.0 0.868924 0.872269 0.056728 0.033308
1.0 0.962818 0.775257 0.056496 0.087552
1.0 0.876480 0.770395 0.054342 0.077827
0.0 0.965267 0.817862 0.055857 0.032774
0.0 0.870508 0.810013 0.056728 0.033308
