1.0 0.001490 0.251875 0.002980 0.027499
0.0 0.003866 0.260927 0.007732 0.009397
1.0 0.227967 0.251875 0.024394 0.027499
1.0 0.227383 0.246909 0.017914 0.017023
0.0 0.216015 0.260927 0.009993 0.009397
1.0 0.303283 0.251875 0.024394 0.027499
1.0 0.303867 0.246909 0.017914 0.017023
0.0 0.315235 0.260927 0.009993 0.009397
1.0 0.540467 0.251875 0.024394 0.027499
1.0 0.539883 0.246909 0.017914 0.017023
0.0 0.528515 0.260927 0.009993 0.009397
1.0 0.615783 0.251875 0.024394 0.027499
1.0 0.616367 0.246909 0.017914 0.017023
0.0 0.627735 0.260927 0.009993 0.009397
1.0 0.852967 0.251875 0.024394 0.027499
1.0 0.852383 0.246909 0.017914 0.017023
0.0 0.841015 0.260927 0.009993 0.009397
1.0 0.928283 0.251875 0.024394 0.027499
1.0 0.928867 0.246909 0.017914 0.017023
0.0 0.940235 0.260927 0.009993 0.009397
1.0 0.001490 0.279375 0.002980 0.027499
0.0 0.003866 0.270323 0.007732 0.009397
1.0 0.227967 0.279375 0.024394 0.027499
1.0 0.227383 0.284341 0.017914 0.017023
0.0 0.216015 0.270323 0.009993 0.009397
1.0 0.303283 0.279375 0.024394 0.027499
1.0 0.303867 0.284341 0.017914 0.017023
0.0 0.315235 0.270323 0.009993 0.009397
1.0 0.540467 0.279375 0.024394 0.027499
1.0 0.539883 0.284341 0.017914 0.017023
0.0 0.528515 0.270323 0.009993 0.009397
1.0 0.615783 0.279375 0.024394 0.027499
1.0 0.616367 0.284341 0.017914 0.017023
0.0 0.627735 0.270323 0.009993 0.009397
1.0 0.852967 0.279375 0.024394 0.027499
1.0 0.852383 0.284341 0.017914 0.017023
0.0 0.841015 0.270323 0.009993 0.009397
1.0 0.928283 0.279375 0.024394 0.027499
1.0 0.928867 0.284341 0.017914 0.017023
0.0 0.940235 0.270323 0.009993 0.009397
1.0 0.001490 0.564375 0.002980 0.027499
0.0 0.003866 0.573427 0.007732 0.009397
1.0 0.227967 0.564375 0.024394 0.027499
1.0 0.227383 0.559409 0.017914 0.017023
0.0 0.216015 0.573427 0.009993 0.009397
1.0 0.303283 0.564375 0.024394 0.027499
1.0 0.303867 0.559409 0.017914 0.017023
0.0 0.315235 0.573427 0.009993 0.009397
1.0 0.540467 0.564375 0.024394 0.027499
1.0 0.539883 0.559409 0.017914 0.017023
0.0 0.528515 0.573427 0.009993 0.009397
1.0 0.615783 0.564375 0.024394 0.027499
1.0 0.616367 0.559409 0.017914 0.017023
0.0 0.627735 0.573427 0.009993 0.009397
1.0 0.852967 0.564375 0.024394 0.027499
1.0 0.852383 0.559409 0.017914 0.017023
0.0 0.841015 0.573427 0.009993 0.009397
1.0 0.928283 0.564375 0.024394 0.027499
1.0 0.928867 0.559409 0.017914 0.017023
0.0 0.940235 0.573427 0.009993 0.009397
1.0 0.001490 0.591875 0.002980 0.027499
0.0 0.003866 0.582823 0.007732 0.009397
1.0 0.227967 0.591875 0.024394 0.027499
1.0 0.227383 0.596841 0.017914 0.017023
0.0 0.216015 0.582823 0.009993 0.009397
1.0 0.303283 0.591875 0.024394 0.027499
1.0 0.303867 0.596841 0.017914 0.017023
0.0 0.315235 0.582823 0.009993 0.009397
1.0 0.540467 0.591875 0.024394 0.027499
1.0 0.539883 0.596841 0.017914 0.017023
0.0 0.528515 0.582823 0.009993 0.009397
1.0 0.615783 0.591875 0.024394 0.027499
1.0 0.616367 0.596841 0.017914 0.017023
0.0 0.627735 0.582823 0.009993 0.009397
1.0 0.852967 0.591875 0.024394 0.027499
1.0 0.852383 0.596841 0.017914 0.017023
0.0 0.841015 0.582823 0.009993 0.009397
1.0 0.928283 0.591875 0.024394 0.027499
1.0 0.928867 0.596841 0.017914 0.017023
0.0 0.940235 0.582823 0.009993 0.009397
1.0 0.001490 0.876875 0.002980 0.027499
0.0 0.003866 0.885927 0.007732 0.009397
1.0 0.227967 0.876875 0.024394 0.027499
1.0 0.227383 0.871909 0.017914 0.017023
0.0 0.216015 0.885927 0.009993 0.009397
1.0 0.303283 0.876875 0.024394 0.027499
1.0 0.303867 0.871909 0.017914 0.017023
0.0 0.315235 0.885927 0.009993 0.009397
1.0 0.540467 0.876875 0.024394 0.027499
1.0 0.539883 0.871909 0.017914 0.017023
0.0 0.528515 0.885927 0.009993 0.009397
1.0 0.615783 0.876875 0.024394 0.027499
1.0 0.616367 0.871909 0.017914 0.017023
0.0 0.627735 0.885927 0.009993 0.009397
1.0 0.852967 0.876875 0.024394 0.027499
1.0 0.852383 0.871909 0.017914 0.017023
0.0 0.841015 0.885927 0.009993 0.009397
1.0 0.928283 0.876875 0.024394 0.027499
1.0 0.928867 0.871909 0.017914 0.017023
0.0 0.940235 0.885927 0.009993 0.009397
1.0 0.001490 0.904375 0.002980 0.027499
0.0 0.003866 0.895323 0.007732 0.009397
1.0 0.227967 0.904375 0.024394 0.027499
1.0 0.227383 0.909341 0.017914 0.017023
0.0 0.216015 0.895323 0.009993 0.009397
1.0 0.303283 0.904375 0.024394 0.027499
1.0 0.303867 0.909341 0.017914 0.017023
0.0 0.315235 0.895323 0.009993 0.009397
1.0 0.540467 0.904375 0.024394 0.027499
1.0 0.539883 0.909341 0.017914 0.017023
0.0 0.528515 0.895323 0.009993 0.009397
1.0 0.615783 0.904375 0.024394 0.027499
1.0 0.616367 0.909341 0.017914 0.017023
0.0 0.627735 0.895323 0.009993 0.009397
1.0 0.852967 0.904375 0.024394 0.027499
1.0 0.852383 0.909341 0.017914 0.017023
0.0 0.841015 0.895323 0.009993 0.009397
1.0 0.928283 0.904375 0.024394 0.027499
1.0 0.928867 0.909341 0.017914 0.017023
0.0 0.940235 0.895323 0.009993 0.009397
