1.0 0.105319 0.020633 0.008112 0.041265
1.0 0.099668 0.017709 0.008155 0.035417
1.0 0.089276 0.016529 0.012386 0.033058
1.0 0.054860 0.027321 0.013847 0.054642
1.0 0.041853 0.023830 0.013651 0.047660
1.0 0.097169 0.017145 0.008148 0.034290
0.0 0.051081 0.059857 0.015478 0.026292
0.0 0.037185 0.051978 0.013837 0.022509
0.0 0.030082 0.009556 0.042134 0.019112
0.0 0.009152 0.015911 0.018304 0.031822
0.0 0.064520 0.078575 0.017385 0.009516
1.0 0.113431 0.020633 0.008112 0.041265
1.0 0.119082 0.017709 0.008155 0.035417
1.0 0.129474 0.016529 0.012386 0.033058
1.0 0.163890 0.027321 0.013847 0.054642
1.0 0.176897 0.023830 0.013651 0.047660
1.0 0.121581 0.017145 0.008148 0.034290
0.0 0.167669 0.059857 0.015478 0.026292
0.0 0.181565 0.051978 0.013837 0.022509
0.0 0.188668 0.009556 0.042134 0.019112
0.0 0.223858 0.015911 0.046823 0.031822
0.0 0.154230 0.078575 0.017385 0.009516
0.0 0.247699 0.041667 0.035851 0.083333
1.0 0.417819 0.020633 0.008112 0.041265
1.0 0.412168 0.017709 0.008155 0.035417
1.0 0.401776 0.016529 0.012386 0.033058
1.0 0.367360 0.027321 0.013847 0.054642
1.0 0.354353 0.023830 0.013651 0.047660
1.0 0.409669 0.017145 0.008148 0.034290
0.0 0.363581 0.059857 0.015478 0.026292
0.0 0.349685 0.051978 0.013837 0.022509
0.0 0.342582 0.009556 0.042134 0.019112
0.0 0.307392 0.015911 0.046823 0.031822
0.0 0.377020 0.078575 0.017385 0.009516
0.0 0.283551 0.041667 0.035851 0.083333
1.0 0.425931 0.020633 0.008112 0.041265
1.0 0.431582 0.017709 0.008155 0.035417
1.0 0.441974 0.016529 0.012386 0.033058
1.0 0.476390 0.027321 0.013847 0.054642
1.0 0.489397 0.023830 0.013651 0.047660
1.0 0.434081 0.017145 0.008148 0.034290
0.0 0.480169 0.059857 0.015478 0.026292
0.0 0.494065 0.051978 0.013837 0.022509
0.0 0.501168 0.009556 0.042134 0.019112
0.0 0.536358 0.015911 0.046823 0.031822
0.0 0.466730 0.078575 0.017385 0.009516
0.0 0.560199 0.041667 0.035851 0.083333
1.0 0.730319 0.020633 0.008112 0.041265
1.0 0.724668 0.017709 0.008155 0.035417
1.0 0.714276 0.016529 0.012386 0.033058
1.0 0.679860 0.027321 0.013847 0.054642
1.0 0.666853 0.023830 0.013651 0.047660
1.0 0.722169 0.017145 0.008148 0.034290
0.0 0.676081 0.059857 0.015478 0.026292
0.0 0.662185 0.051978 0.013837 0.022509
0.0 0.655082 0.009556 0.042134 0.019112
0.0 0.619892 0.015911 0.046823 0.031822
0.0 0.689520 0.078575 0.017385 0.009516
0.0 0.596051 0.041667 0.035851 0.083333
1.0 0.738431 0.020633 0.008112 0.041265
1.0 0.744082 0.017709 0.008155 0.035417
1.0 0.754474 0.016529 0.012386 0.033058
1.0 0.788890 0.027321 0.013847 0.054642
1.0 0.801897 0.023830 0.013651 0.047660
1.0 0.746581 0.017145 0.008148 0.034290
0.0 0.792669 0.059857 0.015478 0.026292
0.0 0.806565 0.051978 0.013837 0.022509
0.0 0.813668 0.009556 0.042134 0.019112
0.0 0.848858 0.015911 0.046823 0.031822
0.0 0.779230 0.078575 0.017385 0.009516
0.0 0.872699 0.041667 0.035851 0.083333
1.0 0.992360 0.027321 0.013847 0.054642
1.0 0.979353 0.023830 0.013651 0.047660
0.0 0.988581 0.059857 0.015478 0.026292
0.0 0.974685 0.051978 0.013837 0.022509
0.0 0.967582 0.009556 0.042134 0.019112
0.0 0.932392 0.015911 0.046823 0.031822
0.0 0.996664 0.078575 0.006672 0.009516
0.0 0.908551 0.041667 0.035851 0.083333
1.0 0.105319 0.148402 0.008112 0.046001
1.0 0.099668 0.152233 0.008155 0.041967
1.0 0.089276 0.156652 0.012386 0.046086
1.0 0.017403 0.189522 0.011562 0.045530
1.0 0.007766 0.194790 0.011830 0.045232
1.0 0.054860 0.140926 0.013847 0.057802
1.0 0.041853 0.147386 0.013651 0.056760
1.0 0.097169 0.153365 0.008148 0.041977
0.0 0.051081 0.106809 0.015478 0.026292
0.0 0.037185 0.114688 0.013837 0.022509
0.0 0.003828 0.174786 0.007656 0.012286
0.0 0.030082 0.218650 0.042134 0.142190
0.0 0.009152 0.231349 0.018304 0.193009
0.0 0.064520 0.088091 0.017385 0.009516
1.0 0.113431 0.148402 0.008112 0.046001
1.0 0.119082 0.152233 0.008155 0.041967
1.0 0.129474 0.156652 0.012386 0.046086
1.0 0.201347 0.189522 0.011562 0.045530
1.0 0.210984 0.194790 0.011830 0.045232
1.0 0.163890 0.140926 0.013847 0.057802
1.0 0.176897 0.147386 0.013651 0.056760
1.0 0.121581 0.153365 0.008148 0.041977
0.0 0.167669 0.106809 0.015478 0.026292
0.0 0.181565 0.114688 0.013837 0.022509
0.0 0.215092 0.174786 0.007995 0.012286
0.0 0.188668 0.218650 0.042134 0.142190
0.0 0.223858 0.231349 0.046823 0.193009
0.0 0.154230 0.088091 0.017385 0.009516
0.0 0.247699 0.165017 0.035851 0.163367
1.0 0.417819 0.148402 0.008112 0.046001
1.0 0.412168 0.152233 0.008155 0.041967
1.0 0.401776 0.156652 0.012386 0.046086
1.0 0.329903 0.189522 0.011562 0.045530
1.0 0.320266 0.194790 0.011830 0.045232
1.0 0.367360 0.140926 0.013847 0.057802
1.0 0.354353 0.147386 0.013651 0.056760
1.0 0.409669 0.153365 0.008148 0.041977
0.0 0.363581 0.106809 0.015478 0.026292
0.0 0.349685 0.114688 0.013837 0.022509
0.0 0.316158 0.174786 0.007995 0.012286
0.0 0.342582 0.218650 0.042134 0.142190
0.0 0.307392 0.231349 0.046823 0.193009
0.0 0.377020 0.088091 0.017385 0.009516
0.0 0.283551 0.165017 0.035851 0.163367
1.0 0.425931 0.148402 0.008112 0.046001
1.0 0.431582 0.152233 0.008155 0.041967
1.0 0.441974 0.156652 0.012386 0.046086
1.0 0.513847 0.189522 0.011562 0.045530
1.0 0.523484 0.194790 0.011830 0.045232
1.0 0.476390 0.140926 0.013847 0.057802
1.0 0.489397 0.147386 0.013651 0.056760
1.0 0.434081 0.153365 0.008148 0.041977
0.0 0.480169 0.106809 0.015478 0.026292
0.0 0.494065 0.114688 0.013837 0.022509
0.0 0.527592 0.174786 0.007995 0.012286
0.0 0.501168 0.218650 0.042134 0.142190
0.0 0.536358 0.231349 0.046823 0.193009
0.0 0.466730 0.088091 0.017385 0.009516
0.0 0.560199 0.165017 0.035851 0.163367
1.0 0.730319 0.148402 0.008112 0.046001
1.0 0.724668 0.152233 0.008155 0.041967
1.0 0.714276 0.156652 0.012386 0.046086
1.0 0.642403 0.189522 0.011562 0.045530
1.0 0.632766 0.194790 0.011830 0.045232
1.0 0.679860 0.140926 0.013847 0.057802
1.0 0.666853 0.147386 0.013651 0.056760
1.0 0.722169 0.153365 0.008148 0.041977
0.0 0.676081 0.106809 0.015478 0.026292
0.0 0.662185 0.114688 0.013837 0.022509
0.0 0.628658 0.174786 0.007995 0.012286
0.0 0.655082 0.218650 0.042134 0.142190
0.0 0.619892 0.231349 0.046823 0.193009
0.0 0.689520 0.088091 0.017385 0.009516
0.0 0.596051 0.165017 0.035851 0.163367
1.0 0.738431 0.148402 0.008112 0.046001
1.0 0.744082 0.152233 0.008155 0.041967
1.0 0.754474 0.156652 0.012386 0.046086
1.0 0.826347 0.189522 0.011562 0.045530
1.0 0.835984 0.194790 0.011830 0.045232
1.0 0.788890 0.140926 0.013847 0.057802
1.0 0.801897 0.147386 0.013651 0.056760
1.0 0.746581 0.153365 0.008148 0.041977
0.0 0.792669 0.106809 0.015478 0.026292
0.0 0.806565 0.114688 0.013837 0.022509
0.0 0.840092 0.174786 0.007995 0.012286
0.0 0.813668 0.218650 0.042134 0.142190
0.0 0.848858 0.231349 0.046823 0.193009
0.0 0.779230 0.088091 0.017385 0.009516
0.0 0.872699 0.165017 0.035851 0.163367
1.0 0.954903 0.189522 0.011562 0.045530
1.0 0.945266 0.194790 0.011830 0.045232
1.0 0.992360 0.140926 0.013847 0.057802
1.0 0.979353 0.147386 0.013651 0.056760
0.0 0.988581 0.106809 0.015478 0.026292
0.0 0.974685 0.114688 0.013837 0.022509
0.0 0.941158 0.174786 0.007995 0.012286
0.0 0.967582 0.218650 0.042134 0.142190
0.0 0.932392 0.231349 0.046823 0.193009
0.0 0.996664 0.088091 0.006672 0.009516
0.0 0.908551 0.165017 0.035851 0.163367
1.0 0.105319 0.573821 0.008112 0.046001
1.0 0.099668 0.569989 0.008155 0.041967
1.0 0.089276 0.565570 0.012386 0.046086
1.0 0.017403 0.532700 0.011562 0.045530
1.0 0.007766 0.527432 0.011830 0.045232
1.0 0.054860 0.581296 0.013847 0.057802
1.0 0.041853 0.574836 0.013651 0.056760
1.0 0.097169 0.568857 0.008148 0.041977
0.0 0.051081 0.615413 0.015478 0.026292
0.0 0.037185 0.607534 0.013837 0.022509
0.0 0.003828 0.547437 0.007656 0.012286
0.0 0.030082 0.503573 0.042134 0.142190
0.0 0.009152 0.490874 0.018304 0.193009
0.0 0.064520 0.634131 0.017385 0.009516
1.0 0.113431 0.573821 0.008112 0.046001
1.0 0.119082 0.569989 0.008155 0.041967
1.0 0.129474 0.565570 0.012386 0.046086
1.0 0.201347 0.532700 0.011562 0.045530
1.0 0.210984 0.527432 0.011830 0.045232
1.0 0.163890 0.581296 0.013847 0.057802
1.0 0.176897 0.574836 0.013651 0.056760
1.0 0.121581 0.568857 0.008148 0.041977
0.0 0.167669 0.615413 0.015478 0.026292
0.0 0.181565 0.607534 0.013837 0.022509
0.0 0.215092 0.547437 0.007995 0.012286
0.0 0.188668 0.503573 0.042134 0.142190
0.0 0.223858 0.490874 0.046823 0.193009
0.0 0.154230 0.634131 0.017385 0.009516
0.0 0.247699 0.557205 0.035851 0.163367
1.0 0.417819 0.573821 0.008112 0.046001
1.0 0.412168 0.569989 0.008155 0.041967
1.0 0.401776 0.565570 0.012386 0.046086
1.0 0.329903 0.532700 0.011562 0.045530
1.0 0.320266 0.527432 0.011830 0.045232
1.0 0.367360 0.581296 0.013847 0.057802
1.0 0.354353 0.574836 0.013651 0.056760
1.0 0.409669 0.568857 0.008148 0.041977
0.0 0.363581 0.615413 0.015478 0.026292
0.0 0.349685 0.607534 0.013837 0.022509
0.0 0.316158 0.547437 0.007995 0.012286
0.0 0.342582 0.503573 0.042134 0.142190
0.0 0.307392 0.490874 0.046823 0.193009
0.0 0.377020 0.634131 0.017385 0.009516
0.0 0.283551 0.557205 0.035851 0.163367
1.0 0.425931 0.573821 0.008112 0.046001
1.0 0.431582 0.569989 0.008155 0.041967
1.0 0.441974 0.565570 0.012386 0.046086
1.0 0.513847 0.532700 0.011562 0.045530
1.0 0.523484 0.527432 0.011830 0.045232
1.0 0.476390 0.581296 0.013847 0.057802
1.0 0.489397 0.574836 0.013651 0.056760
1.0 0.434081 0.568857 0.008148 0.041977
0.0 0.480169 0.615413 0.015478 0.026292
0.0 0.494065 0.607534 0.013837 0.022509
0.0 0.527592 0.547437 0.007995 0.012286
0.0 0.501168 0.503573 0.042134 0.142190
0.0 0.536358 0.490874 0.046823 0.193009
0.0 0.466730 0.634131 0.017385 0.009516
0.0 0.560199 0.557205 0.035851 0.163367
1.0 0.730319 0.573821 0.008112 0.046001
1.0 0.724668 0.569989 0.008155 0.041967
1.0 0.714276 0.565570 0.012386 0.046086
1.0 0.642403 0.532700 0.011562 0.045530
1.0 0.632766 0.527432 0.011830 0.045232
1.0 0.679860 0.581296 0.013847 0.057802
1.0 0.666853 0.574836 0.013651 0.056760
1.0 0.722169 0.568857 0.008148 0.041977
0.0 0.676081 0.615413 0.015478 0.026292
0.0 0.662185 0.607534 0.013837 0.022509
0.0 0.628658 0.547437 0.007995 0.012286
0.0 0.655082 0.503573 0.042134 0.142190
0.0 0.619892 0.490874 0.046823 0.193009
0.0 0.689520 0.634131 0.017385 0.009516
0.0 0.596051 0.557205 0.035851 0.163367
1.0 0.738431 0.573821 0.008112 0.046001
1.0 0.744082 0.569989 0.008155 0.041967
1.0 0.754474 0.565570 0.012386 0.046086
1.0 0.826347 0.532700 0.011562 0.045530
1.0 0.835984 0.527432 0.011830 0.045232
1.0 0.788890 0.581296 0.013847 0.057802
1.0 0.801897 0.574836 0.013651 0.056760
1.0 0.746581 0.568857 0.008148 0.041977
0.0 0.792669 0.615413 0.015478 0.026292
0.0 0.806565 0.607534 0.013837 0.022509
0.0 0.840092 0.547437 0.007995 0.012286
0.0 0.813668 0.503573 0.042134 0.142190
0.0 0.848858 0.490874 0.046823 0.193009
0.0 0.779230 0.634131 0.017385 0.009516
0.0 0.872699 0.557205 0.035851 0.163367
1.0 0.954903 0.532700 0.011562 0.045530
1.0 0.945266 0.527432 0.011830 0.045232
1.0 0.992360 0.581296 0.013847 0.057802
1.0 0.979353 0.574836 0.013651 0.056760
0.0 0.988581 0.615413 0.015478 0.026292
0.0 0.974685 0.607534 0.013837 0.022509
0.0 0.941158 0.547437 0.007995 0.012286
0.0 0.967582 0.503573 0.042134 0.142190
0.0 0.932392 0.490874 0.046823 0.193009
0.0 0.996664 0.634131 0.006672 0.009516
0.0 0.908551 0.557205 0.035851 0.163367
1.0 0.105319 0.703957 0.008112 0.046001
1.0 0.099668 0.707788 0.008155 0.041967
1.0 0.089276 0.712207 0.012386 0.046086
1.0 0.017403 0.745077 0.011562 0.045530
1.0 0.007766 0.750345 0.011830 0.045232
1.0 0.054860 0.696481 0.013847 0.057802
1.0 0.041853 0.702942 0.013651 0.056760
1.0 0.097169 0.708921 0.008148 0.041977
0.0 0.051081 0.662365 0.015478 0.026292
0.0 0.037185 0.670244 0.013837 0.022509
0.0 0.003828 0.730341 0.007656 0.012286
0.0 0.030082 0.774205 0.042134 0.142190
0.0 0.009152 0.786904 0.018304 0.193009
0.0 0.064520 0.643647 0.017385 0.009516
1.0 0.113431 0.703957 0.008112 0.046001
1.0 0.119082 0.707788 0.008155 0.041967
1.0 0.129474 0.712207 0.012386 0.046086
1.0 0.201347 0.745077 0.011562 0.045530
1.0 0.210984 0.750345 0.011830 0.045232
1.0 0.163890 0.696481 0.013847 0.057802
1.0 0.176897 0.702942 0.013651 0.056760
1.0 0.121581 0.708921 0.008148 0.041977
0.0 0.167669 0.662365 0.015478 0.026292
0.0 0.181565 0.670244 0.013837 0.022509
0.0 0.215092 0.730341 0.007995 0.012286
0.0 0.188668 0.774205 0.042134 0.142190
0.0 0.223858 0.786904 0.046823 0.193009
0.0 0.154230 0.643647 0.017385 0.009516
0.0 0.247699 0.720573 0.035851 0.163367
1.0 0.417819 0.703957 0.008112 0.046001
1.0 0.412168 0.707788 0.008155 0.041967
1.0 0.401776 0.712207 0.012386 0.046086
1.0 0.329903 0.745077 0.011562 0.045530
1.0 0.320266 0.750345 0.011830 0.045232
1.0 0.367360 0.696481 0.013847 0.057802
1.0 0.354353 0.702942 0.013651 0.056760
1.0 0.409669 0.708921 0.008148 0.041977
0.0 0.363581 0.662365 0.015478 0.026292
0.0 0.349685 0.670244 0.013837 0.022509
0.0 0.316158 0.730341 0.007995 0.012286
0.0 0.342582 0.774205 0.042134 0.142190
0.0 0.307392 0.786904 0.046823 0.193009
0.0 0.377020 0.643647 0.017385 0.009516
0.0 0.283551 0.720573 0.035851 0.163367
1.0 0.425931 0.703957 0.008112 0.046001
1.0 0.431582 0.707788 0.008155 0.041967
1.0 0.441974 0.712207 0.012386 0.046086
1.0 0.513847 0.745077 0.011562 0.045530
1.0 0.523484 0.750345 0.011830 0.045232
1.0 0.476390 0.696481 0.013847 0.057802
1.0 0.489397 0.702942 0.013651 0.056760
1.0 0.434081 0.708921 0.008148 0.041977
0.0 0.480169 0.662365 0.015478 0.026292
0.0 0.494065 0.670244 0.013837 0.022509
0.0 0.527592 0.730341 0.007995 0.012286
0.0 0.501168 0.774205 0.042134 0.142190
0.0 0.536358 0.786904 0.046823 0.193009
0.0 0.466730 0.643647 0.017385 0.009516
0.0 0.560199 0.720573 0.035851 0.163367
1.0 0.730319 0.703957 0.008112 0.046001
1.0 0.724668 0.707788 0.008155 0.041967
1.0 0.714276 0.712207 0.012386 0.046086
1.0 0.642403 0.745077 0.011562 0.045530
1.0 0.632766 0.750345 0.011830 0.045232
1.0 0.679860 0.696481 0.013847 0.057802
1.0 0.666853 0.702942 0.013651 0.056760
1.0 0.722169 0.708921 0.008148 0.041977
0.0 0.676081 0.662365 0.015478 0.026292
0.0 0.662185 0.670244 0.013837 0.022509
0.0 0.628658 0.730341 0.007995 0.012286
0.0 0.655082 0.774205 0.042134 0.142190
0.0 0.619892 0.786904 0.046823 0.193009
0.0 0.689520 0.643647 0.017385 0.009516
0.0 0.596051 0.720573 0.035851 0.163367
1.0 0.738431 0.703957 0.008112 0.046001
1.0 0.744082 0.707788 0.008155 0.041967
1.0 0.754474 0.712207 0.012386 0.046086
1.0 0.826347 0.745077 0.011562 0.045530
1.0 0.835984 0.750345 0.011830 0.045232
1.0 0.788890 0.696481 0.013847 0.057802
1.0 0.801897 0.702942 0.013651 0.056760
1.0 0.746581 0.708921 0.008148 0.041977
0.0 0.792669 0.662365 0.015478 0.026292
0.0 0.806565 0.670244 0.013837 0.022509
0.0 0.840092 0.730341 0.007995 0.012286
0.0 0.813668 0.774205 0.042134 0.142190
0.0 0.848858 0.786904 0.046823 0.193009
0.0 0.779230 0.643647 0.017385 0.009516
0.0 0.872699 0.720573 0.035851 0.163367
1.0 0.954903 0.745077 0.011562 0.045530
1.0 0.945266 0.750345 0.011830 0.045232
1.0 0.992360 0.696481 0.013847 0.057802
1.0 0.979353 0.702942 0.013651 0.056760
0.0 0.988581 0.662365 0.015478 0.026292
0.0 0.974685 0.670244 0.013837 0.022509
0.0 0.941158 0.730341 0.007995 0.012286
0.0 0.967582 0.774205 0.042134 0.142190
0.0 0.932392 0.786904 0.046823 0.193009
0.0 0.996664 0.643647 0.006672 0.009516
0.0 0.908551 0.720573 0.035851 0.163367
0.0 0.030082 0.994017 0.042134 0.011967
0.0 0.009152 0.974962 0.018304 0.050075
0.0 0.188668 0.994017 0.042134 0.011967
0.0 0.223858 0.974962 0.046823 0.050075
0.0 0.342582 0.994017 0.042134 0.011967
0.0 0.307392 0.974962 0.046823 0.050075
0.0 0.501168 0.994017 0.042134 0.011967
0.0 0.536358 0.974962 0.046823 0.050075
0.0 0.655082 0.994017 0.042134 0.011967
0.0 0.619892 0.974962 0.046823 0.050075
0.0 0.813668 0.994017 0.042134 0.011967
0.0 0.848858 0.974962 0.046823 0.050075
0.0 0.967582 0.994017 0.042134 0.011967
0.0 0.932392 0.974962 0.046823 0.050075
