1.0 0.040285 0.031093 0.032375 0.062186
1.0 0.027531 0.039874 0.022694 0.045252
0.0 0.046381 0.007672 0.013002 0.015344
0.0 0.025605 0.008290 0.019507 0.016580
0.0 0.048525 0.006221 0.004990 0.008736
1.0 0.078465 0.031093 0.032375 0.062186
1.0 0.091219 0.039874 0.022694 0.045252
0.0 0.072369 0.007672 0.013002 0.015344
0.0 0.093145 0.008290 0.019507 0.016580
0.0 0.070225 0.006221 0.004990 0.008736
1.0 0.175832 0.031093 0.032375 0.062186
1.0 0.163078 0.039874 0.022694 0.045252
0.0 0.181928 0.007672 0.013002 0.015344
0.0 0.161152 0.008290 0.019507 0.016580
0.0 0.184072 0.006221 0.004990 0.008736
1.0 0.214012 0.031093 0.032375 0.062186
1.0 0.226766 0.039874 0.022694 0.045252
0.0 0.207916 0.007672 0.013002 0.015344
0.0 0.228692 0.008290 0.019507 0.016580
0.0 0.205772 0.006221 0.004990 0.008736
1.0 0.311379 0.031093 0.032375 0.062186
1.0 0.298624 0.039874 0.022694 0.045252
0.0 0.317475 0.007672 0.013002 0.015344
0.0 0.296699 0.008290 0.019507 0.016580
0.0 0.319618 0.006221 0.004990 0.008736
1.0 0.349558 0.031093 0.032375 0.062186
1.0 0.362313 0.039874 0.022694 0.045252
0.0 0.343463 0.007672 0.013002 0.015344
0.0 0.364239 0.008290 0.019507 0.016580
0.0 0.341319 0.006221 0.004990 0.008736
1.0 0.446926 0.031093 0.032375 0.062186
1.0 0.434171 0.039874 0.022694 0.045252
0.0 0.453022 0.007672 0.013002 0.015344
0.0 0.432246 0.008290 0.019507 0.016580
0.0 0.455165 0.006221 0.004990 0.008736
1.0 0.485105 0.031093 0.032375 0.062186
1.0 0.497860 0.039874 0.022694 0.045252
0.0 0.479010 0.007672 0.013002 0.015344
0.0 0.499786 0.008290 0.019507 0.016580
0.0 0.476866 0.006221 0.004990 0.008736
1.0 0.582473 0.031093 0.032375 0.062186
1.0 0.569718 0.039874 0.022694 0.045252
0.0 0.588568 0.007672 0.013002 0.015344
0.0 0.567792 0.008290 0.019507 0.016580
0.0 0.590712 0.006221 0.004990 0.008736
1.0 0.620652 0.031093 0.032375 0.062186
1.0 0.633407 0.039874 0.022694 0.045252
0.0 0.614557 0.007672 0.013002 0.015344
0.0 0.635333 0.008290 0.019507 0.016580
0.0 0.612413 0.006221 0.004990 0.008736
1.0 0.718020 0.031093 0.032375 0.062186
1.0 0.705265 0.039874 0.022694 0.045252
0.0 0.724115 0.007672 0.013002 0.015344
0.0 0.703339 0.008290 0.019507 0.016580
0.0 0.726259 0.006221 0.004990 0.008736
1.0 0.756199 0.031093 0.032375 0.062186
1.0 0.768954 0.039874 0.022694 0.045252
0.0 0.750103 0.007672 0.013002 0.015344
0.0 0.770879 0.008290 0.019507 0.016580
0.0 0.747960 0.006221 0.004990 0.008736
1.0 0.853567 0.031093 0.032375 0.062186
1.0 0.840812 0.039874 0.022694 0.045252
0.0 0.859662 0.007672 0.013002 0.015344
0.0 0.838886 0.008290 0.019507 0.016580
0.0 0.861806 0.006221 0.004990 0.008736
1.0 0.891746 0.031093 0.032375 0.062186
1.0 0.904501 0.039874 0.022694 0.045252
0.0 0.885650 0.007672 0.013002 0.015344
0.0 0.906426 0.008290 0.019507 0.016580
0.0 0.883507 0.006221 0.004990 0.008736
1.0 0.986463 0.031093 0.027074 0.062186
1.0 0.976359 0.039874 0.022694 0.045252
0.0 0.994354 0.007672 0.011292 0.015344
0.0 0.974433 0.008290 0.019507 0.016580
0.0 0.997353 0.006221 0.004990 0.008736
1.0 0.040285 0.100094 0.032375 0.074560
1.0 0.027531 0.085126 0.022694 0.045252
0.0 0.046381 0.120840 0.013002 0.022369
0.0 0.025605 0.130747 0.019507 0.044654
0.0 0.048525 0.118779 0.004990 0.008736
1.0 0.078465 0.100094 0.032375 0.074560
1.0 0.091219 0.085126 0.022694 0.045252
0.0 0.072369 0.120840 0.013002 0.022369
0.0 0.093145 0.130747 0.019507 0.044654
0.0 0.070225 0.118779 0.004990 0.008736
1.0 0.175832 0.100094 0.032375 0.074560
1.0 0.163078 0.085126 0.022694 0.045252
0.0 0.181928 0.120840 0.013002 0.022369
0.0 0.161152 0.130747 0.019507 0.044654
0.0 0.184072 0.118779 0.004990 0.008736
1.0 0.214012 0.100094 0.032375 0.074560
1.0 0.226766 0.085126 0.022694 0.045252
0.0 0.207916 0.120840 0.013002 0.022369
0.0 0.228692 0.130747 0.019507 0.044654
0.0 0.205772 0.118779 0.004990 0.008736
1.0 0.311379 0.100094 0.032375 0.074560
1.0 0.298624 0.085126 0.022694 0.045252
0.0 0.317475 0.120840 0.013002 0.022369
0.0 0.296699 0.130747 0.019507 0.044654
0.0 0.319618 0.118779 0.004990 0.008736
1.0 0.349558 0.100094 0.032375 0.074560
1.0 0.362313 0.085126 0.022694 0.045252
0.0 0.343463 0.120840 0.013002 0.022369
0.0 0.364239 0.130747 0.019507 0.044654
0.0 0.341319 0.118779 0.004990 0.008736
1.0 0.446926 0.100094 0.032375 0.074560
1.0 0.434171 0.085126 0.022694 0.045252
0.0 0.453022 0.120840 0.013002 0.022369
0.0 0.432246 0.130747 0.019507 0.044654
0.0 0.455165 0.118779 0.004990 0.008736
1.0 0.485105 0.100094 0.032375 0.074560
1.0 0.497860 0.085126 0.022694 0.045252
0.0 0.479010 0.120840 0.013002 0.022369
0.0 0.499786 0.130747 0.019507 0.044654
0.0 0.476866 0.118779 0.004990 0.008736
1.0 0.582473 0.100094 0.032375 0.074560
1.0 0.569718 0.085126 0.022694 0.045252
0.0 0.588568 0.120840 0.013002 0.022369
0.0 0.567792 0.130747 0.019507 0.044654
0.0 0.590712 0.118779 0.004990 0.008736
1.0 0.620652 0.100094 0.032375 0.074560
1.0 0.633407 0.085126 0.022694 0.045252
0.0 0.614557 0.120840 0.013002 0.022369
0.0 0.635333 0.130747 0.019507 0.044654
0.0 0.612413 0.118779 0.004990 0.008736
1.0 0.718020 0.100094 0.032375 0.074560
1.0 0.705265 0.085126 0.022694 0.045252
0.0 0.724115 0.120840 0.013002 0.022369
0.0 0.703339 0.130747 0.019507 0.044654
0.0 0.726259 0.118779 0.004990 0.008736
1.0 0.756199 0.100094 0.032375 0.074560
1.0 0.768954 0.085126 0.022694 0.045252
0.0 0.750103 0.120840 0.013002 0.022369
0.0 0.770879 0.130747 0.019507 0.044654
0.0 0.747960 0.118779 0.004990 0.008736
1.0 0.853567 0.100094 0.032375 0.074560
1.0 0.840812 0.085126 0.022694 0.045252
0.0 0.859662 0.120840 0.013002 0.022369
0.0 0.838886 0.130747 0.019507 0.044654
0.0 0.861806 0.118779 0.004990 0.008736
1.0 0.891746 0.100094 0.032375 0.074560
1.0 0.904501 0.085126 0.022694 0.045252
0.0 0.885650 0.120840 0.013002 0.022369
0.0 0.906426 0.130747 0.019507 0.044654
0.0 0.883507 0.118779 0.004990 0.008736
1.0 0.986463 0.100094 0.027074 0.074560
1.0 0.976359 0.085126 0.022694 0.045252
0.0 0.994354 0.120840 0.011292 0.022369
0.0 0.974433 0.130747 0.019507 0.044654
0.0 0.997353 0.118779 0.004990 0.008736
1.0 0.040285 0.219350 0.032375 0.074560
1.0 0.027531 0.234318 0.022694 0.045252
0.0 0.046381 0.198604 0.013002 0.022369
0.0 0.025605 0.188697 0.019507 0.044654
0.0 0.048525 0.200665 0.004990 0.008736
1.0 0.078465 0.219350 0.032375 0.074560
1.0 0.091219 0.234318 0.022694 0.045252
0.0 0.072369 0.198604 0.013002 0.022369
0.0 0.093145 0.188697 0.019507 0.044654
0.0 0.070225 0.200665 0.004990 0.008736
1.0 0.175832 0.219350 0.032375 0.074560
1.0 0.163078 0.234318 0.022694 0.045252
0.0 0.181928 0.198604 0.013002 0.022369
0.0 0.161152 0.188697 0.019507 0.044654
0.0 0.184072 0.200665 0.004990 0.008736
1.0 0.214012 0.219350 0.032375 0.074560
1.0 0.226766 0.234318 0.022694 0.045252
0.0 0.207916 0.198604 0.013002 0.022369
0.0 0.228692 0.188697 0.019507 0.044654
0.0 0.205772 0.200665 0.004990 0.008736
1.0 0.311379 0.219350 0.032375 0.074560
1.0 0.298624 0.234318 0.022694 0.045252
0.0 0.317475 0.198604 0.013002 0.022369
0.0 0.296699 0.188697 0.019507 0.044654
0.0 0.319618 0.200665 0.004990 0.008736
1.0 0.349558 0.219350 0.032375 0.074560
1.0 0.362313 0.234318 0.022694 0.045252
0.0 0.343463 0.198604 0.013002 0.022369
0.0 0.364239 0.188697 0.019507 0.044654
0.0 0.341319 0.200665 0.004990 0.008736
1.0 0.446926 0.219350 0.032375 0.074560
1.0 0.434171 0.234318 0.022694 0.045252
0.0 0.453022 0.198604 0.013002 0.022369
0.0 0.432246 0.188697 0.019507 0.044654
0.0 0.455165 0.200665 0.004990 0.008736
1.0 0.485105 0.219350 0.032375 0.074560
1.0 0.497860 0.234318 0.022694 0.045252
0.0 0.479010 0.198604 0.013002 0.022369
0.0 0.499786 0.188697 0.019507 0.044654
0.0 0.476866 0.200665 0.004990 0.008736
1.0 0.582473 0.219350 0.032375 0.074560
1.0 0.569718 0.234318 0.022694 0.045252
0.0 0.588568 0.198604 0.013002 0.022369
0.0 0.567792 0.188697 0.019507 0.044654
0.0 0.590712 0.200665 0.004990 0.008736
1.0 0.620652 0.219350 0.032375 0.074560
1.0 0.633407 0.234318 0.022694 0.045252
0.0 0.614557 0.198604 0.013002 0.022369
0.0 0.635333 0.188697 0.019507 0.044654
0.0 0.612413 0.200665 0.004990 0.008736
1.0 0.718020 0.219350 0.032375 0.074560
1.0 0.705265 0.234318 0.022694 0.045252
0.0 0.724115 0.198604 0.013002 0.022369
0.0 0.703339 0.188697 0.019507 0.044654
0.0 0.726259 0.200665 0.004990 0.008736
1.0 0.756199 0.219350 0.032375 0.074560
1.0 0.768954 0.234318 0.022694 0.045252
0.0 0.750103 0.198604 0.013002 0.022369
0.0 0.770879 0.188697 0.019507 0.044654
0.0 0.747960 0.200665 0.004990 0.008736
1.0 0.853567 0.219350 0.032375 0.074560
1.0 0.840812 0.234318 0.022694 0.045252
0.0 0.859662 0.198604 0.013002 0.022369
0.0 0.838886 0.188697 0.019507 0.044654
0.0 0.861806 0.200665 0.004990 0.008736
1.0 0.891746 0.219350 0.032375 0.074560
1.0 0.904501 0.234318 0.022694 0.045252
0.0 0.885650 0.198604 0.013002 0.022369
0.0 0.906426 0.188697 0.019507 0.044654
0.0 0.883507 0.200665 0.004990 0.008736
1.0 0.986463 0.219350 0.027074 0.074560
1.0 0.976359 0.234318 0.022694 0.045252
0.0 0.994354 0.198604 0.011292 0.022369
0.0 0.974433 0.188697 0.019507 0.044654
0.0 0.997353 0.200665 0.004990 0.008736
1.0 0.040285 0.294539 0.032375 0.074560
1.0 0.027531 0.279570 0.022694 0.045252
0.0 0.046381 0.315285 0.013002 0.022369
0.0 0.025605 0.325192 0.019507 0.044654
0.0 0.048525 0.313224 0.004990 0.008736
1.0 0.078465 0.294539 0.032375 0.074560
1.0 0.091219 0.279570 0.022694 0.045252
0.0 0.072369 0.315285 0.013002 0.022369
0.0 0.093145 0.325192 0.019507 0.044654
0.0 0.070225 0.313224 0.004990 0.008736
1.0 0.175832 0.294539 0.032375 0.074560
1.0 0.163078 0.279570 0.022694 0.045252
0.0 0.181928 0.315285 0.013002 0.022369
0.0 0.161152 0.325192 0.019507 0.044654
0.0 0.184072 0.313224 0.004990 0.008736
1.0 0.214012 0.294539 0.032375 0.074560
1.0 0.226766 0.279570 0.022694 0.045252
0.0 0.207916 0.315285 0.013002 0.022369
0.0 0.228692 0.325192 0.019507 0.044654
0.0 0.205772 0.313224 0.004990 0.008736
1.0 0.311379 0.294539 0.032375 0.074560
1.0 0.298624 0.279570 0.022694 0.045252
0.0 0.317475 0.315285 0.013002 0.022369
0.0 0.296699 0.325192 0.019507 0.044654
0.0 0.319618 0.313224 0.004990 0.008736
1.0 0.349558 0.294539 0.032375 0.074560
1.0 0.362313 0.279570 0.022694 0.045252
0.0 0.343463 0.315285 0.013002 0.022369
0.0 0.364239 0.325192 0.019507 0.044654
0.0 0.341319 0.313224 0.004990 0.008736
1.0 0.446926 0.294539 0.032375 0.074560
1.0 0.434171 0.279570 0.022694 0.045252
0.0 0.453022 0.315285 0.013002 0.022369
0.0 0.432246 0.325192 0.019507 0.044654
0.0 0.455165 0.313224 0.004990 0.008736
1.0 0.485105 0.294539 0.032375 0.074560
1.0 0.497860 0.279570 0.022694 0.045252
0.0 0.479010 0.315285 0.013002 0.022369
0.0 0.499786 0.325192 0.019507 0.044654
0.0 0.476866 0.313224 0.004990 0.008736
1.0 0.582473 0.294539 0.032375 0.074560
1.0 0.569718 0.279570 0.022694 0.045252
0.0 0.588568 0.315285 0.013002 0.022369
0.0 0.567792 0.325192 0.019507 0.044654
0.0 0.590712 0.313224 0.004990 0.008736
1.0 0.620652 0.294539 0.032375 0.074560
1.0 0.633407 0.279570 0.022694 0.045252
0.0 0.614557 0.315285 0.013002 0.022369
0.0 0.635333 0.325192 0.019507 0.044654
0.0 0.612413 0.313224 0.004990 0.008736
1.0 0.718020 0.294539 0.032375 0.074560
1.0 0.705265 0.279570 0.022694 0.045252
0.0 0.724115 0.315285 0.013002 0.022369
0.0 0.703339 0.325192 0.019507 0.044654
0.0 0.726259 0.313224 0.004990 0.008736
1.0 0.756199 0.294539 0.032375 0.074560
1.0 0.768954 0.279570 0.022694 0.045252
0.0 0.750103 0.315285 0.013002 0.022369
0.0 0.770879 0.325192 0.019507 0.044654
0.0 0.747960 0.313224 0.004990 0.008736
1.0 0.853567 0.294539 0.032375 0.074560
1.0 0.840812 0.279570 0.022694 0.045252
0.0 0.859662 0.315285 0.013002 0.022369
0.0 0.838886 0.325192 0.019507 0.044654
0.0 0.861806 0.313224 0.004990 0.008736
1.0 0.891746 0.294539 0.032375 0.074560
1.0 0.904501 0.279570 0.022694 0.045252
0.0 0.885650 0.315285 0.013002 0.022369
0.0 0.906426 0.325192 0.019507 0.044654
0.0 0.883507 0.313224 0.004990 0.008736
1.0 0.986463 0.294539 0.027074 0.074560
1.0 0.976359 0.279570 0.022694 0.045252
0.0 0.994354 0.315285 0.011292 0.022369
0.0 0.974433 0.325192 0.019507 0.044654
0.0 0.997353 0.313224 0.004990 0.008736
1.0 0.040285 0.413795 0.032375 0.074560
1.0 0.027531 0.428763 0.022694 0.045252
0.0 0.046381 0.393049 0.013002 0.022369
0.0 0.025605 0.383142 0.019507 0.044654
0.0 0.048525 0.395110 0.004990 0.008736
1.0 0.078465 0.413795 0.032375 0.074560
1.0 0.091219 0.428763 0.022694 0.045252
0.0 0.072369 0.393049 0.013002 0.022369
0.0 0.093145 0.383142 0.019507 0.044654
0.0 0.070225 0.395110 0.004990 0.008736
1.0 0.175832 0.413795 0.032375 0.074560
1.0 0.163078 0.428763 0.022694 0.045252
0.0 0.181928 0.393049 0.013002 0.022369
0.0 0.161152 0.383142 0.019507 0.044654
0.0 0.184072 0.395110 0.004990 0.008736
1.0 0.214012 0.413795 0.032375 0.074560
1.0 0.226766 0.428763 0.022694 0.045252
0.0 0.207916 0.393049 0.013002 0.022369
0.0 0.228692 0.383142 0.019507 0.044654
0.0 0.205772 0.395110 0.004990 0.008736
1.0 0.311379 0.413795 0.032375 0.074560
1.0 0.298624 0.428763 0.022694 0.045252
0.0 0.317475 0.393049 0.013002 0.022369
0.0 0.296699 0.383142 0.019507 0.044654
0.0 0.319618 0.395110 0.004990 0.008736
1.0 0.349558 0.413795 0.032375 0.074560
1.0 0.362313 0.428763 0.022694 0.045252
0.0 0.343463 0.393049 0.013002 0.022369
0.0 0.364239 0.383142 0.019507 0.044654
0.0 0.341319 0.395110 0.004990 0.008736
1.0 0.446926 0.413795 0.032375 0.074560
1.0 0.434171 0.428763 0.022694 0.045252
0.0 0.453022 0.393049 0.013002 0.022369
0.0 0.432246 0.383142 0.019507 0.044654
0.0 0.455165 0.395110 0.004990 0.008736
1.0 0.485105 0.413795 0.032375 0.074560
1.0 0.497860 0.428763 0.022694 0.045252
0.0 0.479010 0.393049 0.013002 0.022369
0.0 0.499786 0.383142 0.019507 0.044654
0.0 0.476866 0.395110 0.004990 0.008736
1.0 0.582473 0.413795 0.032375 0.074560
1.0 0.569718 0.428763 0.022694 0.045252
0.0 0.588568 0.393049 0.013002 0.022369
0.0 0.567792 0.383142 0.019507 0.044654
0.0 0.590712 0.395110 0.004990 0.008736
1.0 0.620652 0.413795 0.032375 0.074560
1.0 0.633407 0.428763 0.022694 0.045252
0.0 0.614557 0.393049 0.013002 0.022369
0.0 0.635333 0.383142 0.019507 0.044654
0.0 0.612413 0.395110 0.004990 0.008736
1.0 0.718020 0.413795 0.032375 0.074560
1.0 0.705265 0.428763 0.022694 0.045252
0.0 0.724115 0.393049 0.013002 0.022369
0.0 0.703339 0.383142 0.019507 0.044654
0.0 0.726259 0.395110 0.004990 0.008736
1.0 0.756199 0.413795 0.032375 0.074560
1.0 0.768954 0.428763 0.022694 0.045252
0.0 0.750103 0.393049 0.013002 0.022369
0.0 0.770879 0.383142 0.019507 0.044654
0.0 0.747960 0.395110 0.004990 0.008736
1.0 0.853567 0.413795 0.032375 0.074560
1.0 0.840812 0.428763 0.022694 0.045252
0.0 0.859662 0.393049 0.013002 0.022369
0.0 0.838886 0.383142 0.019507 0.044654
0.0 0.861806 0.395110 0.004990 0.008736
1.0 0.891746 0.413795 0.032375 0.074560
1.0 0.904501 0.428763 0.022694 0.045252
0.0 0.885650 0.393049 0.013002 0.022369
0.0 0.906426 0.383142 0.019507 0.044654
0.0 0.883507 0.395110 0.004990 0.008736
1.0 0.986463 0.413795 0.027074 0.074560
1.0 0.976359 0.428763 0.022694 0.045252
0.0 0.994354 0.393049 0.011292 0.022369
0.0 0.974433 0.383142 0.019507 0.044654
0.0 0.997353 0.395110 0.004990 0.008736
1.0 0.040285 0.488983 0.032375 0.074560
1.0 0.027531 0.474015 0.022694 0.045252
0.0 0.046381 0.509729 0.013002 0.022369
0.0 0.025605 0.519636 0.019507 0.044654
0.0 0.048525 0.507668 0.004990 0.008736
1.0 0.078465 0.488983 0.032375 0.074560
1.0 0.091219 0.474015 0.022694 0.045252
0.0 0.072369 0.509729 0.013002 0.022369
0.0 0.093145 0.519636 0.019507 0.044654
0.0 0.070225 0.507668 0.004990 0.008736
1.0 0.175832 0.488983 0.032375 0.074560
1.0 0.163078 0.474015 0.022694 0.045252
0.0 0.181928 0.509729 0.013002 0.022369
0.0 0.161152 0.519636 0.019507 0.044654
0.0 0.184072 0.507668 0.004990 0.008736
1.0 0.214012 0.488983 0.032375 0.074560
1.0 0.226766 0.474015 0.022694 0.045252
0.0 0.207916 0.509729 0.013002 0.022369
0.0 0.228692 0.519636 0.019507 0.044654
0.0 0.205772 0.507668 0.004990 0.008736
1.0 0.311379 0.488983 0.032375 0.074560
1.0 0.298624 0.474015 0.022694 0.045252
0.0 0.317475 0.509729 0.013002 0.022369
0.0 0.296699 0.519636 0.019507 0.044654
0.0 0.319618 0.507668 0.004990 0.008736
1.0 0.349558 0.488983 0.032375 0.074560
1.0 0.362313 0.474015 0.022694 0.045252
0.0 0.343463 0.509729 0.013002 0.022369
0.0 0.364239 0.519636 0.019507 0.044654
0.0 0.341319 0.507668 0.004990 0.008736
1.0 0.446926 0.488983 0.032375 0.074560
1.0 0.434171 0.474015 0.022694 0.045252
0.0 0.453022 0.509729 0.013002 0.022369
0.0 0.432246 0.519636 0.019507 0.044654
0.0 0.455165 0.507668 0.004990 0.008736
1.0 0.485105 0.488983 0.032375 0.074560
1.0 0.497860 0.474015 0.022694 0.045252
0.0 0.479010 0.509729 0.013002 0.022369
0.0 0.499786 0.519636 0.019507 0.044654
0.0 0.476866 0.507668 0.004990 0.008736
1.0 0.582473 0.488983 0.032375 0.074560
1.0 0.569718 0.474015 0.022694 0.045252
0.0 0.588568 0.509729 0.013002 0.022369
0.0 0.567792 0.519636 0.019507 0.044654
0.0 0.590712 0.507668 0.004990 0.008736
1.0 0.620652 0.488983 0.032375 0.074560
1.0 0.633407 0.474015 0.022694 0.045252
0.0 0.614557 0.509729 0.013002 0.022369
0.0 0.635333 0.519636 0.019507 0.044654
0.0 0.612413 0.507668 0.004990 0.008736
1.0 0.718020 0.488983 0.032375 0.074560
1.0 0.705265 0.474015 0.022694 0.045252
0.0 0.724115 0.509729 0.013002 0.022369
0.0 0.703339 0.519636 0.019507 0.044654
0.0 0.726259 0.507668 0.004990 0.008736
1.0 0.756199 0.488983 0.032375 0.074560
1.0 0.768954 0.474015 0.022694 0.045252
0.0 0.750103 0.509729 0.013002 0.022369
0.0 0.770879 0.519636 0.019507 0.044654
0.0 0.747960 0.507668 0.004990 0.008736
1.0 0.853567 0.488983 0.032375 0.074560
1.0 0.840812 0.474015 0.022694 0.045252
0.0 0.859662 0.509729 0.013002 0.022369
0.0 0.838886 0.519636 0.019507 0.044654
0.0 0.861806 0.507668 0.004990 0.008736
1.0 0.891746 0.488983 0.032375 0.074560
1.0 0.904501 0.474015 0.022694 0.045252
0.0 0.885650 0.509729 0.013002 0.022369
0.0 0.906426 0.519636 0.019507 0.044654
0.0 0.883507 0.507668 0.004990 0.008736
1.0 0.986463 0.488983 0.027074 0.074560
1.0 0.976359 0.474015 0.022694 0.045252
0.0 0.994354 0.509729 0.011292 0.022369
0.0 0.974433 0.519636 0.019507 0.044654
0.0 0.997353 0.507668 0.004990 0.008736
1.0 0.040285 0.608239 0.032375 0.074560
1.0 0.027531 0.623207 0.022694 0.045252
0.0 0.046381 0.587493 0.013002 0.022369
0.0 0.025605 0.577586 0.019507 0.044654
0.0 0.048525 0.589554 0.004990 0.008736
1.0 0.078465 0.608239 0.032375 0.074560
1.0 0.091219 0.623207 0.022694 0.045252
0.0 0.072369 0.587493 0.013002 0.022369
0.0 0.093145 0.577586 0.019507 0.044654
0.0 0.070225 0.589554 0.004990 0.008736
1.0 0.175832 0.608239 0.032375 0.074560
1.0 0.163078 0.623207 0.022694 0.045252
0.0 0.181928 0.587493 0.013002 0.022369
0.0 0.161152 0.577586 0.019507 0.044654
0.0 0.184072 0.589554 0.004990 0.008736
1.0 0.214012 0.608239 0.032375 0.074560
1.0 0.226766 0.623207 0.022694 0.045252
0.0 0.207916 0.587493 0.013002 0.022369
0.0 0.228692 0.577586 0.019507 0.044654
0.0 0.205772 0.589554 0.004990 0.008736
1.0 0.311379 0.608239 0.032375 0.074560
1.0 0.298624 0.623207 0.022694 0.045252
0.0 0.317475 0.587493 0.013002 0.022369
0.0 0.296699 0.577586 0.019507 0.044654
0.0 0.319618 0.589554 0.004990 0.008736
1.0 0.349558 0.608239 0.032375 0.074560
1.0 0.362313 0.623207 0.022694 0.045252
0.0 0.343463 0.587493 0.013002 0.022369
0.0 0.364239 0.577586 0.019507 0.044654
0.0 0.341319 0.589554 0.004990 0.008736
1.0 0.446926 0.608239 0.032375 0.074560
1.0 0.434171 0.623207 0.022694 0.045252
0.0 0.453022 0.587493 0.013002 0.022369
0.0 0.432246 0.577586 0.019507 0.044654
0.0 0.455165 0.589554 0.004990 0.008736
1.0 0.485105 0.608239 0.032375 0.074560
1.0 0.497860 0.623207 0.022694 0.045252
0.0 0.479010 0.587493 0.013002 0.022369
0.0 0.499786 0.577586 0.019507 0.044654
0.0 0.476866 0.589554 0.004990 0.008736
1.0 0.582473 0.608239 0.032375 0.074560
1.0 0.569718 0.623207 0.022694 0.045252
0.0 0.588568 0.587493 0.013002 0.022369
0.0 0.567792 0.577586 0.019507 0.044654
0.0 0.590712 0.589554 0.004990 0.008736
1.0 0.620652 0.608239 0.032375 0.074560
1.0 0.633407 0.623207 0.022694 0.045252
0.0 0.614557 0.587493 0.013002 0.022369
0.0 0.635333 0.577586 0.019507 0.044654
0.0 0.612413 0.589554 0.004990 0.008736
1.0 0.718020 0.608239 0.032375 0.074560
1.0 0.705265 0.623207 0.022694 0.045252
0.0 0.724115 0.587493 0.013002 0.022369
0.0 0.703339 0.577586 0.019507 0.044654
0.0 0.726259 0.589554 0.004990 0.008736
1.0 0.756199 0.608239 0.032375 0.074560
1.0 0.768954 0.623207 0.022694 0.045252
0.0 0.750103 0.587493 0.013002 0.022369
0.0 0.770879 0.577586 0.019507 0.044654
0.0 0.747960 0.589554 0.004990 0.008736
1.0 0.853567 0.608239 0.032375 0.074560
1.0 0.840812 0.623207 0.022694 0.045252
0.0 0.859662 0.587493 0.013002 0.022369
0.0 0.838886 0.577586 0.019507 0.044654
0.0 0.861806 0.589554 0.004990 0.008736
1.0 0.891746 0.608239 0.032375 0.074560
1.0 0.904501 0.623207 0.022694 0.045252
0.0 0.885650 0.587493 0.013002 0.022369
0.0 0.906426 0.577586 0.019507 0.044654
0.0 0.883507 0.589554 0.004990 0.008736
1.0 0.986463 0.608239 0.027074 0.074560
1.0 0.976359 0.623207 0.022694 0.045252
0.0 0.994354 0.587493 0.011292 0.022369
0.0 0.974433 0.577586 0.019507 0.044654
0.0 0.997353 0.589554 0.004990 0.008736
1.0 0.040285 0.683428 0.032375 0.074560
1.0 0.027531 0.668459 0.022694 0.045252
0.0 0.046381 0.704174 0.013002 0.022369
0.0 0.025605 0.714081 0.019507 0.044654
0.0 0.048525 0.702113 0.004990 0.008736
1.0 0.078465 0.683428 0.032375 0.074560
1.0 0.091219 0.668459 0.022694 0.045252
0.0 0.072369 0.704174 0.013002 0.022369
0.0 0.093145 0.714081 0.019507 0.044654
0.0 0.070225 0.702113 0.004990 0.008736
1.0 0.175832 0.683428 0.032375 0.074560
1.0 0.163078 0.668459 0.022694 0.045252
0.0 0.181928 0.704174 0.013002 0.022369
0.0 0.161152 0.714081 0.019507 0.044654
0.0 0.184072 0.702113 0.004990 0.008736
1.0 0.214012 0.683428 0.032375 0.074560
1.0 0.226766 0.668459 0.022694 0.045252
0.0 0.207916 0.704174 0.013002 0.022369
0.0 0.228692 0.714081 0.019507 0.044654
0.0 0.205772 0.702113 0.004990 0.008736
1.0 0.311379 0.683428 0.032375 0.074560
1.0 0.298624 0.668459 0.022694 0.045252
0.0 0.317475 0.704174 0.013002 0.022369
0.0 0.296699 0.714081 0.019507 0.044654
0.0 0.319618 0.702113 0.004990 0.008736
1.0 0.349558 0.683428 0.032375 0.074560
1.0 0.362313 0.668459 0.022694 0.045252
0.0 0.343463 0.704174 0.013002 0.022369
0.0 0.364239 0.714081 0.019507 0.044654
0.0 0.341319 0.702113 0.004990 0.008736
1.0 0.446926 0.683428 0.032375 0.074560
1.0 0.434171 0.668459 0.022694 0.045252
0.0 0.453022 0.704174 0.013002 0.022369
0.0 0.432246 0.714081 0.019507 0.044654
0.0 0.455165 0.702113 0.004990 0.008736
1.0 0.485105 0.683428 0.032375 0.074560
1.0 0.497860 0.668459 0.022694 0.045252
0.0 0.479010 0.704174 0.013002 0.022369
0.0 0.499786 0.714081 0.019507 0.044654
0.0 0.476866 0.702113 0.004990 0.008736
1.0 0.582473 0.683428 0.032375 0.074560
1.0 0.569718 0.668459 0.022694 0.045252
0.0 0.588568 0.704174 0.013002 0.022369
0.0 0.567792 0.714081 0.019507 0.044654
0.0 0.590712 0.702113 0.004990 0.008736
1.0 0.620652 0.683428 0.032375 0.074560
1.0 0.633407 0.668459 0.022694 0.045252
0.0 0.614557 0.704174 0.013002 0.022369
0.0 0.635333 0.714081 0.019507 0.044654
0.0 0.612413 0.702113 0.004990 0.008736
1.0 0.718020 0.683428 0.032375 0.074560
1.0 0.705265 0.668459 0.022694 0.045252
0.0 0.724115 0.704174 0.013002 0.022369
0.0 0.703339 0.714081 0.019507 0.044654
0.0 0.726259 0.702113 0.004990 0.008736
1.0 0.756199 0.683428 0.032375 0.074560
1.0 0.768954 0.668459 0.022694 0.045252
0.0 0.750103 0.704174 0.013002 0.022369
0.0 0.770879 0.714081 0.019507 0.044654
0.0 0.747960 0.702113 0.004990 0.008736
1.0 0.853567 0.683428 0.032375 0.074560
1.0 0.840812 0.668459 0.022694 0.045252
0.0 0.859662 0.704174 0.013002 0.022369
0.0 0.838886 0.714081 0.019507 0.044654
0.0 0.861806 0.702113 0.004990 0.008736
1.0 0.891746 0.683428 0.032375 0.074560
1.0 0.904501 0.668459 0.022694 0.045252
0.0 0.885650 0.704174 0.013002 0.022369
0.0 0.906426 0.714081 0.019507 0.044654
0.0 0.883507 0.702113 0.004990 0.008736
1.0 0.986463 0.683428 0.027074 0.074560
1.0 0.976359 0.668459 0.022694 0.045252
0.0 0.994354 0.704174 0.011292 0.022369
0.0 0.974433 0.714081 0.019507 0.044654
0.0 0.997353 0.702113 0.004990 0.008736
1.0 0.040285 0.802684 0.032375 0.074560
1.0 0.027531 0.817652 0.022694 0.045252
0.0 0.046381 0.781938 0.013002 0.022369
0.0 0.025605 0.772030 0.019507 0.044654
0.0 0.048525 0.783998 0.004990 0.008736
1.0 0.078465 0.802684 0.032375 0.074560
1.0 0.091219 0.817652 0.022694 0.045252
0.0 0.072369 0.781938 0.013002 0.022369
0.0 0.093145 0.772030 0.019507 0.044654
0.0 0.070225 0.783998 0.004990 0.008736
1.0 0.175832 0.802684 0.032375 0.074560
1.0 0.163078 0.817652 0.022694 0.045252
0.0 0.181928 0.781938 0.013002 0.022369
0.0 0.161152 0.772030 0.019507 0.044654
0.0 0.184072 0.783998 0.004990 0.008736
1.0 0.214012 0.802684 0.032375 0.074560
1.0 0.226766 0.817652 0.022694 0.045252
0.0 0.207916 0.781938 0.013002 0.022369
0.0 0.228692 0.772030 0.019507 0.044654
0.0 0.205772 0.783998 0.004990 0.008736
1.0 0.311379 0.802684 0.032375 0.074560
1.0 0.298624 0.817652 0.022694 0.045252
0.0 0.317475 0.781938 0.013002 0.022369
0.0 0.296699 0.772030 0.019507 0.044654
0.0 0.319618 0.783998 0.004990 0.008736
1.0 0.349558 0.802684 0.032375 0.074560
1.0 0.362313 0.817652 0.022694 0.045252
0.0 0.343463 0.781938 0.013002 0.022369
0.0 0.364239 0.772030 0.019507 0.044654
0.0 0.341319 0.783998 0.004990 0.008736
1.0 0.446926 0.802684 0.032375 0.074560
1.0 0.434171 0.817652 0.022694 0.045252
0.0 0.453022 0.781938 0.013002 0.022369
0.0 0.432246 0.772030 0.019507 0.044654
0.0 0.455165 0.783998 0.004990 0.008736
1.0 0.485105 0.802684 0.032375 0.074560
1.0 0.497860 0.817652 0.022694 0.045252
0.0 0.479010 0.781938 0.013002 0.022369
0.0 0.499786 0.772030 0.019507 0.044654
0.0 0.476866 0.783998 0.004990 0.008736
1.0 0.582473 0.802684 0.032375 0.074560
1.0 0.569718 0.817652 0.022694 0.045252
0.0 0.588568 0.781938 0.013002 0.022369
0.0 0.567792 0.772030 0.019507 0.044654
0.0 0.590712 0.783998 0.004990 0.008736
1.0 0.620652 0.802684 0.032375 0.074560
1.0 0.633407 0.817652 0.022694 0.045252
0.0 0.614557 0.781938 0.013002 0.022369
0.0 0.635333 0.772030 0.019507 0.044654
0.0 0.612413 0.783998 0.004990 0.008736
1.0 0.718020 0.802684 0.032375 0.074560
1.0 0.705265 0.817652 0.022694 0.045252
0.0 0.724115 0.781938 0.013002 0.022369
0.0 0.703339 0.772030 0.019507 0.044654
0.0 0.726259 0.783998 0.004990 0.008736
1.0 0.756199 0.802684 0.032375 0.074560
1.0 0.768954 0.817652 0.022694 0.045252
0.0 0.750103 0.781938 0.013002 0.022369
0.0 0.770879 0.772030 0.019507 0.044654
0.0 0.747960 0.783998 0.004990 0.008736
1.0 0.853567 0.802684 0.032375 0.074560
1.0 0.840812 0.817652 0.022694 0.045252
0.0 0.859662 0.781938 0.013002 0.022369
0.0 0.838886 0.772030 0.019507 0.044654
0.0 0.861806 0.783998 0.004990 0.008736
1.0 0.891746 0.802684 0.032375 0.074560
1.0 0.904501 0.817652 0.022694 0.045252
0.0 0.885650 0.781938 0.013002 0.022369
0.0 0.906426 0.772030 0.019507 0.044654
0.0 0.883507 0.783998 0.004990 0.008736
1.0 0.986463 0.802684 0.027074 0.074560
1.0 0.976359 0.817652 0.022694 0.045252
0.0 0.994354 0.781938 0.011292 0.022369
0.0 0.974433 0.772030 0.019507 0.044654
0.0 0.997353 0.783998 0.004990 0.008736
1.0 0.040285 0.877872 0.032375 0.074560
1.0 0.027531 0.862904 0.022694 0.045252
0.0 0.046381 0.898618 0.013002 0.022369
0.0 0.025605 0.908525 0.019507 0.044654
0.0 0.048525 0.896557 0.004990 0.008736
1.0 0.078465 0.877872 0.032375 0.074560
1.0 0.091219 0.862904 0.022694 0.045252
0.0 0.072369 0.898618 0.013002 0.022369
0.0 0.093145 0.908525 0.019507 0.044654
0.0 0.070225 0.896557 0.004990 0.008736
1.0 0.175832 0.877872 0.032375 0.074560
1.0 0.163078 0.862904 0.022694 0.045252
0.0 0.181928 0.898618 0.013002 0.022369
0.0 0.161152 0.908525 0.019507 0.044654
0.0 0.184072 0.896557 0.004990 0.008736
1.0 0.214012 0.877872 0.032375 0.074560
1.0 0.226766 0.862904 0.022694 0.045252
0.0 0.207916 0.898618 0.013002 0.022369
0.0 0.228692 0.908525 0.019507 0.044654
0.0 0.205772 0.896557 0.004990 0.008736
1.0 0.311379 0.877872 0.032375 0.074560
1.0 0.298624 0.862904 0.022694 0.045252
0.0 0.317475 0.898618 0.013002 0.022369
0.0 0.296699 0.908525 0.019507 0.044654
0.0 0.319618 0.896557 0.004990 0.008736
1.0 0.349558 0.877872 0.032375 0.074560
1.0 0.362313 0.862904 0.022694 0.045252
0.0 0.343463 0.898618 0.013002 0.022369
0.0 0.364239 0.908525 0.019507 0.044654
0.0 0.341319 0.896557 0.004990 0.008736
1.0 0.446926 0.877872 0.032375 0.074560
1.0 0.434171 0.862904 0.022694 0.045252
0.0 0.453022 0.898618 0.013002 0.022369
0.0 0.432246 0.908525 0.019507 0.044654
0.0 0.455165 0.896557 0.004990 0.008736
1.0 0.485105 0.877872 0.032375 0.074560
1.0 0.497860 0.862904 0.022694 0.045252
0.0 0.479010 0.898618 0.013002 0.022369
0.0 0.499786 0.908525 0.019507 0.044654
0.0 0.476866 0.896557 0.004990 0.008736
1.0 0.582473 0.877872 0.032375 0.074560
1.0 0.569718 0.862904 0.022694 0.045252
0.0 0.588568 0.898618 0.013002 0.022369
0.0 0.567792 0.908525 0.019507 0.044654
0.0 0.590712 0.896557 0.004990 0.008736
1.0 0.620652 0.877872 0.032375 0.074560
1.0 0.633407 0.862904 0.022694 0.045252
0.0 0.614557 0.898618 0.013002 0.022369
0.0 0.635333 0.908525 0.019507 0.044654
0.0 0.612413 0.896557 0.004990 0.008736
1.0 0.718020 0.877872 0.032375 0.074560
1.0 0.705265 0.862904 0.022694 0.045252
0.0 0.724115 0.898618 0.013002 0.022369
0.0 0.703339 0.908525 0.019507 0.044654
0.0 0.726259 0.896557 0.004990 0.008736
1.0 0.756199 0.877872 0.032375 0.074560
1.0 0.768954 0.862904 0.022694 0.045252
0.0 0.750103 0.898618 0.013002 0.022369
0.0 0.770879 0.908525 0.019507 0.044654
0.0 0.747960 0.896557 0.004990 0.008736
1.0 0.853567 0.877872 0.032375 0.074560
1.0 0.840812 0.862904 0.022694 0.045252
0.0 0.859662 0.898618 0.013002 0.022369
0.0 0.838886 0.908525 0.019507 0.044654
0.0 0.861806 0.896557 0.004990 0.008736
1.0 0.891746 0.877872 0.032375 0.074560
1.0 0.904501 0.862904 0.022694 0.045252
0.0 0.885650 0.898618 0.013002 0.022369
0.0 0.906426 0.908525 0.019507 0.044654
0.0 0.883507 0.896557 0.004990 0.008736
1.0 0.986463 0.877872 0.027074 0.074560
1.0 0.976359 0.862904 0.022694 0.045252
0.0 0.994354 0.898618 0.011292 0.022369
0.0 0.974433 0.908525 0.019507 0.044654
0.0 0.997353 0.896557 0.004990 0.008736
1.0 0.040285 0.979924 0.032375 0.040152
1.0 0.027531 0.994735 0.022694 0.010530
0.0 0.046381 0.976382 0.013002 0.022369
0.0 0.025605 0.966475 0.019507 0.044654
0.0 0.048525 0.978443 0.004990 0.008736
1.0 0.078465 0.979924 0.032375 0.040152
1.0 0.091219 0.994735 0.022694 0.010530
0.0 0.072369 0.976382 0.013002 0.022369
0.0 0.093145 0.966475 0.019507 0.044654
0.0 0.070225 0.978443 0.004990 0.008736
1.0 0.175832 0.979924 0.032375 0.040152
1.0 0.163078 0.994735 0.022694 0.010530
0.0 0.181928 0.976382 0.013002 0.022369
0.0 0.161152 0.966475 0.019507 0.044654
0.0 0.184072 0.978443 0.004990 0.008736
1.0 0.214012 0.979924 0.032375 0.040152
1.0 0.226766 0.994735 0.022694 0.010530
0.0 0.207916 0.976382 0.013002 0.022369
0.0 0.228692 0.966475 0.019507 0.044654
0.0 0.205772 0.978443 0.004990 0.008736
1.0 0.311379 0.979924 0.032375 0.040152
1.0 0.298624 0.994735 0.022694 0.010530
0.0 0.317475 0.976382 0.013002 0.022369
0.0 0.296699 0.966475 0.019507 0.044654
0.0 0.319618 0.978443 0.004990 0.008736
1.0 0.349558 0.979924 0.032375 0.040152
1.0 0.362313 0.994735 0.022694 0.010530
0.0 0.343463 0.976382 0.013002 0.022369
0.0 0.364239 0.966475 0.019507 0.044654
0.0 0.341319 0.978443 0.004990 0.008736
1.0 0.446926 0.979924 0.032375 0.040152
1.0 0.434171 0.994735 0.022694 0.010530
0.0 0.453022 0.976382 0.013002 0.022369
0.0 0.432246 0.966475 0.019507 0.044654
0.0 0.455165 0.978443 0.004990 0.008736
1.0 0.485105 0.979924 0.032375 0.040152
1.0 0.497860 0.994735 0.022694 0.010530
0.0 0.479010 0.976382 0.013002 0.022369
0.0 0.499786 0.966475 0.019507 0.044654
0.0 0.476866 0.978443 0.004990 0.008736
1.0 0.582473 0.979924 0.032375 0.040152
1.0 0.569718 0.994735 0.022694 0.010530
0.0 0.588568 0.976382 0.013002 0.022369
0.0 0.567792 0.966475 0.019507 0.044654
0.0 0.590712 0.978443 0.004990 0.008736
1.0 0.620652 0.979924 0.032375 0.040152
1.0 0.633407 0.994735 0.022694 0.010530
0.0 0.614557 0.976382 0.013002 0.022369
0.0 0.635333 0.966475 0.019507 0.044654
0.0 0.612413 0.978443 0.004990 0.008736
1.0 0.718020 0.979924 0.032375 0.040152
1.0 0.705265 0.994735 0.022694 0.010530
0.0 0.724115 0.976382 0.013002 0.022369
0.0 0.703339 0.966475 0.019507 0.044654
0.0 0.726259 0.978443 0.004990 0.008736
1.0 0.756199 0.979924 0.032375 0.040152
1.0 0.768954 0.994735 0.022694 0.010530
0.0 0.750103 0.976382 0.013002 0.022369
0.0 0.770879 0.966475 0.019507 0.044654
0.0 0.747960 0.978443 0.004990 0.008736
1.0 0.853567 0.979924 0.032375 0.040152
1.0 0.840812 0.994735 0.022694 0.010530
0.0 0.859662 0.976382 0.013002 0.022369
0.0 0.838886 0.966475 0.019507 0.044654
0.0 0.861806 0.978443 0.004990 0.008736
1.0 0.891746 0.979924 0.032375 0.040152
1.0 0.904501 0.994735 0.022694 0.010530
0.0 0.885650 0.976382 0.013002 0.022369
0.0 0.906426 0.966475 0.019507 0.044654
0.0 0.883507 0.978443 0.004990 0.008736
1.0 0.986463 0.979924 0.027074 0.040152
1.0 0.976359 0.994735 0.022694 0.010530
0.0 0.994354 0.976382 0.011292 0.022369
0.0 0.974433 0.966475 0.019507 0.044654
0.0 0.997353 0.978443 0.004990 0.008736
