0.0 0.003906 0.011508 0.007812 0.023016
1.0 0.074462 0.030615 0.119383 0.061231
1.0 0.125485 0.013860 0.045906 0.027720
0.0 0.112072 0.067275 0.072731 0.097395
0.0 0.026518 0.011508 0.037412 0.023016
1.0 0.222413 0.030615 0.119383 0.061231
1.0 0.171390 0.013860 0.045906 0.027720
0.0 0.184803 0.067275 0.072731 0.097395
0.0 0.270357 0.011508 0.037412 0.023016
1.0 0.355712 0.030615 0.119383 0.061231
1.0 0.406735 0.013860 0.045906 0.027720
0.0 0.393322 0.067275 0.072731 0.097395
0.0 0.307768 0.011508 0.037412 0.023016
1.0 0.503663 0.030615 0.119383 0.061231
1.0 0.452640 0.013860 0.045906 0.027720
0.0 0.466053 0.067275 0.072731 0.097395
0.0 0.551607 0.011508 0.037412 0.023016
1.0 0.636962 0.030615 0.119383 0.061231
1.0 0.687985 0.013860 0.045906 0.027720
0.0 0.674572 0.067275 0.072731 0.097395
0.0 0.589018 0.011508 0.037412 0.023016
1.0 0.784913 0.030615 0.119383 0.061231
1.0 0.733890 0.013860 0.045906 0.027720
0.0 0.747303 0.067275 0.072731 0.097395
0.0 0.832857 0.011508 0.037412 0.023016
1.0 0.918212 0.030615 0.119383 0.061231
1.0 0.969235 0.013860 0.045906 0.027720
0.0 0.955822 0.067275 0.072731 0.097395
0.0 0.870268 0.011508 0.037412 0.023016
0.0 0.996094 0.067275 0.007812 0.097395
0.0 0.003906 0.239715 0.007812 0.061572
1.0 0.074462 0.255563 0.119383 0.169698
1.0 0.125485 0.266253 0.045906 0.124057
0.0 0.112072 0.164670 0.072731 0.097395
0.0 0.026518 0.239715 0.037412 0.061572
1.0 0.222413 0.255563 0.119383 0.169698
1.0 0.171390 0.266253 0.045906 0.124057
0.0 0.184803 0.164670 0.072731 0.097395
0.0 0.270357 0.239715 0.037412 0.061572
1.0 0.355712 0.255563 0.119383 0.169698
1.0 0.406735 0.266253 0.045906 0.124057
0.0 0.393322 0.164670 0.072731 0.097395
0.0 0.307768 0.239715 0.037412 0.061572
1.0 0.503663 0.255563 0.119383 0.169698
1.0 0.452640 0.266253 0.045906 0.124057
0.0 0.466053 0.164670 0.072731 0.097395
0.0 0.551607 0.239715 0.037412 0.061572
1.0 0.636962 0.255563 0.119383 0.169698
1.0 0.687985 0.266253 0.045906 0.124057
0.0 0.674572 0.164670 0.072731 0.097395
0.0 0.589018 0.239715 0.037412 0.061572
1.0 0.784913 0.255563 0.119383 0.169698
1.0 0.733890 0.266253 0.045906 0.124057
0.0 0.747303 0.164670 0.072731 0.097395
0.0 0.832857 0.239715 0.037412 0.061572
1.0 0.918212 0.255563 0.119383 0.169698
1.0 0.969235 0.266253 0.045906 0.124057
0.0 0.955822 0.164670 0.072731 0.097395
0.0 0.870268 0.239715 0.037412 0.061572
1.0 0.996094 0.266253 0.007812 0.124057
0.0 0.996094 0.164670 0.007812 0.097395
0.0 0.003906 0.504035 0.007812 0.061572
1.0 0.074462 0.488187 0.119383 0.169698
1.0 0.125485 0.477497 0.045906 0.124057
0.0 0.112072 0.579080 0.072731 0.097395
0.0 0.026518 0.504035 0.037412 0.061572
1.0 0.222413 0.488187 0.119383 0.169698
1.0 0.171390 0.477497 0.045906 0.124057
0.0 0.184803 0.579080 0.072731 0.097395
0.0 0.270357 0.504035 0.037412 0.061572
1.0 0.355712 0.488187 0.119383 0.169698
1.0 0.406735 0.477497 0.045906 0.124057
0.0 0.393322 0.579080 0.072731 0.097395
0.0 0.307768 0.504035 0.037412 0.061572
1.0 0.503663 0.488187 0.119383 0.169698
1.0 0.452640 0.477497 0.045906 0.124057
0.0 0.466053 0.579080 0.072731 0.097395
0.0 0.551607 0.504035 0.037412 0.061572
1.0 0.636962 0.488187 0.119383 0.169698
1.0 0.687985 0.477497 0.045906 0.124057
0.0 0.674572 0.579080 0.072731 0.097395
0.0 0.589018 0.504035 0.037412 0.061572
1.0 0.784913 0.488187 0.119383 0.169698
1.0 0.733890 0.477497 0.045906 0.124057
0.0 0.747303 0.579080 0.072731 0.097395
0.0 0.832857 0.504035 0.037412 0.061572
1.0 0.918212 0.488187 0.119383 0.169698
1.0 0.969235 0.477497 0.045906 0.124057
0.0 0.955822 0.579080 0.072731 0.097395
0.0 0.870268 0.504035 0.037412 0.061572
1.0 0.996094 0.477497 0.007812 0.124057
0.0 0.996094 0.579080 0.007812 0.097395
0.0 0.003906 0.751520 0.007812 0.061572
1.0 0.074462 0.767369 0.119383 0.169698
1.0 0.125485 0.778059 0.045906 0.124057
0.0 0.112072 0.676475 0.072731 0.097395
0.0 0.026518 0.751520 0.037412 0.061572
1.0 0.222413 0.767369 0.119383 0.169698
1.0 0.171390 0.778059 0.045906 0.124057
0.0 0.184803 0.676475 0.072731 0.097395
0.0 0.270357 0.751520 0.037412 0.061572
1.0 0.355712 0.767369 0.119383 0.169698
1.0 0.406735 0.778059 0.045906 0.124057
0.0 0.393322 0.676475 0.072731 0.097395
0.0 0.307768 0.751520 0.037412 0.061572
1.0 0.503663 0.767369 0.119383 0.169698
1.0 0.452640 0.778059 0.045906 0.124057
0.0 0.466053 0.676475 0.072731 0.097395
0.0 0.551607 0.751520 0.037412 0.061572
1.0 0.636962 0.767369 0.119383 0.169698
1.0 0.687985 0.778059 0.045906 0.124057
0.0 0.674572 0.676475 0.072731 0.097395
0.0 0.589018 0.751520 0.037412 0.061572
1.0 0.784913 0.767369 0.119383 0.169698
1.0 0.733890 0.778059 0.045906 0.124057
0.0 0.747303 0.676475 0.072731 0.097395
0.0 0.832857 0.751520 0.037412 0.061572
1.0 0.918212 0.767369 0.119383 0.169698
1.0 0.969235 0.778059 0.045906 0.124057
0.0 0.955822 0.676475 0.072731 0.097395
0.0 0.870268 0.751520 0.037412 0.061572
1.0 0.996094 0.778059 0.007812 0.124057
0.0 0.996094 0.676475 0.007812 0.097395
0.0 0.003906 0.992527 0.007812 0.014945
1.0 0.074462 0.957572 0.119383 0.084857
1.0 0.125485 0.963637 0.045906 0.072726
0.0 0.026518 0.992527 0.037412 0.014945
1.0 0.222413 0.957572 0.119383 0.084857
1.0 0.171390 0.963637 0.045906 0.072726
0.0 0.270357 0.992527 0.037412 0.014945
1.0 0.355712 0.957572 0.119383 0.084857
1.0 0.406735 0.963637 0.045906 0.072726
0.0 0.307768 0.992527 0.037412 0.014945
1.0 0.503663 0.957572 0.119383 0.084857
1.0 0.452640 0.963637 0.045906 0.072726
0.0 0.551607 0.992527 0.037412 0.014945
1.0 0.636962 0.957572 0.119383 0.084857
1.0 0.687985 0.963637 0.045906 0.072726
0.0 0.589018 0.992527 0.037412 0.014945
1.0 0.784913 0.957572 0.119383 0.084857
1.0 0.733890 0.963637 0.045906 0.072726
0.0 0.832857 0.992527 0.037412 0.014945
1.0 0.918212 0.957572 0.119383 0.084857
1.0 0.969235 0.963637 0.045906 0.072726
0.0 0.870268 0.992527 0.037412 0.014945
1.0 0.996094 0.963637 0.007812 0.072726
