1.0 0.153463 0.023460 0.062661 0.046920
1.0 0.050271 0.026337 0.055822 0.052674
1.0 0.429871 0.023460 0.062661 0.046920
1.0 0.533063 0.026337 0.055822 0.052674
1.0 0.977733 0.023460 0.044535 0.046920
1.0 0.883604 0.026337 0.055822 0.052674
1.0 0.153463 0.503581 0.062661 0.173225
1.0 0.050271 0.482971 0.055822 0.143513
0.0 0.056219 0.579561 0.112438 0.051305
0.0 0.048736 0.543637 0.097471 0.027342
1.0 0.429871 0.503581 0.062661 0.173225
1.0 0.533063 0.482971 0.055822 0.143513
0.0 0.531522 0.579561 0.121252 0.051305
0.0 0.540642 0.543637 0.109559 0.027342
1.0 0.977733 0.503581 0.044535 0.173225
1.0 0.883604 0.482971 0.055822 0.143513
0.0 0.885145 0.579561 0.121252 0.051305
0.0 0.876025 0.543637 0.109559 0.027342
1.0 0.153463 0.972496 0.062661 0.055009
1.0 0.050271 0.990229 0.055822 0.019543
0.0 0.056219 0.955624 0.112438 0.051305
0.0 0.048736 0.988939 0.097471 0.022122
1.0 0.429871 0.972496 0.062661 0.055009
1.0 0.533063 0.990229 0.055822 0.019543
0.0 0.531522 0.955624 0.121252 0.051305
0.0 0.540642 0.988939 0.109559 0.022122
1.0 0.977733 0.972496 0.044535 0.055009
1.0 0.883604 0.990229 0.055822 0.019543
0.0 0.885145 0.955624 0.121252 0.051305
0.0 0.876025 0.988939 0.109559 0.022122
