1.0 0.146180 0.106103 0.051390 0.096414
1.0 0.093728 0.081166 0.081440 0.106835
1.0 0.067675 0.078597 0.050430 0.086335
0.0 0.065384 0.040515 0.020423 0.022207
1.0 0.021191 0.052865 0.042382 0.105729
1.0 0.026260 0.065342 0.049626 0.086481
0.0 0.042338 0.033161 0.020291 0.022232
1.0 0.197570 0.106103 0.051390 0.096414
1.0 0.250022 0.081166 0.081440 0.106835
1.0 0.276075 0.078597 0.050430 0.086335
0.0 0.278366 0.040515 0.020423 0.022207
1.0 0.545922 0.016693 0.054447 0.033386
1.0 0.492077 0.026161 0.067505 0.052322
1.0 0.405569 0.042339 0.068430 0.084678
1.0 0.340910 0.052865 0.079083 0.105729
1.0 0.456933 0.032067 0.056709 0.064133
1.0 0.583121 0.012298 0.076142 0.024596
1.0 0.317490 0.065342 0.049626 0.086481
1.0 0.598791 0.007914 0.039077 0.015828
1.0 0.522555 0.018860 0.038101 0.037719
0.0 0.301412 0.033161 0.020291 0.022232
1.0 0.146180 0.236953 0.051390 0.096414
1.0 0.093728 0.261889 0.081440 0.106835
1.0 0.067675 0.264458 0.050430 0.086335
0.0 0.065384 0.302541 0.020423 0.022207
1.0 0.021191 0.290963 0.042382 0.107274
1.0 0.026260 0.277713 0.049626 0.086481
0.0 0.042338 0.309894 0.020291 0.022232
1.0 0.197570 0.236953 0.051390 0.096414
1.0 0.250022 0.261889 0.081440 0.106835
1.0 0.276075 0.264458 0.050430 0.086335
0.0 0.278366 0.302541 0.020423 0.022207
1.0 0.617910 0.460296 0.130265 0.244289
1.0 0.713095 0.518669 0.156152 0.288278
1.0 0.786258 0.516328 0.083733 0.224077
1.0 0.545922 0.358176 0.054447 0.097014
1.0 0.492077 0.345679 0.067505 0.109889
1.0 0.405569 0.307686 0.068430 0.098616
1.0 0.340910 0.290963 0.079083 0.107274
1.0 0.456933 0.328541 0.056709 0.099237
1.0 0.583121 0.386373 0.076142 0.135827
1.0 0.644054 0.376278 0.054632 0.059786
1.0 0.317490 0.277713 0.049626 0.086481
1.0 0.598791 0.349387 0.039077 0.044319
1.0 0.522555 0.346777 0.038101 0.082881
0.0 0.668769 0.625079 0.078692 0.097649
0.0 0.808753 0.590371 0.038745 0.061615
0.0 0.437298 0.359714 0.024077 0.024728
0.0 0.301412 0.309894 0.020291 0.022232
1.0 0.986604 0.460296 0.026792 0.244289
1.0 0.932540 0.518669 0.134921 0.288278
1.0 0.869992 0.516328 0.083733 0.224077
1.0 0.992440 0.376278 0.015119 0.059786
0.0 0.974068 0.625079 0.051865 0.097649
0.0 0.847497 0.590371 0.038745 0.061615
0.0 0.668769 0.990826 0.078692 0.018348
0.0 0.974068 0.990826 0.051865 0.018348
