0.0 0.004062 0.117097 0.008124 0.027842
1.0 0.090326 0.117050 0.023534 0.027938
1.0 0.079237 0.115877 0.023234 0.030282
1.0 0.103300 0.083939 0.012722 0.024823
1.0 0.095296 0.077119 0.007810 0.014404
0.0 0.049658 0.117097 0.021815 0.027842
1.0 0.337799 0.117050 0.023534 0.027938
1.0 0.348888 0.115877 0.023234 0.030282
1.0 0.324825 0.083939 0.012722 0.024823
1.0 0.332829 0.077119 0.007810 0.014404
0.0 0.378467 0.117097 0.021815 0.027842
1.0 0.471576 0.117050 0.023534 0.027938
1.0 0.460487 0.115877 0.023234 0.030282
1.0 0.484550 0.083939 0.012722 0.024823
1.0 0.476546 0.077119 0.007810 0.014404
0.0 0.430908 0.117097 0.021815 0.027842
1.0 0.719049 0.117050 0.023534 0.027938
1.0 0.730138 0.115877 0.023234 0.030282
1.0 0.706075 0.083939 0.012722 0.024823
1.0 0.714079 0.077119 0.007810 0.014404
0.0 0.759717 0.117097 0.021815 0.027842
1.0 0.852826 0.117050 0.023534 0.027938
1.0 0.841737 0.115877 0.023234 0.030282
1.0 0.865800 0.083939 0.012722 0.024823
1.0 0.857796 0.077119 0.007810 0.014404
0.0 0.812158 0.117097 0.021815 0.027842
0.0 0.004062 0.144940 0.008124 0.027842
1.0 0.090326 0.144987 0.023534 0.027938
1.0 0.079237 0.146160 0.023234 0.030282
1.0 0.103300 0.178098 0.012722 0.024823
1.0 0.095296 0.184918 0.007810 0.014404
0.0 0.049658 0.144940 0.021815 0.027842
1.0 0.337799 0.144987 0.023534 0.027938
1.0 0.348888 0.146160 0.023234 0.030282
1.0 0.324825 0.178098 0.012722 0.024823
1.0 0.332829 0.184918 0.007810 0.014404
0.0 0.378467 0.144940 0.021815 0.027842
1.0 0.471576 0.144987 0.023534 0.027938
1.0 0.460487 0.146160 0.023234 0.030282
1.0 0.484550 0.178098 0.012722 0.024823
1.0 0.476546 0.184918 0.007810 0.014404
0.0 0.430908 0.144940 0.021815 0.027842
1.0 0.719049 0.144987 0.023534 0.027938
1.0 0.730138 0.146160 0.023234 0.030282
1.0 0.706075 0.178098 0.012722 0.024823
1.0 0.714079 0.184918 0.007810 0.014404
0.0 0.759717 0.144940 0.021815 0.027842
1.0 0.852826 0.144987 0.023534 0.027938
1.0 0.841737 0.146160 0.023234 0.030282
1.0 0.865800 0.178098 0.012722 0.024823
1.0 0.857796 0.184918 0.007810 0.014404
0.0 0.812158 0.144940 0.021815 0.027842
0.0 0.004062 0.608764 0.008124 0.027842
1.0 0.090326 0.608716 0.023534 0.027938
1.0 0.079237 0.607544 0.023234 0.030282
1.0 0.103300 0.575605 0.012722 0.024823
1.0 0.095296 0.568785 0.007810 0.014404
0.0 0.049658 0.608764 0.021815 0.027842
1.0 0.337799 0.608716 0.023534 0.027938
1.0 0.348888 0.607544 0.023234 0.030282
1.0 0.324825 0.575605 0.012722 0.024823
1.0 0.332829 0.568785 0.007810 0.014404
0.0 0.378467 0.608764 0.021815 0.027842
1.0 0.471576 0.608716 0.023534 0.027938
1.0 0.460487 0.607544 0.023234 0.030282
1.0 0.484550 0.575605 0.012722 0.024823
1.0 0.476546 0.568785 0.007810 0.014404
0.0 0.430908 0.608764 0.021815 0.027842
1.0 0.719049 0.608716 0.023534 0.027938
1.0 0.730138 0.607544 0.023234 0.030282
1.0 0.706075 0.575605 0.012722 0.024823
1.0 0.714079 0.568785 0.007810 0.014404
0.0 0.759717 0.608764 0.021815 0.027842
1.0 0.852826 0.608716 0.023534 0.027938
1.0 0.841737 0.607544 0.023234 0.030282
1.0 0.865800 0.575605 0.012722 0.024823
1.0 0.857796 0.568785 0.007810 0.014404
0.0 0.812158 0.608764 0.021815 0.027842
0.0 0.004062 0.636606 0.008124 0.027842
1.0 0.090326 0.636654 0.023534 0.027938
1.0 0.079237 0.637826 0.023234 0.030282
1.0 0.103300 0.669765 0.012722 0.024823
1.0 0.095296 0.676585 0.007810 0.014404
0.0 0.049658 0.636606 0.021815 0.027842
1.0 0.337799 0.636654 0.023534 0.027938
1.0 0.348888 0.637826 0.023234 0.030282
1.0 0.324825 0.669765 0.012722 0.024823
1.0 0.332829 0.676585 0.007810 0.014404
0.0 0.378467 0.636606 0.021815 0.027842
1.0 0.471576 0.636654 0.023534 0.027938
1.0 0.460487 0.637826 0.023234 0.030282
1.0 0.484550 0.669765 0.012722 0.024823
1.0 0.476546 0.676585 0.007810 0.014404
0.0 0.430908 0.636606 0.021815 0.027842
1.0 0.719049 0.636654 0.023534 0.027938
1.0 0.730138 0.637826 0.023234 0.030282
1.0 0.706075 0.669765 0.012722 0.024823
1.0 0.714079 0.676585 0.007810 0.014404
0.0 0.759717 0.636606 0.021815 0.027842
1.0 0.852826 0.636654 0.023534 0.027938
1.0 0.841737 0.637826 0.023234 0.030282
1.0 0.865800 0.669765 0.012722 0.024823
1.0 0.857796 0.676585 0.007810 0.014404
0.0 0.812158 0.636606 0.021815 0.027842
