1.0 0.005892 0.151282 0.011784 0.271742
0.0 0.012419 0.049204 0.024837 0.059194
1.0 0.178737 0.151282 0.138854 0.271742
0.0 0.230167 0.040124 0.060696 0.080248
1.0 0.250963 0.166401 0.054286 0.188595
0.0 0.119251 0.049204 0.045989 0.059194
1.0 0.528294 0.151282 0.138854 0.271742
0.0 0.476864 0.040124 0.060696 0.080248
1.0 0.456068 0.166401 0.054286 0.188595
0.0 0.587780 0.049204 0.045989 0.059194
1.0 0.764675 0.151282 0.138854 0.271742
0.0 0.816105 0.040124 0.060696 0.080248
1.0 0.836900 0.166401 0.054286 0.188595
0.0 0.705188 0.049204 0.045989 0.059194
1.0 0.005892 0.423024 0.011784 0.271742
0.0 0.012419 0.525101 0.024837 0.059194
1.0 0.178737 0.423024 0.138854 0.271742
0.0 0.230167 0.538878 0.060696 0.089642
1.0 0.250963 0.407904 0.054286 0.188595
0.0 0.119251 0.525101 0.045989 0.059194
1.0 0.528294 0.423024 0.138854 0.271742
0.0 0.476864 0.538878 0.060696 0.089642
1.0 0.456068 0.407904 0.054286 0.188595
0.0 0.587780 0.525101 0.045989 0.059194
1.0 0.764675 0.423024 0.138854 0.271742
0.0 0.816105 0.538878 0.060696 0.089642
1.0 0.836900 0.407904 0.054286 0.188595
0.0 0.705188 0.525101 0.045989 0.059194
0.0 0.012419 0.899899 0.024837 0.059194
1.0 0.178737 0.933052 0.138854 0.133895
0.0 0.230167 0.886122 0.060696 0.089642
1.0 0.250963 0.961399 0.054286 0.077202
0.0 0.119251 0.899899 0.045989 0.059194
1.0 0.528294 0.933052 0.138854 0.133895
0.0 0.476864 0.886122 0.060696 0.089642
1.0 0.456068 0.961399 0.054286 0.077202
0.0 0.587780 0.899899 0.045989 0.059194
1.0 0.764675 0.933052 0.138854 0.133895
0.0 0.816105 0.886122 0.060696 0.089642
1.0 0.836900 0.961399 0.054286 0.077202
0.0 0.705188 0.899899 0.045989 0.059194
