1.0 0.029004 0.022222 0.043555 0.044444
1.0 0.078223 0.025521 0.043945 0.051042
0.0 0.067285 0.045139 0.019336 0.022222
0.0 0.096973 0.038368 0.009961 0.018403
1.0 0.337891 0.021528 0.030078 0.043056
1.0 0.220996 0.022222 0.043555 0.044444
1.0 0.171777 0.025521 0.043945 0.051042
1.0 0.284766 0.021701 0.027734 0.043403
0.0 0.339453 0.046007 0.019531 0.024653
0.0 0.182715 0.045139 0.019336 0.022222
0.0 0.153027 0.038368 0.009961 0.018403
1.0 0.412109 0.021528 0.030078 0.043056
1.0 0.529004 0.022222 0.043555 0.044444
1.0 0.578223 0.025521 0.043945 0.051042
1.0 0.465234 0.021701 0.027734 0.043403
0.0 0.410547 0.046007 0.019531 0.024653
0.0 0.567285 0.045139 0.019336 0.022222
0.0 0.596973 0.038368 0.009961 0.018403
1.0 0.837891 0.021528 0.030078 0.043056
1.0 0.720996 0.022222 0.043555 0.044444
1.0 0.671777 0.025521 0.043945 0.051042
1.0 0.784766 0.021701 0.027734 0.043403
0.0 0.839453 0.046007 0.019531 0.024653
0.0 0.682715 0.045139 0.019336 0.022222
0.0 0.653027 0.038368 0.009961 0.018403
1.0 0.912109 0.021528 0.030078 0.043056
1.0 0.965234 0.021701 0.027734 0.043403
0.0 0.910547 0.046007 0.019531 0.024653
1.0 0.029004 0.260069 0.043555 0.109028
1.0 0.078223 0.255556 0.043945 0.113194
1.0 0.034961 0.325521 0.017969 0.023958
0.0 0.067285 0.204861 0.019336 0.022222
0.0 0.096973 0.211632 0.009961 0.018403
1.0 0.337891 0.265972 0.030078 0.118056
1.0 0.220996 0.260069 0.043555 0.109028
1.0 0.171777 0.255556 0.043945 0.113194
1.0 0.284766 0.265278 0.027734 0.117361
1.0 0.215039 0.325521 0.017969 0.023958
0.0 0.339453 0.203993 0.019531 0.024653
0.0 0.182715 0.204861 0.019336 0.022222
0.0 0.153027 0.211632 0.009961 0.018403
1.0 0.412109 0.265972 0.030078 0.118056
1.0 0.529004 0.260069 0.043555 0.109028
1.0 0.578223 0.255556 0.043945 0.113194
1.0 0.465234 0.265278 0.027734 0.117361
1.0 0.534961 0.325521 0.017969 0.023958
0.0 0.410547 0.203993 0.019531 0.024653
0.0 0.567285 0.204861 0.019336 0.022222
0.0 0.596973 0.211632 0.009961 0.018403
1.0 0.837891 0.265972 0.030078 0.118056
1.0 0.720996 0.260069 0.043555 0.109028
1.0 0.671777 0.255556 0.043945 0.113194
1.0 0.784766 0.265278 0.027734 0.117361
1.0 0.715039 0.325521 0.017969 0.023958
0.0 0.839453 0.203993 0.019531 0.024653
0.0 0.682715 0.204861 0.019336 0.022222
0.0 0.653027 0.211632 0.009961 0.018403
1.0 0.912109 0.265972 0.030078 0.118056
1.0 0.965234 0.265278 0.027734 0.117361
0.0 0.910547 0.203993 0.019531 0.024653
1.0 0.029004 0.489931 0.043555 0.109028
1.0 0.078223 0.494444 0.043945 0.113194
1.0 0.034961 0.424479 0.017969 0.023958
0.0 0.067285 0.545139 0.019336 0.022222
0.0 0.096973 0.538368 0.009961 0.018403
1.0 0.337891 0.484028 0.030078 0.118056
1.0 0.220996 0.489931 0.043555 0.109028
1.0 0.171777 0.494444 0.043945 0.113194
1.0 0.284766 0.484722 0.027734 0.117361
1.0 0.215039 0.424479 0.017969 0.023958
0.0 0.339453 0.546007 0.019531 0.024653
0.0 0.182715 0.545139 0.019336 0.022222
0.0 0.153027 0.538368 0.009961 0.018403
1.0 0.412109 0.484028 0.030078 0.118056
1.0 0.529004 0.489931 0.043555 0.109028
1.0 0.578223 0.494444 0.043945 0.113194
1.0 0.465234 0.484722 0.027734 0.117361
1.0 0.534961 0.424479 0.017969 0.023958
0.0 0.410547 0.546007 0.019531 0.024653
0.0 0.567285 0.545139 0.019336 0.022222
0.0 0.596973 0.538368 0.009961 0.018403
1.0 0.837891 0.484028 0.030078 0.118056
1.0 0.720996 0.489931 0.043555 0.109028
1.0 0.671777 0.494444 0.043945 0.113194
1.0 0.784766 0.484722 0.027734 0.117361
1.0 0.715039 0.424479 0.017969 0.023958
0.0 0.839453 0.546007 0.019531 0.024653
0.0 0.682715 0.545139 0.019336 0.022222
0.0 0.653027 0.538368 0.009961 0.018403
1.0 0.912109 0.484028 0.030078 0.118056
1.0 0.965234 0.484722 0.027734 0.117361
0.0 0.910547 0.546007 0.019531 0.024653
1.0 0.029004 0.760069 0.043555 0.109028
1.0 0.078223 0.755556 0.043945 0.113194
1.0 0.034961 0.825521 0.017969 0.023958
0.0 0.067285 0.704861 0.019336 0.022222
0.0 0.096973 0.711632 0.009961 0.018403
1.0 0.337891 0.765972 0.030078 0.118056
1.0 0.220996 0.760069 0.043555 0.109028
1.0 0.171777 0.755556 0.043945 0.113194
1.0 0.284766 0.765278 0.027734 0.117361
1.0 0.215039 0.825521 0.017969 0.023958
0.0 0.339453 0.703993 0.019531 0.024653
0.0 0.182715 0.704861 0.019336 0.022222
0.0 0.153027 0.711632 0.009961 0.018403
1.0 0.412109 0.765972 0.030078 0.118056
1.0 0.529004 0.760069 0.043555 0.109028
1.0 0.578223 0.755556 0.043945 0.113194
1.0 0.465234 0.765278 0.027734 0.117361
1.0 0.534961 0.825521 0.017969 0.023958
0.0 0.410547 0.703993 0.019531 0.024653
0.0 0.567285 0.704861 0.019336 0.022222
0.0 0.596973 0.711632 0.009961 0.018403
1.0 0.837891 0.765972 0.030078 0.118056
1.0 0.720996 0.760069 0.043555 0.109028
1.0 0.671777 0.755556 0.043945 0.113194
1.0 0.784766 0.765278 0.027734 0.117361
1.0 0.715039 0.825521 0.017969 0.023958
0.0 0.839453 0.703993 0.019531 0.024653
0.0 0.682715 0.704861 0.019336 0.022222
0.0 0.653027 0.711632 0.009961 0.018403
1.0 0.912109 0.765972 0.030078 0.118056
1.0 0.965234 0.765278 0.027734 0.117361
0.0 0.910547 0.703993 0.019531 0.024653
1.0 0.029004 0.967708 0.043555 0.064583
1.0 0.078223 0.968924 0.043945 0.062153
1.0 0.034961 0.924479 0.017969 0.023958
1.0 0.337891 0.962500 0.030078 0.075000
1.0 0.220996 0.967708 0.043555 0.064583
1.0 0.171777 0.968924 0.043945 0.062153
1.0 0.284766 0.963021 0.027734 0.073958
1.0 0.215039 0.924479 0.017969 0.023958
1.0 0.412109 0.962500 0.030078 0.075000
1.0 0.529004 0.967708 0.043555 0.064583
1.0 0.578223 0.968924 0.043945 0.062153
1.0 0.465234 0.963021 0.027734 0.073958
1.0 0.534961 0.924479 0.017969 0.023958
1.0 0.837891 0.962500 0.030078 0.075000
1.0 0.720996 0.967708 0.043555 0.064583
1.0 0.671777 0.968924 0.043945 0.062153
1.0 0.784766 0.963021 0.027734 0.073958
1.0 0.715039 0.924479 0.017969 0.023958
1.0 0.912109 0.962500 0.030078 0.075000
1.0 0.965234 0.963021 0.027734 0.073958
