1.0 0.962160 0.547725 0.049861 0.092785
1.0 0.864631 0.558969 0.051128 0.056370
1.0 0.818607 0.568691 0.033042 0.092506
1.0 0.745474 0.596470 0.046152 0.108572
1.0 0.049393 0.683529 0.024609 0.041984
1.0 0.295826 0.731113 0.023330 0.074946
1.0 0.268648 0.732989 0.026312 0.073128
1.0 0.646759 0.630541 0.046156 0.042415
0.0 0.470820 0.799110 0.049653 0.229354
0.0 0.538872 0.836187 0.039337 0.138150
0.0 0.514025 0.839421 0.038785 0.136032
0.0 0.265451 0.759371 0.049135 0.183395
0.0 0.818430 0.718573 0.040037 0.128231
