0.0 0.725123 0.072222 0.083087 0.144444
0.0 0.663717 0.050246 0.159029 0.100491
0.0 0.808210 0.072222 0.083087 0.144444
0.0 0.869616 0.050246 0.159029 0.100491
1.0 0.145818 0.598315 0.163247 0.514482
1.0 0.055678 0.541976 0.111357 0.516392
0.0 0.060266 0.785423 0.120532 0.140264
1.0 0.320848 0.598315 0.163247 0.514482
1.0 0.434862 0.541976 0.159105 0.516392
0.0 0.452048 0.785423 0.211827 0.140264
0.0 0.725123 0.262010 0.083087 0.235132
0.0 0.663717 0.322312 0.159029 0.267829
0.0 0.987686 0.785423 0.024628 0.140264
0.0 0.808210 0.262010 0.083087 0.235132
0.0 0.869616 0.322312 0.159029 0.267829
1.0 0.145818 0.927778 0.163247 0.144444
1.0 0.055678 0.955470 0.111357 0.089061
0.0 0.060266 0.925688 0.120532 0.140264
1.0 0.320848 0.927778 0.163247 0.144444
1.0 0.434862 0.955470 0.159105 0.089061
0.0 0.452048 0.925688 0.211827 0.140264
0.0 0.987686 0.925688 0.024628 0.140264
