1.0 0.056821 0.126425 0.050819 0.092346
0.0 0.036522 0.093203 0.030166 0.043656
0.0 0.083121 0.109693 0.029353 0.042922
0.0 0.035913 0.154341 0.027012 0.039381
0.0 0.004767 0.126615 0.009535 0.026254
1.0 0.271825 0.126425 0.050819 0.092346
1.0 0.364465 0.073432 0.011344 0.021251
0.0 0.292124 0.093203 0.030166 0.043656
0.0 0.245525 0.109693 0.029353 0.042922
0.0 0.292733 0.154341 0.027012 0.039381
0.0 0.328115 0.126615 0.018008 0.026254
1.0 0.504217 0.126425 0.050819 0.092346
1.0 0.411576 0.073432 0.011344 0.021251
0.0 0.483917 0.093203 0.030166 0.043656
0.0 0.530517 0.109693 0.029353 0.042922
0.0 0.483309 0.154341 0.027012 0.039381
0.0 0.447926 0.126615 0.018008 0.026254
1.0 0.719221 0.126425 0.050819 0.092346
1.0 0.811861 0.073432 0.011344 0.021251
0.0 0.739520 0.093203 0.030166 0.043656
0.0 0.692920 0.109693 0.029353 0.042922
0.0 0.740129 0.154341 0.027012 0.039381
0.0 0.775511 0.126615 0.018008 0.026254
1.0 0.951612 0.126425 0.050819 0.092346
1.0 0.858972 0.073432 0.011344 0.021251
0.0 0.931313 0.093203 0.030166 0.043656
0.0 0.977913 0.109693 0.029353 0.042922
0.0 0.930705 0.154341 0.027012 0.039381
0.0 0.895322 0.126615 0.018008 0.026254
1.0 0.056821 0.475427 0.050819 0.092346
0.0 0.036522 0.508649 0.030166 0.043656
0.0 0.083121 0.492159 0.029353 0.042922
0.0 0.035913 0.447511 0.027012 0.039381
0.0 0.004767 0.475237 0.009535 0.026254
1.0 0.271825 0.475427 0.050819 0.092346
1.0 0.364465 0.528420 0.011344 0.021251
0.0 0.292124 0.508649 0.030166 0.043656
0.0 0.245525 0.492159 0.029353 0.042922
0.0 0.292733 0.447511 0.027012 0.039381
0.0 0.328115 0.475237 0.018008 0.026254
1.0 0.504217 0.475427 0.050819 0.092346
1.0 0.411576 0.528420 0.011344 0.021251
0.0 0.483917 0.508649 0.030166 0.043656
0.0 0.530517 0.492159 0.029353 0.042922
0.0 0.483309 0.447511 0.027012 0.039381
0.0 0.447926 0.475237 0.018008 0.026254
1.0 0.719221 0.475427 0.050819 0.092346
1.0 0.811861 0.528420 0.011344 0.021251
0.0 0.739520 0.508649 0.030166 0.043656
0.0 0.692920 0.492159 0.029353 0.042922
0.0 0.740129 0.447511 0.027012 0.039381
0.0 0.775511 0.475237 0.018008 0.026254
1.0 0.951612 0.475427 0.050819 0.092346
1.0 0.858972 0.528420 0.011344 0.021251
0.0 0.931313 0.508649 0.030166 0.043656
0.0 0.977913 0.492159 0.029353 0.042922
0.0 0.930705 0.447511 0.027012 0.039381
0.0 0.895322 0.475237 0.018008 0.026254
1.0 0.056821 0.921795 0.050819 0.092346
0.0 0.036522 0.888573 0.030166 0.043656
0.0 0.083121 0.905063 0.029353 0.042922
0.0 0.035913 0.949712 0.027012 0.039381
0.0 0.004767 0.921985 0.009535 0.026254
1.0 0.271825 0.921795 0.050819 0.092346
1.0 0.364465 0.868802 0.011344 0.021251
0.0 0.292124 0.888573 0.030166 0.043656
0.0 0.245525 0.905063 0.029353 0.042922
0.0 0.292733 0.949712 0.027012 0.039381
0.0 0.328115 0.921985 0.018008 0.026254
1.0 0.504217 0.921795 0.050819 0.092346
1.0 0.411576 0.868802 0.011344 0.021251
0.0 0.483917 0.888573 0.030166 0.043656
0.0 0.530517 0.905063 0.029353 0.042922
0.0 0.483309 0.949712 0.027012 0.039381
0.0 0.447926 0.921985 0.018008 0.026254
1.0 0.719221 0.921795 0.050819 0.092346
1.0 0.811861 0.868802 0.011344 0.021251
0.0 0.739520 0.888573 0.030166 0.043656
0.0 0.692920 0.905063 0.029353 0.042922
0.0 0.740129 0.949712 0.027012 0.039381
0.0 0.775511 0.921985 0.018008 0.026254
1.0 0.951612 0.921795 0.050819 0.092346
1.0 0.858972 0.868802 0.011344 0.021251
0.0 0.931313 0.888573 0.030166 0.043656
0.0 0.977913 0.905063 0.029353 0.042922
0.0 0.930705 0.949712 0.027012 0.039381
0.0 0.895322 0.921985 0.018008 0.026254
