1.0 0.072921 0.208371 0.012100 0.029786
1.0 0.083368 0.209276 0.012613 0.027975
1.0 0.075228 0.179751 0.006872 0.016718
1.0 0.084080 0.177853 0.004421 0.009679
0.0 0.109564 0.214394 0.014485 0.017526
0.0 0.003194 0.213451 0.006389 0.019626
0.0 0.029679 0.213382 0.012255 0.019765
1.0 0.212235 0.208371 0.012100 0.029786
1.0 0.201789 0.209276 0.012613 0.027975
1.0 0.209929 0.179751 0.006872 0.016718
1.0 0.201076 0.177853 0.004421 0.009679
0.0 0.175592 0.214394 0.014485 0.017526
0.0 0.282157 0.213451 0.006779 0.019626
0.0 0.255478 0.213382 0.012255 0.019765
1.0 0.358859 0.208371 0.012100 0.029786
1.0 0.369305 0.209276 0.012613 0.027975
1.0 0.361165 0.179751 0.006872 0.016718
1.0 0.370018 0.177853 0.004421 0.009679
0.0 0.395502 0.214394 0.014485 0.017526
0.0 0.288937 0.213451 0.006779 0.019626
0.0 0.315616 0.213382 0.012255 0.019765
1.0 0.498173 0.208371 0.012100 0.029786
1.0 0.487726 0.209276 0.012613 0.027975
1.0 0.495866 0.179751 0.006872 0.016718
1.0 0.487013 0.177853 0.004421 0.009679
0.0 0.461529 0.214394 0.014485 0.017526
0.0 0.568095 0.213451 0.006779 0.019626
0.0 0.541415 0.213382 0.012255 0.019765
1.0 0.644796 0.208371 0.012100 0.029786
1.0 0.655243 0.209276 0.012613 0.027975
1.0 0.647103 0.179751 0.006872 0.016718
1.0 0.655955 0.177853 0.004421 0.009679
0.0 0.681439 0.214394 0.014485 0.017526
0.0 0.574874 0.213451 0.006779 0.019626
0.0 0.601554 0.213382 0.012255 0.019765
1.0 0.784110 0.208371 0.012100 0.029786
1.0 0.773664 0.209276 0.012613 0.027975
1.0 0.781804 0.179751 0.006872 0.016718
1.0 0.772951 0.177853 0.004421 0.009679
0.0 0.747467 0.214394 0.014485 0.017526
0.0 0.854032 0.213451 0.006779 0.019626
0.0 0.827353 0.213382 0.012255 0.019765
1.0 0.930734 0.208371 0.012100 0.029786
1.0 0.941180 0.209276 0.012613 0.027975
1.0 0.933040 0.179751 0.006872 0.016718
1.0 0.941893 0.177853 0.004421 0.009679
0.0 0.967377 0.214394 0.014485 0.017526
0.0 0.860812 0.213451 0.006779 0.019626
0.0 0.887491 0.213382 0.012255 0.019765
1.0 0.072921 0.238157 0.012100 0.029786
1.0 0.083368 0.237251 0.012613 0.027975
1.0 0.075228 0.266777 0.006872 0.016718
1.0 0.084080 0.268675 0.004421 0.009679
0.0 0.109564 0.232134 0.014485 0.017526
0.0 0.003194 0.233077 0.006389 0.019626
0.0 0.029679 0.233146 0.012255 0.019765
1.0 0.212235 0.238157 0.012100 0.029786
1.0 0.201789 0.237251 0.012613 0.027975
1.0 0.209929 0.266777 0.006872 0.016718
1.0 0.201076 0.268675 0.004421 0.009679
0.0 0.175592 0.232134 0.014485 0.017526
0.0 0.282157 0.233077 0.006779 0.019626
0.0 0.255478 0.233146 0.012255 0.019765
1.0 0.358859 0.238157 0.012100 0.029786
1.0 0.369305 0.237251 0.012613 0.027975
1.0 0.361165 0.266777 0.006872 0.016718
1.0 0.370018 0.268675 0.004421 0.009679
0.0 0.395502 0.232134 0.014485 0.017526
0.0 0.288937 0.233077 0.006779 0.019626
0.0 0.315616 0.233146 0.012255 0.019765
1.0 0.498173 0.238157 0.012100 0.029786
1.0 0.487726 0.237251 0.012613 0.027975
1.0 0.495866 0.266777 0.006872 0.016718
1.0 0.487013 0.268675 0.004421 0.009679
0.0 0.461529 0.232134 0.014485 0.017526
0.0 0.568095 0.233077 0.006779 0.019626
0.0 0.541415 0.233146 0.012255 0.019765
1.0 0.644796 0.238157 0.012100 0.029786
1.0 0.655243 0.237251 0.012613 0.027975
1.0 0.647103 0.266777 0.006872 0.016718
1.0 0.655955 0.268675 0.004421 0.009679
0.0 0.681439 0.232134 0.014485 0.017526
0.0 0.574874 0.233077 0.006779 0.019626
0.0 0.601554 0.233146 0.012255 0.019765
1.0 0.784110 0.238157 0.012100 0.029786
1.0 0.773664 0.237251 0.012613 0.027975
1.0 0.781804 0.266777 0.006872 0.016718
1.0 0.772951 0.268675 0.004421 0.009679
0.0 0.747467 0.232134 0.014485 0.017526
0.0 0.854032 0.233077 0.006779 0.019626
0.0 0.827353 0.233146 0.012255 0.019765
1.0 0.930734 0.238157 0.012100 0.029786
1.0 0.941180 0.237251 0.012613 0.027975
1.0 0.933040 0.266777 0.006872 0.016718
1.0 0.941893 0.268675 0.004421 0.009679
0.0 0.967377 0.232134 0.014485 0.017526
0.0 0.860812 0.233077 0.006779 0.019626
0.0 0.887491 0.233146 0.012255 0.019765
1.0 0.072921 0.577121 0.012100 0.029786
1.0 0.083368 0.578026 0.012613 0.027975
1.0 0.075228 0.548501 0.006872 0.016718
1.0 0.084080 0.546603 0.004421 0.009679
0.0 0.109564 0.583144 0.014485 0.017526
0.0 0.003194 0.582201 0.006389 0.019626
0.0 0.029679 0.582132 0.012255 0.019765
1.0 0.212235 0.577121 0.012100 0.029786
1.0 0.201789 0.578026 0.012613 0.027975
1.0 0.209929 0.548501 0.006872 0.016718
1.0 0.201076 0.546603 0.004421 0.009679
0.0 0.175592 0.583144 0.014485 0.017526
0.0 0.282157 0.582201 0.006779 0.019626
0.0 0.255478 0.582132 0.012255 0.019765
1.0 0.358859 0.577121 0.012100 0.029786
1.0 0.369305 0.578026 0.012613 0.027975
1.0 0.361165 0.548501 0.006872 0.016718
1.0 0.370018 0.546603 0.004421 0.009679
0.0 0.395502 0.583144 0.014485 0.017526
0.0 0.288937 0.582201 0.006779 0.019626
0.0 0.315616 0.582132 0.012255 0.019765
1.0 0.498173 0.577121 0.012100 0.029786
1.0 0.487726 0.578026 0.012613 0.027975
1.0 0.495866 0.548501 0.006872 0.016718
1.0 0.487013 0.546603 0.004421 0.009679
0.0 0.461529 0.583144 0.014485 0.017526
0.0 0.568095 0.582201 0.006779 0.019626
0.0 0.541415 0.582132 0.012255 0.019765
1.0 0.644796 0.577121 0.012100 0.029786
1.0 0.655243 0.578026 0.012613 0.027975
1.0 0.647103 0.548501 0.006872 0.016718
1.0 0.655955 0.546603 0.004421 0.009679
0.0 0.681439 0.583144 0.014485 0.017526
0.0 0.574874 0.582201 0.006779 0.019626
0.0 0.601554 0.582132 0.012255 0.019765
1.0 0.784110 0.577121 0.012100 0.029786
1.0 0.773664 0.578026 0.012613 0.027975
1.0 0.781804 0.548501 0.006872 0.016718
1.0 0.772951 0.546603 0.004421 0.009679
0.0 0.747467 0.583144 0.014485 0.017526
0.0 0.854032 0.582201 0.006779 0.019626
0.0 0.827353 0.582132 0.012255 0.019765
1.0 0.930734 0.577121 0.012100 0.029786
1.0 0.941180 0.578026 0.012613 0.027975
1.0 0.933040 0.548501 0.006872 0.016718
1.0 0.941893 0.546603 0.004421 0.009679
0.0 0.967377 0.583144 0.014485 0.017526
0.0 0.860812 0.582201 0.006779 0.019626
0.0 0.887491 0.582132 0.012255 0.019765
1.0 0.072921 0.606907 0.012100 0.029786
1.0 0.083368 0.606001 0.012613 0.027975
1.0 0.075228 0.635527 0.006872 0.016718
1.0 0.084080 0.637425 0.004421 0.009679
0.0 0.109564 0.600884 0.014485 0.017526
0.0 0.003194 0.601827 0.006389 0.019626
0.0 0.029679 0.601896 0.012255 0.019765
1.0 0.212235 0.606907 0.012100 0.029786
1.0 0.201789 0.606001 0.012613 0.027975
1.0 0.209929 0.635527 0.006872 0.016718
1.0 0.201076 0.637425 0.004421 0.009679
0.0 0.175592 0.600884 0.014485 0.017526
0.0 0.282157 0.601827 0.006779 0.019626
0.0 0.255478 0.601896 0.012255 0.019765
1.0 0.358859 0.606907 0.012100 0.029786
1.0 0.369305 0.606001 0.012613 0.027975
1.0 0.361165 0.635527 0.006872 0.016718
1.0 0.370018 0.637425 0.004421 0.009679
0.0 0.395502 0.600884 0.014485 0.017526
0.0 0.288937 0.601827 0.006779 0.019626
0.0 0.315616 0.601896 0.012255 0.019765
1.0 0.498173 0.606907 0.012100 0.029786
1.0 0.487726 0.606001 0.012613 0.027975
1.0 0.495866 0.635527 0.006872 0.016718
1.0 0.487013 0.637425 0.004421 0.009679
0.0 0.461529 0.600884 0.014485 0.017526
0.0 0.568095 0.601827 0.006779 0.019626
0.0 0.541415 0.601896 0.012255 0.019765
1.0 0.644796 0.606907 0.012100 0.029786
1.0 0.655243 0.606001 0.012613 0.027975
1.0 0.647103 0.635527 0.006872 0.016718
1.0 0.655955 0.637425 0.004421 0.009679
0.0 0.681439 0.600884 0.014485 0.017526
0.0 0.574874 0.601827 0.006779 0.019626
0.0 0.601554 0.601896 0.012255 0.019765
1.0 0.784110 0.606907 0.012100 0.029786
1.0 0.773664 0.606001 0.012613 0.027975
1.0 0.781804 0.635527 0.006872 0.016718
1.0 0.772951 0.637425 0.004421 0.009679
0.0 0.747467 0.600884 0.014485 0.017526
0.0 0.854032 0.601827 0.006779 0.019626
0.0 0.827353 0.601896 0.012255 0.019765
1.0 0.930734 0.606907 0.012100 0.029786
1.0 0.941180 0.606001 0.012613 0.027975
1.0 0.933040 0.635527 0.006872 0.016718
1.0 0.941893 0.637425 0.004421 0.009679
0.0 0.967377 0.600884 0.014485 0.017526
0.0 0.860812 0.601827 0.006779 0.019626
0.0 0.887491 0.601896 0.012255 0.019765
1.0 0.072921 0.945871 0.012100 0.029786
1.0 0.083368 0.946776 0.012613 0.027975
1.0 0.075228 0.917251 0.006872 0.016718
1.0 0.084080 0.915353 0.004421 0.009679
0.0 0.109564 0.951894 0.014485 0.017526
0.0 0.003194 0.950951 0.006389 0.019626
0.0 0.029679 0.950882 0.012255 0.019765
1.0 0.212235 0.945871 0.012100 0.029786
1.0 0.201789 0.946776 0.012613 0.027975
1.0 0.209929 0.917251 0.006872 0.016718
1.0 0.201076 0.915353 0.004421 0.009679
0.0 0.175592 0.951894 0.014485 0.017526
0.0 0.282157 0.950951 0.006779 0.019626
0.0 0.255478 0.950882 0.012255 0.019765
1.0 0.358859 0.945871 0.012100 0.029786
1.0 0.369305 0.946776 0.012613 0.027975
1.0 0.361165 0.917251 0.006872 0.016718
1.0 0.370018 0.915353 0.004421 0.009679
0.0 0.395502 0.951894 0.014485 0.017526
0.0 0.288937 0.950951 0.006779 0.019626
0.0 0.315616 0.950882 0.012255 0.019765
1.0 0.498173 0.945871 0.012100 0.029786
1.0 0.487726 0.946776 0.012613 0.027975
1.0 0.495866 0.917251 0.006872 0.016718
1.0 0.487013 0.915353 0.004421 0.009679
0.0 0.461529 0.951894 0.014485 0.017526
0.0 0.568095 0.950951 0.006779 0.019626
0.0 0.541415 0.950882 0.012255 0.019765
1.0 0.644796 0.945871 0.012100 0.029786
1.0 0.655243 0.946776 0.012613 0.027975
1.0 0.647103 0.917251 0.006872 0.016718
1.0 0.655955 0.915353 0.004421 0.009679
0.0 0.681439 0.951894 0.014485 0.017526
0.0 0.574874 0.950951 0.006779 0.019626
0.0 0.601554 0.950882 0.012255 0.019765
1.0 0.784110 0.945871 0.012100 0.029786
1.0 0.773664 0.946776 0.012613 0.027975
1.0 0.781804 0.917251 0.006872 0.016718
1.0 0.772951 0.915353 0.004421 0.009679
0.0 0.747467 0.951894 0.014485 0.017526
0.0 0.854032 0.950951 0.006779 0.019626
0.0 0.827353 0.950882 0.012255 0.019765
1.0 0.930734 0.945871 0.012100 0.029786
1.0 0.941180 0.946776 0.012613 0.027975
1.0 0.933040 0.917251 0.006872 0.016718
1.0 0.941893 0.915353 0.004421 0.009679
0.0 0.967377 0.951894 0.014485 0.017526
0.0 0.860812 0.950951 0.006779 0.019626
0.0 0.887491 0.950882 0.012255 0.019765
1.0 0.072921 0.975657 0.012100 0.029786
1.0 0.083368 0.974751 0.012613 0.027975
1.0 0.075228 0.997959 0.006872 0.004082
0.0 0.109564 0.969634 0.014485 0.017526
0.0 0.003194 0.970577 0.006389 0.019626
0.0 0.029679 0.970646 0.012255 0.019765
1.0 0.212235 0.975657 0.012100 0.029786
1.0 0.201789 0.974751 0.012613 0.027975
1.0 0.209929 0.997959 0.006872 0.004082
0.0 0.175592 0.969634 0.014485 0.017526
0.0 0.282157 0.970577 0.006779 0.019626
0.0 0.255478 0.970646 0.012255 0.019765
1.0 0.358859 0.975657 0.012100 0.029786
1.0 0.369305 0.974751 0.012613 0.027975
1.0 0.361165 0.997959 0.006872 0.004082
0.0 0.395502 0.969634 0.014485 0.017526
0.0 0.288937 0.970577 0.006779 0.019626
0.0 0.315616 0.970646 0.012255 0.019765
1.0 0.498173 0.975657 0.012100 0.029786
1.0 0.487726 0.974751 0.012613 0.027975
1.0 0.495866 0.997959 0.006872 0.004082
0.0 0.461529 0.969634 0.014485 0.017526
0.0 0.568095 0.970577 0.006779 0.019626
0.0 0.541415 0.970646 0.012255 0.019765
1.0 0.644796 0.975657 0.012100 0.029786
1.0 0.655243 0.974751 0.012613 0.027975
1.0 0.647103 0.997959 0.006872 0.004082
0.0 0.681439 0.969634 0.014485 0.017526
0.0 0.574874 0.970577 0.006779 0.019626
0.0 0.601554 0.970646 0.012255 0.019765
1.0 0.784110 0.975657 0.012100 0.029786
1.0 0.773664 0.974751 0.012613 0.027975
1.0 0.781804 0.997959 0.006872 0.004082
0.0 0.747467 0.969634 0.014485 0.017526
0.0 0.854032 0.970577 0.006779 0.019626
0.0 0.827353 0.970646 0.012255 0.019765
1.0 0.930734 0.975657 0.012100 0.029786
1.0 0.941180 0.974751 0.012613 0.027975
1.0 0.933040 0.997959 0.006872 0.004082
0.0 0.967377 0.969634 0.014485 0.017526
0.0 0.860812 0.970577 0.006779 0.019626
0.0 0.887491 0.970646 0.012255 0.019765
