1.0 0.177513 0.125960 0.161119 0.251921
0.0 0.105363 0.029322 0.118565 0.058644
0.0 0.256231 0.042205 0.103290 0.084409
1.0 0.470924 0.125960 0.161119 0.251921
0.0 0.543074 0.029322 0.118565 0.058644
0.0 0.392206 0.042205 0.103290 0.084409
1.0 0.880638 0.125960 0.161119 0.251921
0.0 0.808488 0.029322 0.118565 0.058644
0.0 0.953855 0.042205 0.092289 0.084409
1.0 0.177513 0.497186 0.161119 0.331547
0.0 0.105363 0.616511 0.118565 0.183644
0.0 0.256231 0.570123 0.103290 0.142398
1.0 0.470924 0.497186 0.161119 0.331547
0.0 0.543074 0.616511 0.118565 0.183644
0.0 0.392206 0.570123 0.103290 0.142398
1.0 0.880638 0.497186 0.161119 0.331547
0.0 0.808488 0.616511 0.118565 0.183644
0.0 0.953855 0.570123 0.092289 0.142398
1.0 0.177513 0.876853 0.161119 0.246293
0.0 0.105363 0.800156 0.118565 0.183644
0.0 0.256231 0.846543 0.103290 0.142398
1.0 0.470924 0.876853 0.161119 0.246293
0.0 0.543074 0.800156 0.118565 0.183644
0.0 0.392206 0.846543 0.103290 0.142398
1.0 0.880638 0.876853 0.161119 0.246293
0.0 0.808488 0.800156 0.118565 0.183644
0.0 0.953855 0.846543 0.092289 0.142398
