1.0 0.018809 0.402617 0.037618 0.087635
1.0 0.058088 0.410625 0.029030 0.080136
1.0 0.119823 0.422428 0.053072 0.087635
1.0 0.546891 0.499680 0.049677 0.085977
1.0 0.604753 0.508556 0.051614 0.085290
1.0 0.290774 0.511897 0.057185 0.110215
1.0 0.368795 0.525001 0.056794 0.108064
1.0 0.073013 0.413345 0.029030 0.080136
0.0 0.274361 0.575807 0.082339 0.049649
0.0 0.359010 0.588141 0.074141 0.042386
0.0 0.605972 0.549204 0.043106 0.022864
0.0 0.509145 0.429114 0.190636 0.266894
0.0 0.712872 0.473018 0.198789 0.361938
