1.0 0.129059 0.010263 0.025611 0.020526
1.0 0.047063 0.021628 0.031081 0.043255
1.0 0.026523 0.019281 0.030397 0.038563
1.0 0.523545 0.010263 0.025611 0.020526
1.0 0.605541 0.021628 0.031081 0.043255
1.0 0.626081 0.019281 0.030397 0.038563
1.0 0.823851 0.010263 0.025611 0.020526
1.0 0.741854 0.021628 0.031081 0.043255
1.0 0.721314 0.019281 0.030397 0.038563
1.0 0.223641 0.587328 0.081160 0.290139
1.0 0.129059 0.430787 0.025611 0.058182
1.0 0.141767 0.600151 0.076091 0.282276
1.0 0.154441 0.438083 0.018212 0.030684
1.0 0.047063 0.444549 0.031081 0.131165
0.0 0.130884 0.722000 0.109228 0.071662
0.0 0.132247 0.753556 0.122125 0.070666
0.0 0.237335 0.706695 0.112455 0.070887
0.0 0.247254 0.745111 0.128082 0.087556
1.0 0.026523 0.448972 0.030397 0.130624
0.0 0.011507 0.749885 0.023015 0.067248
1.0 0.428963 0.587328 0.081160 0.290139
1.0 0.523545 0.430787 0.025611 0.058182
1.0 0.510838 0.600151 0.076091 0.282276
1.0 0.498163 0.438083 0.018212 0.030684
1.0 0.605541 0.444549 0.031081 0.131165
0.0 0.521720 0.722000 0.109228 0.071662
0.0 0.520357 0.753556 0.122125 0.070666
0.0 0.415269 0.706695 0.112455 0.070887
0.0 0.405350 0.745111 0.128082 0.087556
1.0 0.626081 0.448972 0.030397 0.130624
0.0 0.651644 0.749885 0.044108 0.067248
1.0 0.918432 0.587328 0.081160 0.290139
1.0 0.823851 0.430787 0.025611 0.058182
1.0 0.836558 0.600151 0.076091 0.282276
1.0 0.849233 0.438083 0.018212 0.030684
1.0 0.741854 0.444549 0.031081 0.131165
0.0 0.825676 0.722000 0.109228 0.071662
0.0 0.827039 0.753556 0.122125 0.070666
0.0 0.932127 0.706695 0.112455 0.070887
0.0 0.939002 0.745111 0.121995 0.087556
1.0 0.721314 0.448972 0.030397 0.130624
0.0 0.695752 0.749885 0.044108 0.067248
1.0 0.223641 0.922690 0.081160 0.154620
1.0 0.141767 0.918244 0.076091 0.163511
0.0 0.130884 0.855778 0.109228 0.071662
0.0 0.132247 0.824222 0.122125 0.070666
0.0 0.237335 0.871083 0.112455 0.070887
0.0 0.247254 0.832667 0.128082 0.087556
0.0 0.011507 0.827893 0.023015 0.067248
1.0 0.428963 0.922690 0.081160 0.154620
1.0 0.510838 0.918244 0.076091 0.163511
0.0 0.521720 0.855778 0.109228 0.071662
0.0 0.520357 0.824222 0.122125 0.070666
0.0 0.415269 0.871083 0.112455 0.070887
0.0 0.405350 0.832667 0.128082 0.087556
0.0 0.651644 0.827893 0.044108 0.067248
1.0 0.918432 0.922690 0.081160 0.154620
1.0 0.836558 0.918244 0.076091 0.163511
0.0 0.825676 0.855778 0.109228 0.071662
0.0 0.827039 0.824222 0.122125 0.070666
0.0 0.932127 0.871083 0.112455 0.070887
0.0 0.939002 0.832667 0.121995 0.087556
0.0 0.695752 0.827893 0.044108 0.067248
