1.0 0.006055 0.193056 0.012109 0.056944
1.0 0.068652 0.177778 0.007227 0.013194
0.0 0.013477 0.174479 0.020312 0.025347
1.0 0.165137 0.193056 0.032617 0.056944
1.0 0.092285 0.177778 0.007227 0.013194
0.0 0.147461 0.174479 0.020312 0.025347
0.0 0.183301 0.175000 0.019727 0.025000
1.0 0.331348 0.193056 0.032617 0.056944
1.0 0.404199 0.177778 0.007227 0.013194
0.0 0.349023 0.174479 0.020312 0.025347
0.0 0.313184 0.175000 0.019727 0.025000
1.0 0.500684 0.193056 0.032617 0.056944
1.0 0.427832 0.177778 0.007227 0.013194
0.0 0.483008 0.174479 0.020312 0.025347
0.0 0.518848 0.175000 0.019727 0.025000
1.0 0.666895 0.193056 0.032617 0.056944
1.0 0.739746 0.177778 0.007227 0.013194
0.0 0.684570 0.174479 0.020312 0.025347
0.0 0.648730 0.175000 0.019727 0.025000
1.0 0.836230 0.193056 0.032617 0.056944
1.0 0.763379 0.177778 0.007227 0.013194
0.0 0.818555 0.174479 0.020312 0.025347
0.0 0.854395 0.175000 0.019727 0.025000
1.0 0.993066 0.193056 0.013867 0.056944
0.0 0.984277 0.175000 0.019727 0.025000
1.0 0.006055 0.508333 0.012109 0.056944
1.0 0.068652 0.523611 0.007227 0.013194
0.0 0.013477 0.526910 0.020312 0.025347
1.0 0.165137 0.508333 0.032617 0.056944
1.0 0.092285 0.523611 0.007227 0.013194
0.0 0.147461 0.526910 0.020312 0.025347
0.0 0.183301 0.526389 0.019727 0.025000
1.0 0.331348 0.508333 0.032617 0.056944
1.0 0.404199 0.523611 0.007227 0.013194
0.0 0.349023 0.526910 0.020312 0.025347
0.0 0.313184 0.526389 0.019727 0.025000
1.0 0.500684 0.508333 0.032617 0.056944
1.0 0.427832 0.523611 0.007227 0.013194
0.0 0.483008 0.526910 0.020312 0.025347
0.0 0.518848 0.526389 0.019727 0.025000
1.0 0.666895 0.508333 0.032617 0.056944
1.0 0.739746 0.523611 0.007227 0.013194
0.0 0.684570 0.526910 0.020312 0.025347
0.0 0.648730 0.526389 0.019727 0.025000
1.0 0.836230 0.508333 0.032617 0.056944
1.0 0.763379 0.523611 0.007227 0.013194
0.0 0.818555 0.526910 0.020312 0.025347
0.0 0.854395 0.526389 0.019727 0.025000
1.0 0.993066 0.508333 0.013867 0.056944
0.0 0.984277 0.526389 0.019727 0.025000
1.0 0.006055 0.789583 0.012109 0.056944
1.0 0.068652 0.774306 0.007227 0.013194
0.0 0.013477 0.771007 0.020312 0.025347
1.0 0.165137 0.789583 0.032617 0.056944
1.0 0.092285 0.774306 0.007227 0.013194
0.0 0.147461 0.771007 0.020312 0.025347
0.0 0.183301 0.771528 0.019727 0.025000
1.0 0.331348 0.789583 0.032617 0.056944
1.0 0.404199 0.774306 0.007227 0.013194
0.0 0.349023 0.771007 0.020312 0.025347
0.0 0.313184 0.771528 0.019727 0.025000
1.0 0.500684 0.789583 0.032617 0.056944
1.0 0.427832 0.774306 0.007227 0.013194
0.0 0.483008 0.771007 0.020312 0.025347
0.0 0.518848 0.771528 0.019727 0.025000
1.0 0.666895 0.789583 0.032617 0.056944
1.0 0.739746 0.774306 0.007227 0.013194
0.0 0.684570 0.771007 0.020312 0.025347
0.0 0.648730 0.771528 0.019727 0.025000
1.0 0.836230 0.789583 0.032617 0.056944
1.0 0.763379 0.774306 0.007227 0.013194
0.0 0.818555 0.771007 0.020312 0.025347
0.0 0.854395 0.771528 0.019727 0.025000
1.0 0.993066 0.789583 0.013867 0.056944
0.0 0.984277 0.771528 0.019727 0.025000
