0.0 0.132756 0.129861 0.234489 0.259722
0.0 0.112394 0.129861 0.224788 0.259722
0.0 0.367244 0.129861 0.234489 0.259722
0.0 0.420841 0.129861 0.291258 0.259722
0.0 0.966765 0.129861 0.066470 0.259722
0.0 0.132756 0.487938 0.234489 0.456431
0.0 0.112394 0.432600 0.224788 0.345755
0.0 0.367244 0.487938 0.234489 0.456431
0.0 0.420841 0.432600 0.291258 0.345755
0.0 0.966765 0.432600 0.066470 0.345755
0.0 0.132756 0.882201 0.234489 0.235598
0.0 0.112394 0.937539 0.224788 0.124921
0.0 0.367244 0.882201 0.234489 0.235598
0.0 0.420841 0.937539 0.291258 0.124921
0.0 0.966765 0.937539 0.066470 0.124921
