0.0 0.291086 0.003946 0.067196 0.007891
0.0 0.448497 0.003946 0.067196 0.007891
0.0 0.811919 0.003946 0.067196 0.007891
0.0 0.967866 0.003946 0.064267 0.007891
1.0 0.024214 0.315169 0.048429 0.061328
1.0 0.025270 0.196982 0.050541 0.183051
0.0 0.044027 0.139011 0.025905 0.048737
0.0 0.101116 0.141314 0.016517 0.048737
1.0 0.243623 0.315169 0.146605 0.061328
1.0 0.319281 0.314327 0.047873 0.063012
1.0 0.360524 0.179379 0.013980 0.049331
1.0 0.347120 0.179879 0.013980 0.049331
1.0 0.241512 0.196982 0.146605 0.183051
0.0 0.174723 0.139011 0.025905 0.048737
1.0 0.317484 0.207489 0.047873 0.154100
0.0 0.291086 0.109097 0.067196 0.082124
0.0 0.117634 0.141314 0.016517 0.048737
1.0 0.495960 0.315169 0.146605 0.061328
1.0 0.420302 0.314327 0.047873 0.063012
1.0 0.379059 0.179379 0.013980 0.049331
1.0 0.392463 0.179879 0.013980 0.049331
1.0 0.498072 0.196982 0.146605 0.183051
0.0 0.564861 0.139011 0.025905 0.048737
1.0 0.422100 0.207489 0.047873 0.154100
0.0 0.448497 0.109097 0.067196 0.082124
0.0 0.621950 0.141314 0.016517 0.048737
1.0 0.764457 0.315169 0.146605 0.061328
1.0 0.840114 0.314327 0.047873 0.063012
1.0 0.881357 0.179379 0.013980 0.049331
1.0 0.867954 0.179879 0.013980 0.049331
1.0 0.762345 0.196982 0.146605 0.183051
0.0 0.695556 0.139011 0.025905 0.048737
1.0 0.838317 0.207489 0.047873 0.154100
0.0 0.811919 0.109097 0.067196 0.082124
0.0 0.638467 0.141314 0.016517 0.048737
1.0 0.971746 0.315169 0.056509 0.061328
1.0 0.941136 0.314327 0.047873 0.063012
1.0 0.899893 0.179379 0.013980 0.049331
1.0 0.913296 0.179879 0.013980 0.049331
1.0 0.972801 0.196982 0.054397 0.183051
1.0 0.942933 0.207489 0.047873 0.154100
0.0 0.967866 0.109097 0.064267 0.082124
1.0 0.024214 0.376497 0.048429 0.061328
1.0 0.025270 0.494685 0.050541 0.183051
0.0 0.044027 0.552655 0.025905 0.048737
0.0 0.101116 0.550352 0.016517 0.048737
1.0 0.243623 0.376497 0.146605 0.061328
1.0 0.319281 0.377339 0.047873 0.063012
1.0 0.360524 0.512288 0.013980 0.049331
1.0 0.347120 0.511788 0.013980 0.049331
1.0 0.241512 0.494685 0.146605 0.183051
0.0 0.174723 0.552655 0.025905 0.048737
1.0 0.317484 0.484178 0.047873 0.154100
0.0 0.291086 0.582570 0.067196 0.082124
0.0 0.117634 0.550352 0.016517 0.048737
1.0 0.495960 0.376497 0.146605 0.061328
1.0 0.420302 0.377339 0.047873 0.063012
1.0 0.379059 0.512288 0.013980 0.049331
1.0 0.392463 0.511788 0.013980 0.049331
1.0 0.498072 0.494685 0.146605 0.183051
0.0 0.564861 0.552655 0.025905 0.048737
1.0 0.422100 0.484178 0.047873 0.154100
0.0 0.448497 0.582570 0.067196 0.082124
0.0 0.621950 0.550352 0.016517 0.048737
1.0 0.764457 0.376497 0.146605 0.061328
1.0 0.840114 0.377339 0.047873 0.063012
1.0 0.881357 0.512288 0.013980 0.049331
1.0 0.867954 0.511788 0.013980 0.049331
1.0 0.762345 0.494685 0.146605 0.183051
0.0 0.695556 0.552655 0.025905 0.048737
1.0 0.838317 0.484178 0.047873 0.154100
0.0 0.811919 0.582570 0.067196 0.082124
0.0 0.638467 0.550352 0.016517 0.048737
1.0 0.971746 0.376497 0.056509 0.061328
1.0 0.941136 0.377339 0.047873 0.063012
1.0 0.899893 0.512288 0.013980 0.049331
1.0 0.913296 0.511788 0.013980 0.049331
1.0 0.972801 0.494685 0.054397 0.183051
1.0 0.942933 0.484178 0.047873 0.154100
0.0 0.967866 0.582570 0.064267 0.082124
1.0 0.024214 0.930910 0.048429 0.061328
1.0 0.025270 0.812722 0.050541 0.183051
0.0 0.044027 0.754752 0.025905 0.048737
0.0 0.101116 0.757055 0.016517 0.048737
1.0 0.243623 0.930910 0.146605 0.061328
1.0 0.319281 0.930068 0.047873 0.063012
1.0 0.360524 0.795120 0.013980 0.049331
1.0 0.347120 0.795619 0.013980 0.049331
1.0 0.241512 0.812722 0.146605 0.183051
0.0 0.174723 0.754752 0.025905 0.048737
1.0 0.317484 0.823230 0.047873 0.154100
0.0 0.291086 0.724838 0.067196 0.082124
0.0 0.117634 0.757055 0.016517 0.048737
1.0 0.495960 0.930910 0.146605 0.061328
1.0 0.420302 0.930068 0.047873 0.063012
1.0 0.379059 0.795120 0.013980 0.049331
1.0 0.392463 0.795619 0.013980 0.049331
1.0 0.498072 0.812722 0.146605 0.183051
0.0 0.564861 0.754752 0.025905 0.048737
1.0 0.422100 0.823230 0.047873 0.154100
0.0 0.448497 0.724838 0.067196 0.082124
0.0 0.621950 0.757055 0.016517 0.048737
1.0 0.764457 0.930910 0.146605 0.061328
1.0 0.840114 0.930068 0.047873 0.063012
1.0 0.881357 0.795120 0.013980 0.049331
1.0 0.867954 0.795619 0.013980 0.049331
1.0 0.762345 0.812722 0.146605 0.183051
0.0 0.695556 0.754752 0.025905 0.048737
1.0 0.838317 0.823230 0.047873 0.154100
0.0 0.811919 0.724838 0.067196 0.082124
0.0 0.638467 0.757055 0.016517 0.048737
1.0 0.971746 0.930910 0.056509 0.061328
1.0 0.941136 0.930068 0.047873 0.063012
1.0 0.899893 0.795120 0.013980 0.049331
1.0 0.913296 0.795619 0.013980 0.049331
1.0 0.972801 0.812722 0.054397 0.183051
1.0 0.942933 0.823230 0.047873 0.154100
0.0 0.967866 0.724838 0.064267 0.082124
1.0 0.024214 0.980787 0.048429 0.038426
1.0 0.243623 0.980787 0.146605 0.038426
1.0 0.319281 0.980787 0.047873 0.038426
1.0 0.495960 0.980787 0.146605 0.038426
1.0 0.420302 0.980787 0.047873 0.038426
1.0 0.764457 0.980787 0.146605 0.038426
1.0 0.840114 0.980787 0.047873 0.038426
1.0 0.971746 0.980787 0.056509 0.038426
1.0 0.941136 0.980787 0.047873 0.038426
