1.0 0.939556 0.518207 0.038256 0.072829
1.0 0.857307 0.526611 0.042081 0.044818
1.0 0.817904 0.534314 0.026014 0.074230
1.0 0.754399 0.556723 0.038256 0.088235
1.0 0.074598 0.635154 0.025249 0.037815
1.0 0.330528 0.674370 0.022953 0.065826
1.0 0.302984 0.676471 0.026014 0.064426
1.0 0.666412 0.584734 0.041316 0.035014
0.0 0.503060 0.731092 0.046672 0.198880
0.0 0.568860 0.761204 0.035960 0.119048
0.0 0.545142 0.764706 0.035960 0.117647
0.0 0.620888 0.766807 0.032900 0.141457
0.0 0.205815 0.834034 0.053558 0.177871
0.0 0.314843 0.547619 0.051262 0.170868
