1.0 0.090115 0.165923 0.180229 0.112598
1.0 0.070880 0.083145 0.141760 0.166290
1.0 0.442977 0.165923 0.183913 0.112598
1.0 0.481446 0.083145 0.183913 0.166290
1.0 0.966908 0.165923 0.066184 0.112598
1.0 0.947674 0.083145 0.104652 0.166290
1.0 0.090115 0.278521 0.180229 0.112598
0.0 0.231623 0.598799 0.068004 0.168086
1.0 0.070880 0.459967 0.141760 0.363625
0.0 0.016893 0.577850 0.033787 0.241652
0.0 0.131751 0.552186 0.103630 0.168086
1.0 0.442977 0.278521 0.183913 0.112598
0.0 0.299627 0.598799 0.068004 0.168086
1.0 0.481446 0.459967 0.183913 0.363625
0.0 0.570870 0.577850 0.146813 0.241652
0.0 0.399499 0.552186 0.103630 0.168086
0.0 0.595068 0.713945 0.146813 0.127667
1.0 0.966908 0.278521 0.066184 0.112598
1.0 0.947674 0.459967 0.104652 0.363625
0.0 0.897880 0.577850 0.146813 0.241652
0.0 0.873682 0.713945 0.146813 0.127667
0.0 0.231623 0.936357 0.068004 0.127287
1.0 0.070880 0.956888 0.141760 0.086224
0.0 0.016893 0.928439 0.033787 0.143121
0.0 0.131751 0.959663 0.103630 0.080674
0.0 0.299627 0.936357 0.068004 0.127287
1.0 0.481446 0.956888 0.183913 0.086224
0.0 0.570870 0.928439 0.146813 0.143121
0.0 0.399499 0.959663 0.103630 0.080674
0.0 0.595068 0.841611 0.146813 0.127667
1.0 0.947674 0.956888 0.104652 0.086224
0.0 0.897880 0.928439 0.146813 0.143121
0.0 0.873682 0.841611 0.146813 0.127667
