1.0 0.072264 0.133029 0.048460 0.095092
0.0 0.077587 0.095558 0.036165 0.059541
0.0 0.157347 0.112143 0.034122 0.051981
1.0 0.136362 0.143424 0.046776 0.079623
1.0 0.341798 0.133029 0.048460 0.095092
0.0 0.336476 0.095558 0.036165 0.059541
0.0 0.256715 0.112143 0.034122 0.051981
1.0 0.277700 0.143424 0.046776 0.079623
1.0 0.462889 0.133029 0.048460 0.095092
0.0 0.468212 0.095558 0.036165 0.059541
0.0 0.547972 0.112143 0.034122 0.051981
1.0 0.526987 0.143424 0.046776 0.079623
1.0 0.732423 0.133029 0.048460 0.095092
0.0 0.727101 0.095558 0.036165 0.059541
0.0 0.647340 0.112143 0.034122 0.051981
1.0 0.668325 0.143424 0.046776 0.079623
1.0 0.853514 0.133029 0.048460 0.095092
0.0 0.858837 0.095558 0.036165 0.059541
0.0 0.938597 0.112143 0.034122 0.051981
1.0 0.917612 0.143424 0.046776 0.079623
1.0 0.072264 0.519749 0.048460 0.095092
0.0 0.077587 0.557219 0.036165 0.059541
0.0 0.157347 0.540635 0.034122 0.051981
1.0 0.136362 0.509354 0.046776 0.079623
1.0 0.341798 0.519749 0.048460 0.095092
0.0 0.336476 0.557219 0.036165 0.059541
0.0 0.256715 0.540635 0.034122 0.051981
1.0 0.277700 0.509354 0.046776 0.079623
1.0 0.462889 0.519749 0.048460 0.095092
0.0 0.468212 0.557219 0.036165 0.059541
0.0 0.547972 0.540635 0.034122 0.051981
1.0 0.526987 0.509354 0.046776 0.079623
1.0 0.732423 0.519749 0.048460 0.095092
0.0 0.727101 0.557219 0.036165 0.059541
0.0 0.647340 0.540635 0.034122 0.051981
1.0 0.668325 0.509354 0.046776 0.079623
1.0 0.853514 0.519749 0.048460 0.095092
0.0 0.858837 0.557219 0.036165 0.059541
0.0 0.938597 0.540635 0.034122 0.051981
1.0 0.917612 0.509354 0.046776 0.079623
1.0 0.072264 0.827473 0.048460 0.095092
0.0 0.077587 0.790003 0.036165 0.059541
0.0 0.157347 0.806587 0.034122 0.051981
1.0 0.136362 0.837868 0.046776 0.079623
1.0 0.341798 0.827473 0.048460 0.095092
0.0 0.336476 0.790003 0.036165 0.059541
0.0 0.256715 0.806587 0.034122 0.051981
1.0 0.277700 0.837868 0.046776 0.079623
1.0 0.462889 0.827473 0.048460 0.095092
0.0 0.468212 0.790003 0.036165 0.059541
0.0 0.547972 0.806587 0.034122 0.051981
1.0 0.526987 0.837868 0.046776 0.079623
1.0 0.732423 0.827473 0.048460 0.095092
0.0 0.727101 0.790003 0.036165 0.059541
0.0 0.647340 0.806587 0.034122 0.051981
1.0 0.668325 0.837868 0.046776 0.079623
1.0 0.853514 0.827473 0.048460 0.095092
0.0 0.858837 0.790003 0.036165 0.059541
0.0 0.938597 0.806587 0.034122 0.051981
1.0 0.917612 0.837868 0.046776 0.079623
