1.0 0.146903 0.458359 0.079522 0.109502
1.0 0.304636 0.527259 0.017699 0.025168
0.0 0.183098 0.498418 0.048111 0.052314
0.0 0.104524 0.475503 0.046777 0.051408
0.0 0.215374 0.451618 0.064897 0.071911
0.0 0.004093 0.473108 0.008186 0.032115
1.0 0.517159 0.458359 0.079522 0.109502
1.0 0.359427 0.527259 0.017699 0.025168
0.0 0.480964 0.498418 0.048111 0.052314
0.0 0.559538 0.475503 0.046777 0.051408
0.0 0.448689 0.451618 0.064897 0.071911
0.0 0.661727 0.473108 0.011701 0.032115
1.0 0.817997 0.458359 0.079522 0.109502
1.0 0.975730 0.527259 0.017699 0.025168
0.0 0.854192 0.498418 0.048111 0.052314
0.0 0.775618 0.475503 0.046777 0.051408
0.0 0.886468 0.451618 0.064897 0.071911
0.0 0.673429 0.473108 0.011701 0.032115
