1.0 0.171729 0.219924 0.065523 0.153742
1.0 0.122301 0.221986 0.076948 0.178694
1.0 0.083533 0.259033 0.056183 0.141556
1.0 0.218057 0.255054 0.027798 0.062668
1.0 0.243084 0.241129 0.033820 0.070158
1.0 0.286361 0.229972 0.033141 0.062496
1.0 0.316573 0.214289 0.037408 0.067598
1.0 0.260984 0.237609 0.028224 0.064488
1.0 0.197697 0.252268 0.038786 0.087023
1.0 0.172656 0.283902 0.027084 0.034927
1.0 0.326522 0.212948 0.018830 0.057132
1.0 0.196585 0.282632 0.019485 0.026353
1.0 0.042292 0.321227 0.018763 0.029074
1.0 0.229895 0.252748 0.019806 0.055154
0.0 0.124990 0.135769 0.037568 0.052925
0.0 0.065003 0.217469 0.028972 0.032356
0.0 0.264073 0.209044 0.011528 0.014145
0.0 0.329801 0.185524 0.009392 0.013231
1.0 0.500146 0.219924 0.065523 0.153742
1.0 0.549574 0.221986 0.076948 0.178694
1.0 0.588342 0.259033 0.056183 0.141556
1.0 0.453818 0.255054 0.027798 0.062668
1.0 0.428791 0.241129 0.033820 0.070158
1.0 0.385514 0.229972 0.033141 0.062496
1.0 0.355302 0.214289 0.037408 0.067598
1.0 0.410891 0.237609 0.028224 0.064488
1.0 0.474178 0.252268 0.038786 0.087023
1.0 0.499219 0.283902 0.027084 0.034927
1.0 0.345353 0.212948 0.018830 0.057132
1.0 0.475290 0.282632 0.019485 0.026353
1.0 0.629583 0.321227 0.018763 0.029074
1.0 0.441980 0.252748 0.019806 0.055154
0.0 0.546885 0.135769 0.037568 0.052925
0.0 0.606872 0.217469 0.028972 0.032356
0.0 0.407802 0.209044 0.011528 0.014145
0.0 0.342074 0.185524 0.009392 0.013231
1.0 0.827979 0.219924 0.065523 0.153742
1.0 0.778551 0.221986 0.076948 0.178694
1.0 0.739783 0.259033 0.056183 0.141556
1.0 0.874307 0.255054 0.027798 0.062668
1.0 0.899334 0.241129 0.033820 0.070158
1.0 0.942611 0.229972 0.033141 0.062496
1.0 0.972823 0.214289 0.037408 0.067598
1.0 0.917234 0.237609 0.028224 0.064488
1.0 0.853947 0.252268 0.038786 0.087023
1.0 0.828906 0.283902 0.027084 0.034927
1.0 0.982772 0.212948 0.018830 0.057132
1.0 0.852835 0.282632 0.019485 0.026353
1.0 0.698542 0.321227 0.018763 0.029074
1.0 0.886145 0.252748 0.019806 0.055154
0.0 0.781240 0.135769 0.037568 0.052925
0.0 0.721253 0.217469 0.028972 0.032356
0.0 0.920323 0.209044 0.011528 0.014145
0.0 0.986051 0.185524 0.009392 0.013231
1.0 0.996424 0.214289 0.007152 0.067598
1.0 0.996094 0.212948 0.007812 0.057132
0.0 0.996814 0.185524 0.006372 0.013231
1.0 0.171729 0.451604 0.065523 0.153742
1.0 0.122301 0.449541 0.076948 0.178694
1.0 0.083533 0.412495 0.056183 0.141556
1.0 0.218057 0.416474 0.027798 0.062668
1.0 0.243084 0.430399 0.033820 0.070158
1.0 0.286361 0.441555 0.033141 0.062496
1.0 0.316573 0.457239 0.037408 0.067598
1.0 0.260984 0.433918 0.028224 0.064488
1.0 0.197697 0.419260 0.038786 0.087023
1.0 0.172656 0.387626 0.027084 0.034927
1.0 0.326522 0.458579 0.018830 0.057132
1.0 0.196585 0.388896 0.019485 0.026353
1.0 0.042292 0.350301 0.018763 0.029074
1.0 0.229895 0.418780 0.019806 0.055154
0.0 0.124990 0.535759 0.037568 0.052925
0.0 0.065003 0.454059 0.028972 0.032356
0.0 0.264073 0.462484 0.011528 0.014145
0.0 0.329801 0.486003 0.009392 0.013231
1.0 0.500146 0.451604 0.065523 0.153742
1.0 0.549574 0.449541 0.076948 0.178694
1.0 0.588342 0.412495 0.056183 0.141556
1.0 0.453818 0.416474 0.027798 0.062668
1.0 0.428791 0.430399 0.033820 0.070158
1.0 0.385514 0.441555 0.033141 0.062496
1.0 0.355302 0.457239 0.037408 0.067598
1.0 0.410891 0.433918 0.028224 0.064488
1.0 0.474178 0.419260 0.038786 0.087023
1.0 0.499219 0.387626 0.027084 0.034927
1.0 0.345353 0.458579 0.018830 0.057132
1.0 0.475290 0.388896 0.019485 0.026353
1.0 0.629583 0.350301 0.018763 0.029074
1.0 0.441980 0.418780 0.019806 0.055154
0.0 0.546885 0.535759 0.037568 0.052925
0.0 0.606872 0.454059 0.028972 0.032356
0.0 0.407802 0.462484 0.011528 0.014145
0.0 0.342074 0.486003 0.009392 0.013231
1.0 0.827979 0.451604 0.065523 0.153742
1.0 0.778551 0.449541 0.076948 0.178694
1.0 0.739783 0.412495 0.056183 0.141556
1.0 0.874307 0.416474 0.027798 0.062668
1.0 0.899334 0.430399 0.033820 0.070158
1.0 0.942611 0.441555 0.033141 0.062496
1.0 0.972823 0.457239 0.037408 0.067598
1.0 0.917234 0.433918 0.028224 0.064488
1.0 0.853947 0.419260 0.038786 0.087023
1.0 0.828906 0.387626 0.027084 0.034927
1.0 0.982772 0.458579 0.018830 0.057132
1.0 0.852835 0.388896 0.019485 0.026353
1.0 0.698542 0.350301 0.018763 0.029074
1.0 0.886145 0.418780 0.019806 0.055154
0.0 0.781240 0.535759 0.037568 0.052925
0.0 0.721253 0.454059 0.028972 0.032356
0.0 0.920323 0.462484 0.011528 0.014145
0.0 0.986051 0.486003 0.009392 0.013231
1.0 0.996424 0.457239 0.007152 0.067598
1.0 0.996094 0.458579 0.007812 0.057132
0.0 0.996814 0.486003 0.006372 0.013231
1.0 0.171729 0.876174 0.065523 0.153742
1.0 0.122301 0.878236 0.076948 0.178694
1.0 0.083533 0.915283 0.056183 0.141556
1.0 0.218057 0.911304 0.027798 0.062668
1.0 0.243084 0.897379 0.033820 0.070158
1.0 0.286361 0.886222 0.033141 0.062496
1.0 0.316573 0.870539 0.037408 0.067598
1.0 0.260984 0.893859 0.028224 0.064488
1.0 0.197697 0.908518 0.038786 0.087023
1.0 0.172656 0.940152 0.027084 0.034927
1.0 0.326522 0.869198 0.018830 0.057132
1.0 0.196585 0.938882 0.019485 0.026353
1.0 0.042292 0.977477 0.018763 0.029074
1.0 0.229895 0.908998 0.019806 0.055154
0.0 0.124990 0.792019 0.037568 0.052925
0.0 0.065003 0.873719 0.028972 0.032356
0.0 0.264073 0.865294 0.011528 0.014145
0.0 0.329801 0.841774 0.009392 0.013231
1.0 0.500146 0.876174 0.065523 0.153742
1.0 0.549574 0.878236 0.076948 0.178694
1.0 0.588342 0.915283 0.056183 0.141556
1.0 0.453818 0.911304 0.027798 0.062668
1.0 0.428791 0.897379 0.033820 0.070158
1.0 0.385514 0.886222 0.033141 0.062496
1.0 0.355302 0.870539 0.037408 0.067598
1.0 0.410891 0.893859 0.028224 0.064488
1.0 0.474178 0.908518 0.038786 0.087023
1.0 0.499219 0.940152 0.027084 0.034927
1.0 0.345353 0.869198 0.018830 0.057132
1.0 0.475290 0.938882 0.019485 0.026353
1.0 0.629583 0.977477 0.018763 0.029074
1.0 0.441980 0.908998 0.019806 0.055154
0.0 0.546885 0.792019 0.037568 0.052925
0.0 0.606872 0.873719 0.028972 0.032356
0.0 0.407802 0.865294 0.011528 0.014145
0.0 0.342074 0.841774 0.009392 0.013231
1.0 0.827979 0.876174 0.065523 0.153742
1.0 0.778551 0.878236 0.076948 0.178694
1.0 0.739783 0.915283 0.056183 0.141556
1.0 0.874307 0.911304 0.027798 0.062668
1.0 0.899334 0.897379 0.033820 0.070158
1.0 0.942611 0.886222 0.033141 0.062496
1.0 0.972823 0.870539 0.037408 0.067598
1.0 0.917234 0.893859 0.028224 0.064488
1.0 0.853947 0.908518 0.038786 0.087023
1.0 0.828906 0.940152 0.027084 0.034927
1.0 0.982772 0.869198 0.018830 0.057132
1.0 0.852835 0.938882 0.019485 0.026353
1.0 0.698542 0.977477 0.018763 0.029074
1.0 0.886145 0.908998 0.019806 0.055154
0.0 0.781240 0.792019 0.037568 0.052925
0.0 0.721253 0.873719 0.028972 0.032356
0.0 0.920323 0.865294 0.011528 0.014145
0.0 0.986051 0.841774 0.009392 0.013231
1.0 0.996424 0.870539 0.007152 0.067598
1.0 0.996094 0.869198 0.007812 0.057132
0.0 0.996814 0.841774 0.006372 0.013231
1.0 0.042292 0.996007 0.018763 0.007986
1.0 0.629583 0.996007 0.018763 0.007986
1.0 0.698542 0.996007 0.018763 0.007986
