1.0 0.005859 0.025521 0.011719 0.048958
1.0 0.017969 0.025521 0.012500 0.048958
1.0 0.116602 0.050694 0.134766 0.101389
0.0 0.178223 0.072917 0.023633 0.047917
1.0 0.045898 0.037674 0.042969 0.075347
0.0 0.069424 0.098549 0.061789 0.079861
1.0 0.396094 0.025521 0.012500 0.048958
1.0 0.297461 0.050694 0.134766 0.101389
0.0 0.235840 0.072917 0.023633 0.047917
1.0 0.368164 0.037674 0.042969 0.075347
0.0 0.344639 0.098549 0.061789 0.079861
1.0 0.408594 0.025521 0.012500 0.048958
1.0 0.507227 0.050694 0.134766 0.101389
0.0 0.568848 0.072917 0.023633 0.047917
1.0 0.436523 0.037674 0.042969 0.075347
0.0 0.460049 0.098549 0.061789 0.079861
1.0 0.786719 0.025521 0.012500 0.048958
1.0 0.688086 0.050694 0.134766 0.101389
0.0 0.626465 0.072917 0.023633 0.047917
1.0 0.758789 0.037674 0.042969 0.075347
0.0 0.735264 0.098549 0.061789 0.079861
1.0 0.799219 0.025521 0.012500 0.048958
1.0 0.897852 0.050694 0.134766 0.101389
0.0 0.959473 0.072917 0.023633 0.047917
1.0 0.827148 0.037674 0.042969 0.075347
0.0 0.850674 0.098549 0.061789 0.079861
1.0 0.005859 0.281424 0.011719 0.048958
1.0 0.017969 0.281424 0.012500 0.048958
1.0 0.116602 0.294618 0.134766 0.178125
0.0 0.178223 0.234028 0.023633 0.047917
1.0 0.045898 0.307986 0.042969 0.152778
0.0 0.069424 0.208396 0.061789 0.079861
1.0 0.396094 0.281424 0.012500 0.048958
1.0 0.297461 0.294618 0.134766 0.178125
0.0 0.235840 0.234028 0.023633 0.047917
1.0 0.368164 0.307986 0.042969 0.152778
0.0 0.344639 0.208396 0.061789 0.079861
1.0 0.408594 0.281424 0.012500 0.048958
1.0 0.507227 0.294618 0.134766 0.178125
0.0 0.568848 0.234028 0.023633 0.047917
1.0 0.436523 0.307986 0.042969 0.152778
0.0 0.460049 0.208396 0.061789 0.079861
1.0 0.786719 0.281424 0.012500 0.048958
1.0 0.688086 0.294618 0.134766 0.178125
0.0 0.626465 0.234028 0.023633 0.047917
1.0 0.758789 0.307986 0.042969 0.152778
0.0 0.735264 0.208396 0.061789 0.079861
1.0 0.799219 0.281424 0.012500 0.048958
1.0 0.897852 0.294618 0.134766 0.178125
0.0 0.959473 0.234028 0.023633 0.047917
1.0 0.827148 0.307986 0.042969 0.152778
0.0 0.850674 0.208396 0.061789 0.079861
1.0 0.005859 0.487326 0.011719 0.048958
1.0 0.017969 0.487326 0.012500 0.048958
1.0 0.116602 0.474132 0.134766 0.178125
0.0 0.178223 0.534722 0.023633 0.047917
1.0 0.045898 0.460764 0.042969 0.152778
0.0 0.069424 0.560354 0.061789 0.079861
1.0 0.396094 0.487326 0.012500 0.048958
1.0 0.297461 0.474132 0.134766 0.178125
0.0 0.235840 0.534722 0.023633 0.047917
1.0 0.368164 0.460764 0.042969 0.152778
0.0 0.344639 0.560354 0.061789 0.079861
1.0 0.408594 0.487326 0.012500 0.048958
1.0 0.507227 0.474132 0.134766 0.178125
0.0 0.568848 0.534722 0.023633 0.047917
1.0 0.436523 0.460764 0.042969 0.152778
0.0 0.460049 0.560354 0.061789 0.079861
1.0 0.786719 0.487326 0.012500 0.048958
1.0 0.688086 0.474132 0.134766 0.178125
0.0 0.626465 0.534722 0.023633 0.047917
1.0 0.758789 0.460764 0.042969 0.152778
0.0 0.735264 0.560354 0.061789 0.079861
1.0 0.799219 0.487326 0.012500 0.048958
1.0 0.897852 0.474132 0.134766 0.178125
0.0 0.959473 0.534722 0.023633 0.047917
1.0 0.827148 0.460764 0.042969 0.152778
0.0 0.850674 0.560354 0.061789 0.079861
1.0 0.005859 0.743229 0.011719 0.048958
1.0 0.017969 0.743229 0.012500 0.048958
1.0 0.116602 0.756424 0.134766 0.178125
0.0 0.178223 0.695833 0.023633 0.047917
1.0 0.045898 0.769792 0.042969 0.152778
0.0 0.069424 0.670201 0.061789 0.079861
1.0 0.396094 0.743229 0.012500 0.048958
1.0 0.297461 0.756424 0.134766 0.178125
0.0 0.235840 0.695833 0.023633 0.047917
1.0 0.368164 0.769792 0.042969 0.152778
0.0 0.344639 0.670201 0.061789 0.079861
1.0 0.408594 0.743229 0.012500 0.048958
1.0 0.507227 0.756424 0.134766 0.178125
0.0 0.568848 0.695833 0.023633 0.047917
1.0 0.436523 0.769792 0.042969 0.152778
0.0 0.460049 0.670201 0.061789 0.079861
1.0 0.786719 0.743229 0.012500 0.048958
1.0 0.688086 0.756424 0.134766 0.178125
0.0 0.626465 0.695833 0.023633 0.047917
1.0 0.758789 0.769792 0.042969 0.152778
0.0 0.735264 0.670201 0.061789 0.079861
1.0 0.799219 0.743229 0.012500 0.048958
1.0 0.897852 0.756424 0.134766 0.178125
0.0 0.959473 0.695833 0.023633 0.047917
1.0 0.827148 0.769792 0.042969 0.152778
0.0 0.850674 0.670201 0.061789 0.079861
1.0 0.005859 0.949132 0.011719 0.048958
1.0 0.017969 0.949132 0.012500 0.048958
1.0 0.116602 0.923438 0.134766 0.153125
0.0 0.178223 0.986285 0.023633 0.027431
1.0 0.045898 0.922569 0.042969 0.152778
0.0 0.069424 0.991115 0.061789 0.017771
1.0 0.396094 0.949132 0.012500 0.048958
1.0 0.297461 0.923438 0.134766 0.153125
0.0 0.235840 0.986285 0.023633 0.027431
1.0 0.368164 0.922569 0.042969 0.152778
0.0 0.344639 0.991115 0.061789 0.017771
1.0 0.408594 0.949132 0.012500 0.048958
1.0 0.507227 0.923438 0.134766 0.153125
0.0 0.568848 0.986285 0.023633 0.027431
1.0 0.436523 0.922569 0.042969 0.152778
0.0 0.460049 0.991115 0.061789 0.017771
1.0 0.786719 0.949132 0.012500 0.048958
1.0 0.688086 0.923438 0.134766 0.153125
0.0 0.626465 0.986285 0.023633 0.027431
1.0 0.758789 0.922569 0.042969 0.152778
0.0 0.735264 0.991115 0.061789 0.017771
1.0 0.799219 0.949132 0.012500 0.048958
1.0 0.897852 0.923438 0.134766 0.153125
0.0 0.959473 0.986285 0.023633 0.027431
1.0 0.827148 0.922569 0.042969 0.152778
0.0 0.850674 0.991115 0.061789 0.017771
