1.0 0.009009 0.114963 0.018018 0.222865
0.0 0.012927 0.177740 0.025854 0.062510
0.0 0.030220 0.235750 0.040545 0.068095
1.0 0.235075 0.114963 0.115561 0.222865
0.0 0.186769 0.177740 0.034623 0.062510
0.0 0.272991 0.200635 0.036107 0.061053
1.0 0.322318 0.153547 0.014357 0.022756
0.0 0.165093 0.235750 0.040545 0.068095
1.0 0.496696 0.114963 0.115561 0.222865
0.0 0.545002 0.177740 0.034623 0.062510
0.0 0.458779 0.200635 0.036107 0.061053
1.0 0.409453 0.153547 0.014357 0.022756
0.0 0.566678 0.235750 0.040545 0.068095
1.0 0.771533 0.114963 0.115561 0.222865
0.0 0.723228 0.177740 0.034623 0.062510
0.0 0.809450 0.200635 0.036107 0.061053
1.0 0.858776 0.153547 0.014357 0.022756
0.0 0.701551 0.235750 0.040545 0.068095
1.0 0.987687 0.114963 0.024626 0.222865
0.0 0.988592 0.200635 0.022816 0.061053
1.0 0.945911 0.153547 0.014357 0.022756
1.0 0.009009 0.526704 0.018018 0.222865
0.0 0.012927 0.463926 0.025854 0.062510
0.0 0.030220 0.405917 0.040545 0.068095
1.0 0.235075 0.526704 0.115561 0.222865
0.0 0.186769 0.463926 0.034623 0.062510
0.0 0.272991 0.441032 0.036107 0.061053
1.0 0.322318 0.488119 0.014357 0.022756
0.0 0.165093 0.405917 0.040545 0.068095
1.0 0.496696 0.526704 0.115561 0.222865
0.0 0.545002 0.463926 0.034623 0.062510
0.0 0.458779 0.441032 0.036107 0.061053
1.0 0.409453 0.488119 0.014357 0.022756
0.0 0.566678 0.405917 0.040545 0.068095
1.0 0.771533 0.526704 0.115561 0.222865
0.0 0.723228 0.463926 0.034623 0.062510
0.0 0.809450 0.441032 0.036107 0.061053
1.0 0.858776 0.488119 0.014357 0.022756
0.0 0.701551 0.405917 0.040545 0.068095
1.0 0.987687 0.526704 0.024626 0.222865
0.0 0.988592 0.441032 0.022816 0.061053
1.0 0.945911 0.488119 0.014357 0.022756
1.0 0.009009 0.830703 0.018018 0.222865
0.0 0.012927 0.893481 0.025854 0.062510
0.0 0.030220 0.951491 0.040545 0.068095
1.0 0.235075 0.830703 0.115561 0.222865
0.0 0.186769 0.893481 0.034623 0.062510
0.0 0.272991 0.916376 0.036107 0.061053
1.0 0.322318 0.869288 0.014357 0.022756
0.0 0.165093 0.951491 0.040545 0.068095
1.0 0.496696 0.830703 0.115561 0.222865
0.0 0.545002 0.893481 0.034623 0.062510
0.0 0.458779 0.916376 0.036107 0.061053
1.0 0.409453 0.869288 0.014357 0.022756
0.0 0.566678 0.951491 0.040545 0.068095
1.0 0.771533 0.830703 0.115561 0.222865
0.0 0.723228 0.893481 0.034623 0.062510
0.0 0.809450 0.916376 0.036107 0.061053
1.0 0.858776 0.869288 0.014357 0.022756
0.0 0.701551 0.951491 0.040545 0.068095
1.0 0.987687 0.830703 0.024626 0.222865
0.0 0.988592 0.916376 0.022816 0.061053
1.0 0.945911 0.869288 0.014357 0.022756
