1.0 0.153176 0.081356 0.306352 0.162713
1.0 0.488173 0.081356 0.307801 0.162713
1.0 0.858651 0.081356 0.282699 0.162713
0.0 0.234389 0.754201 0.171847 0.130487
0.0 0.050924 0.667570 0.101847 0.226705
1.0 0.153176 0.508921 0.306352 0.621046
0.0 0.059135 0.674336 0.061796 0.117354
0.0 0.166689 0.719585 0.236441 0.199718
0.0 0.406236 0.754201 0.171847 0.130487
0.0 0.597835 0.667570 0.118114 0.226705
1.0 0.488173 0.508921 0.307801 0.621046
0.0 0.581490 0.674336 0.061796 0.117354
0.0 0.473936 0.719585 0.236441 0.199718
0.0 0.933608 0.754201 0.132785 0.130487
0.0 0.761540 0.667570 0.118114 0.226705
1.0 0.858651 0.508921 0.282699 0.621046
0.0 0.777885 0.674336 0.061796 0.117354
0.0 0.883609 0.719585 0.232781 0.199718
0.0 0.234389 0.884688 0.171847 0.130487
0.0 0.050924 0.928983 0.101847 0.142034
1.0 0.153176 0.909722 0.306352 0.180556
0.0 0.059135 0.952938 0.061796 0.094124
0.0 0.166689 0.909722 0.236441 0.180556
0.0 0.406236 0.884688 0.171847 0.130487
0.0 0.597835 0.928983 0.118114 0.142034
1.0 0.488173 0.909722 0.307801 0.180556
0.0 0.581490 0.952938 0.061796 0.094124
0.0 0.473936 0.909722 0.236441 0.180556
0.0 0.933608 0.884688 0.132785 0.130487
0.0 0.761540 0.928983 0.118114 0.142034
1.0 0.858651 0.909722 0.282699 0.180556
0.0 0.777885 0.952938 0.061796 0.094124
0.0 0.883609 0.909722 0.232781 0.180556
