1.0 0.024937 0.093995 0.049873 0.187990
1.0 0.062269 0.079694 0.070775 0.159388
1.0 0.353718 0.094308 0.020764 0.042641
1.0 0.282194 0.071821 0.005235 0.011060
1.0 0.297974 0.077540 0.006273 0.011808
1.0 0.315620 0.084119 0.005478 0.011530
1.0 0.277104 0.068381 0.004551 0.010052
0.0 0.250792 0.142093 0.106731 0.173832
1.0 0.197881 0.093995 0.104884 0.187990
1.0 0.133044 0.079694 0.070775 0.159388
1.0 0.378053 0.094308 0.020764 0.042641
1.0 0.449576 0.071821 0.005235 0.011060
1.0 0.433797 0.077540 0.006273 0.011808
1.0 0.416150 0.084119 0.005478 0.011530
1.0 0.454667 0.068381 0.004551 0.010052
0.0 0.480979 0.142093 0.106731 0.173832
1.0 0.533890 0.093995 0.104884 0.187990
1.0 0.598727 0.079694 0.070775 0.159388
1.0 0.890176 0.094308 0.020764 0.042641
1.0 0.818653 0.071821 0.005235 0.011060
1.0 0.834433 0.077540 0.006273 0.011808
1.0 0.852079 0.084119 0.005478 0.011530
1.0 0.813562 0.068381 0.004551 0.010052
0.0 0.787250 0.142093 0.106731 0.173832
1.0 0.734340 0.093995 0.104884 0.187990
1.0 0.669502 0.079694 0.070775 0.159388
1.0 0.914511 0.094308 0.020764 0.042641
1.0 0.986035 0.071821 0.005235 0.011060
1.0 0.970255 0.077540 0.006273 0.011808
1.0 0.952609 0.084119 0.005478 0.011530
1.0 0.991125 0.068381 0.004551 0.010052
0.0 0.982036 0.142093 0.035928 0.173832
1.0 0.024937 0.566190 0.049873 0.225027
1.0 0.062269 0.580491 0.070775 0.196426
1.0 0.353718 0.547359 0.020764 0.042641
1.0 0.282194 0.569845 0.005235 0.011060
1.0 0.297974 0.564126 0.006273 0.011808
1.0 0.315620 0.557548 0.005478 0.011530
1.0 0.277104 0.573285 0.004551 0.010052
0.0 0.250792 0.499573 0.106731 0.173832
1.0 0.197881 0.566190 0.104884 0.225027
1.0 0.133044 0.580491 0.070775 0.196426
1.0 0.378053 0.547359 0.020764 0.042641
1.0 0.449576 0.569845 0.005235 0.011060
1.0 0.433797 0.564126 0.006273 0.011808
1.0 0.416150 0.557548 0.005478 0.011530
1.0 0.454667 0.573285 0.004551 0.010052
0.0 0.480979 0.499573 0.106731 0.173832
1.0 0.533890 0.566190 0.104884 0.225027
1.0 0.598727 0.580491 0.070775 0.196426
1.0 0.890176 0.547359 0.020764 0.042641
1.0 0.818653 0.569845 0.005235 0.011060
1.0 0.834433 0.564126 0.006273 0.011808
1.0 0.852079 0.557548 0.005478 0.011530
1.0 0.813562 0.573285 0.004551 0.010052
0.0 0.787250 0.499573 0.106731 0.173832
1.0 0.734340 0.566190 0.104884 0.225027
1.0 0.669502 0.580491 0.070775 0.196426
1.0 0.914511 0.547359 0.020764 0.042641
1.0 0.986035 0.569845 0.005235 0.011060
1.0 0.970255 0.564126 0.006273 0.011808
1.0 0.952609 0.557548 0.005478 0.011530
1.0 0.991125 0.573285 0.004551 0.010052
0.0 0.982036 0.499573 0.035928 0.173832
1.0 0.024937 0.791217 0.049873 0.225027
1.0 0.062269 0.776916 0.070775 0.196426
1.0 0.353718 0.810049 0.020764 0.042641
1.0 0.282194 0.787562 0.005235 0.011060
1.0 0.297974 0.793281 0.006273 0.011808
1.0 0.315620 0.799860 0.005478 0.011530
1.0 0.277104 0.784122 0.004551 0.010052
0.0 0.250792 0.857834 0.106731 0.173832
1.0 0.197881 0.791217 0.104884 0.225027
1.0 0.133044 0.776916 0.070775 0.196426
1.0 0.378053 0.810049 0.020764 0.042641
1.0 0.449576 0.787562 0.005235 0.011060
1.0 0.433797 0.793281 0.006273 0.011808
1.0 0.416150 0.799860 0.005478 0.011530
1.0 0.454667 0.784122 0.004551 0.010052
0.0 0.480979 0.857834 0.106731 0.173832
1.0 0.533890 0.791217 0.104884 0.225027
1.0 0.598727 0.776916 0.070775 0.196426
1.0 0.890176 0.810049 0.020764 0.042641
1.0 0.818653 0.787562 0.005235 0.011060
1.0 0.834433 0.793281 0.006273 0.011808
1.0 0.852079 0.799860 0.005478 0.011530
1.0 0.813562 0.784122 0.004551 0.010052
0.0 0.787250 0.857834 0.106731 0.173832
1.0 0.734340 0.791217 0.104884 0.225027
1.0 0.669502 0.776916 0.070775 0.196426
1.0 0.914511 0.810049 0.020764 0.042641
1.0 0.986035 0.787562 0.005235 0.011060
1.0 0.970255 0.793281 0.006273 0.011808
1.0 0.952609 0.799860 0.005478 0.011530
1.0 0.991125 0.784122 0.004551 0.010052
0.0 0.982036 0.857834 0.035928 0.173832
