1.0 0.005208 0.114803 0.010417 0.105660
1.0 0.005208 0.076827 0.010417 0.078731
1.0 0.002163 0.222602 0.004326 0.064326
1.0 0.002959 0.203386 0.005918 0.065992
0.0 0.007431 0.059512 0.005972 0.026282
1.0 0.049255 0.257669 0.058419 0.029106
1.0 0.040120 0.114803 0.059406 0.105660
1.0 0.036015 0.004937 0.051196 0.009874
1.0 0.038528 0.076827 0.056223 0.078731
1.0 0.045717 0.222602 0.058419 0.064326
1.0 0.069472 0.108415 0.013251 0.033968
1.0 0.044555 0.203386 0.059279 0.065992
0.0 0.013403 0.059512 0.005972 0.026282
1.0 0.363245 0.257669 0.058419 0.029106
1.0 0.372380 0.114803 0.059406 0.105660
1.0 0.376485 0.004937 0.051196 0.009874
1.0 0.373972 0.076827 0.056223 0.078731
1.0 0.366783 0.222602 0.058419 0.064326
1.0 0.343028 0.108415 0.013251 0.033968
1.0 0.367945 0.203386 0.059279 0.065992
0.0 0.399097 0.059512 0.005972 0.026282
1.0 0.440922 0.257669 0.058419 0.029106
1.0 0.431787 0.114803 0.059406 0.105660
1.0 0.427681 0.004937 0.051196 0.009874
1.0 0.430195 0.076827 0.056223 0.078731
1.0 0.437384 0.222602 0.058419 0.064326
1.0 0.461138 0.108415 0.013251 0.033968
1.0 0.436222 0.203386 0.059279 0.065992
0.0 0.405069 0.059512 0.005972 0.026282
1.0 0.754912 0.257669 0.058419 0.029106
1.0 0.764047 0.114803 0.059406 0.105660
1.0 0.768152 0.004937 0.051196 0.009874
1.0 0.765639 0.076827 0.056223 0.078731
1.0 0.758449 0.222602 0.058419 0.064326
1.0 0.734695 0.108415 0.013251 0.033968
1.0 0.759612 0.203386 0.059279 0.065992
0.0 0.790764 0.059512 0.005972 0.026282
1.0 0.832588 0.257669 0.058419 0.029106
1.0 0.823453 0.114803 0.059406 0.105660
1.0 0.819348 0.004937 0.051196 0.009874
1.0 0.821861 0.076827 0.056223 0.078731
1.0 0.829051 0.222602 0.058419 0.064326
1.0 0.852805 0.108415 0.013251 0.033968
1.0 0.827888 0.203386 0.059279 0.065992
0.0 0.796736 0.059512 0.005972 0.026282
1.0 0.005208 0.429642 0.010417 0.105660
1.0 0.005208 0.581193 0.010417 0.093245
1.0 0.005208 0.467617 0.010417 0.078731
1.0 0.005208 0.617610 0.010417 0.064811
1.0 0.002163 0.321842 0.004326 0.064326
1.0 0.002959 0.341059 0.005918 0.065992
0.0 0.007431 0.484932 0.005972 0.026282
1.0 0.005208 0.705362 0.010417 0.043906
1.0 0.049255 0.286775 0.058419 0.029106
1.0 0.040120 0.429642 0.059406 0.105660
1.0 0.036015 0.581193 0.051196 0.093245
1.0 0.038528 0.467617 0.056223 0.078731
1.0 0.034334 0.617610 0.047835 0.064811
1.0 0.045717 0.321842 0.058419 0.064326
1.0 0.069472 0.436030 0.013251 0.033968
1.0 0.034583 0.655692 0.018360 0.024667
1.0 0.044555 0.341059 0.059279 0.065992
0.0 0.013403 0.484932 0.005972 0.026282
1.0 0.031036 0.705362 0.041240 0.043906
1.0 0.032966 0.679773 0.018360 0.024667
1.0 0.363245 0.286775 0.058419 0.029106
1.0 0.372380 0.429642 0.059406 0.105660
1.0 0.376485 0.581193 0.051196 0.093245
1.0 0.373972 0.467617 0.056223 0.078731
1.0 0.378166 0.617610 0.047835 0.064811
1.0 0.366783 0.321842 0.058419 0.064326
1.0 0.343028 0.436030 0.013251 0.033968
1.0 0.377917 0.655692 0.018360 0.024667
1.0 0.367945 0.341059 0.059279 0.065992
0.0 0.399097 0.484932 0.005972 0.026282
1.0 0.381464 0.705362 0.041240 0.043906
1.0 0.379534 0.679773 0.018360 0.024667
1.0 0.440922 0.286775 0.058419 0.029106
1.0 0.431787 0.429642 0.059406 0.105660
1.0 0.427681 0.581193 0.051196 0.093245
1.0 0.430195 0.467617 0.056223 0.078731
1.0 0.426001 0.617610 0.047835 0.064811
1.0 0.437384 0.321842 0.058419 0.064326
1.0 0.461138 0.436030 0.013251 0.033968
1.0 0.426250 0.655692 0.018360 0.024667
1.0 0.436222 0.341059 0.059279 0.065992
0.0 0.405069 0.484932 0.005972 0.026282
1.0 0.422703 0.705362 0.041240 0.043906
1.0 0.424632 0.679773 0.018360 0.024667
1.0 0.754912 0.286775 0.058419 0.029106
1.0 0.764047 0.429642 0.059406 0.105660
1.0 0.768152 0.581193 0.051196 0.093245
1.0 0.765639 0.467617 0.056223 0.078731
1.0 0.769833 0.617610 0.047835 0.064811
1.0 0.758449 0.321842 0.058419 0.064326
1.0 0.734695 0.436030 0.013251 0.033968
1.0 0.769584 0.655692 0.018360 0.024667
1.0 0.759612 0.341059 0.059279 0.065992
0.0 0.790764 0.484932 0.005972 0.026282
1.0 0.773130 0.705362 0.041240 0.043906
1.0 0.771201 0.679773 0.018360 0.024667
1.0 0.832588 0.286775 0.058419 0.029106
1.0 0.823453 0.429642 0.059406 0.105660
1.0 0.819348 0.581193 0.051196 0.093245
1.0 0.821861 0.467617 0.056223 0.078731
1.0 0.817667 0.617610 0.047835 0.064811
1.0 0.829051 0.321842 0.058419 0.064326
1.0 0.852805 0.436030 0.013251 0.033968
1.0 0.817916 0.655692 0.018360 0.024667
1.0 0.827888 0.341059 0.059279 0.065992
0.0 0.796736 0.484932 0.005972 0.026282
1.0 0.814370 0.705362 0.041240 0.043906
1.0 0.816299 0.679773 0.018360 0.024667
1.0 0.005208 0.873436 0.010417 0.093245
1.0 0.005208 0.973824 0.010417 0.052353
1.0 0.005208 0.837020 0.010417 0.064811
0.0 0.007431 0.969698 0.005972 0.026282
1.0 0.005208 0.749268 0.010417 0.043906
1.0 0.040120 0.986079 0.059406 0.027842
1.0 0.036015 0.873436 0.051196 0.093245
1.0 0.038528 0.973824 0.056223 0.052353
1.0 0.034334 0.837020 0.047835 0.064811
1.0 0.034583 0.798938 0.018360 0.024667
0.0 0.013403 0.969698 0.005972 0.026282
1.0 0.031036 0.749268 0.041240 0.043906
1.0 0.032966 0.774857 0.018360 0.024667
1.0 0.372380 0.986079 0.059406 0.027842
1.0 0.376485 0.873436 0.051196 0.093245
1.0 0.373972 0.973824 0.056223 0.052353
1.0 0.378166 0.837020 0.047835 0.064811
1.0 0.377917 0.798938 0.018360 0.024667
0.0 0.399097 0.969698 0.005972 0.026282
1.0 0.381464 0.749268 0.041240 0.043906
1.0 0.379534 0.774857 0.018360 0.024667
1.0 0.431787 0.986079 0.059406 0.027842
1.0 0.427681 0.873436 0.051196 0.093245
1.0 0.430195 0.973824 0.056223 0.052353
1.0 0.426001 0.837020 0.047835 0.064811
1.0 0.426250 0.798938 0.018360 0.024667
0.0 0.405069 0.969698 0.005972 0.026282
1.0 0.422703 0.749268 0.041240 0.043906
1.0 0.424632 0.774857 0.018360 0.024667
1.0 0.764047 0.986079 0.059406 0.027842
1.0 0.768152 0.873436 0.051196 0.093245
1.0 0.765639 0.973824 0.056223 0.052353
1.0 0.769833 0.837020 0.047835 0.064811
1.0 0.769584 0.798938 0.018360 0.024667
0.0 0.790764 0.969698 0.005972 0.026282
1.0 0.773130 0.749268 0.041240 0.043906
1.0 0.771201 0.774857 0.018360 0.024667
1.0 0.823453 0.986079 0.059406 0.027842
1.0 0.819348 0.873436 0.051196 0.093245
1.0 0.821861 0.973824 0.056223 0.052353
1.0 0.817667 0.837020 0.047835 0.064811
1.0 0.817916 0.798938 0.018360 0.024667
0.0 0.796736 0.969698 0.005972 0.026282
1.0 0.814370 0.749268 0.041240 0.043906
1.0 0.816299 0.774857 0.018360 0.024667
