1.0 0.039535 0.050000 0.046212 0.100000
1.0 0.088535 0.050000 0.035430 0.100000
1.0 0.043584 0.028045 0.021533 0.056091
1.0 0.076752 0.013214 0.020358 0.026428
1.0 0.172965 0.050000 0.046212 0.100000
1.0 0.123965 0.050000 0.035430 0.100000
1.0 0.168916 0.028045 0.021533 0.056091
1.0 0.135748 0.013214 0.020358 0.026428
1.0 0.264535 0.050000 0.046212 0.100000
1.0 0.313535 0.050000 0.035430 0.100000
1.0 0.268584 0.028045 0.021533 0.056091
1.0 0.301752 0.013214 0.020358 0.026428
1.0 0.397965 0.050000 0.046212 0.100000
1.0 0.348965 0.050000 0.035430 0.100000
1.0 0.393916 0.028045 0.021533 0.056091
1.0 0.360748 0.013214 0.020358 0.026428
1.0 0.489535 0.050000 0.046212 0.100000
1.0 0.538535 0.050000 0.035430 0.100000
1.0 0.493584 0.028045 0.021533 0.056091
1.0 0.526752 0.013214 0.020358 0.026428
1.0 0.622965 0.050000 0.046212 0.100000
1.0 0.573965 0.050000 0.035430 0.100000
1.0 0.618916 0.028045 0.021533 0.056091
1.0 0.585748 0.013214 0.020358 0.026428
1.0 0.714535 0.050000 0.046212 0.100000
1.0 0.763535 0.050000 0.035430 0.100000
1.0 0.718584 0.028045 0.021533 0.056091
1.0 0.751752 0.013214 0.020358 0.026428
1.0 0.847965 0.050000 0.046212 0.100000
1.0 0.798965 0.050000 0.035430 0.100000
1.0 0.843916 0.028045 0.021533 0.056091
1.0 0.810748 0.013214 0.020358 0.026428
1.0 0.939535 0.050000 0.046212 0.100000
1.0 0.985410 0.050000 0.029180 0.100000
1.0 0.943584 0.028045 0.021533 0.056091
1.0 0.976752 0.013214 0.020358 0.026428
1.0 0.039535 0.152884 0.046212 0.105767
1.0 0.088535 0.174376 0.035430 0.148752
1.0 0.043584 0.192459 0.021533 0.097101
1.0 0.076752 0.218712 0.020358 0.090281
1.0 0.033514 0.270469 0.003180 0.015135
1.0 0.036464 0.273777 0.003035 0.013039
0.0 0.036988 0.266890 0.002879 0.008232
1.0 0.172965 0.152884 0.046212 0.105767
1.0 0.123965 0.174376 0.035430 0.148752
1.0 0.168916 0.192459 0.021533 0.097101
1.0 0.135748 0.218712 0.020358 0.090281
1.0 0.178986 0.270469 0.003180 0.015135
1.0 0.176036 0.273777 0.003035 0.013039
0.0 0.175512 0.266890 0.002879 0.008232
1.0 0.264535 0.152884 0.046212 0.105767
1.0 0.313535 0.174376 0.035430 0.148752
1.0 0.268584 0.192459 0.021533 0.097101
1.0 0.301752 0.218712 0.020358 0.090281
1.0 0.258514 0.270469 0.003180 0.015135
1.0 0.261464 0.273777 0.003035 0.013039
0.0 0.261988 0.266890 0.002879 0.008232
1.0 0.397965 0.152884 0.046212 0.105767
1.0 0.348965 0.174376 0.035430 0.148752
1.0 0.393916 0.192459 0.021533 0.097101
1.0 0.360748 0.218712 0.020358 0.090281
1.0 0.403986 0.270469 0.003180 0.015135
1.0 0.401036 0.273777 0.003035 0.013039
0.0 0.400512 0.266890 0.002879 0.008232
1.0 0.489535 0.152884 0.046212 0.105767
1.0 0.538535 0.174376 0.035430 0.148752
1.0 0.493584 0.192459 0.021533 0.097101
1.0 0.526752 0.218712 0.020358 0.090281
1.0 0.483514 0.270469 0.003180 0.015135
1.0 0.486464 0.273777 0.003035 0.013039
0.0 0.486988 0.266890 0.002879 0.008232
1.0 0.622965 0.152884 0.046212 0.105767
1.0 0.573965 0.174376 0.035430 0.148752
1.0 0.618916 0.192459 0.021533 0.097101
1.0 0.585748 0.218712 0.020358 0.090281
1.0 0.628986 0.270469 0.003180 0.015135
1.0 0.626036 0.273777 0.003035 0.013039
0.0 0.625512 0.266890 0.002879 0.008232
1.0 0.714535 0.152884 0.046212 0.105767
1.0 0.763535 0.174376 0.035430 0.148752
1.0 0.718584 0.192459 0.021533 0.097101
1.0 0.751752 0.218712 0.020358 0.090281
1.0 0.708514 0.270469 0.003180 0.015135
1.0 0.711464 0.273777 0.003035 0.013039
0.0 0.711988 0.266890 0.002879 0.008232
1.0 0.847965 0.152884 0.046212 0.105767
1.0 0.798965 0.174376 0.035430 0.148752
1.0 0.843916 0.192459 0.021533 0.097101
1.0 0.810748 0.218712 0.020358 0.090281
1.0 0.853986 0.270469 0.003180 0.015135
1.0 0.851036 0.273777 0.003035 0.013039
0.0 0.850512 0.266890 0.002879 0.008232
1.0 0.939535 0.152884 0.046212 0.105767
1.0 0.985410 0.174376 0.029180 0.148752
1.0 0.943584 0.192459 0.021533 0.097101
1.0 0.976752 0.218712 0.020358 0.090281
1.0 0.933514 0.270469 0.003180 0.015135
1.0 0.936464 0.273777 0.003035 0.013039
0.0 0.936988 0.266890 0.002879 0.008232
1.0 0.039535 0.580450 0.046212 0.105767
1.0 0.088535 0.558957 0.035430 0.148752
1.0 0.043584 0.540874 0.021533 0.097101
1.0 0.076752 0.514621 0.020358 0.090281
1.0 0.033514 0.462865 0.003180 0.015135
1.0 0.036464 0.459557 0.003035 0.013039
0.0 0.036988 0.466443 0.002879 0.008232
1.0 0.172965 0.580450 0.046212 0.105767
1.0 0.123965 0.558957 0.035430 0.148752
1.0 0.168916 0.540874 0.021533 0.097101
1.0 0.135748 0.514621 0.020358 0.090281
1.0 0.178986 0.462865 0.003180 0.015135
1.0 0.176036 0.459557 0.003035 0.013039
0.0 0.175512 0.466443 0.002879 0.008232
1.0 0.264535 0.580450 0.046212 0.105767
1.0 0.313535 0.558957 0.035430 0.148752
1.0 0.268584 0.540874 0.021533 0.097101
1.0 0.301752 0.514621 0.020358 0.090281
1.0 0.258514 0.462865 0.003180 0.015135
1.0 0.261464 0.459557 0.003035 0.013039
0.0 0.261988 0.466443 0.002879 0.008232
1.0 0.397965 0.580450 0.046212 0.105767
1.0 0.348965 0.558957 0.035430 0.148752
1.0 0.393916 0.540874 0.021533 0.097101
1.0 0.360748 0.514621 0.020358 0.090281
1.0 0.403986 0.462865 0.003180 0.015135
1.0 0.401036 0.459557 0.003035 0.013039
0.0 0.400512 0.466443 0.002879 0.008232
1.0 0.489535 0.580450 0.046212 0.105767
1.0 0.538535 0.558957 0.035430 0.148752
1.0 0.493584 0.540874 0.021533 0.097101
1.0 0.526752 0.514621 0.020358 0.090281
1.0 0.483514 0.462865 0.003180 0.015135
1.0 0.486464 0.459557 0.003035 0.013039
0.0 0.486988 0.466443 0.002879 0.008232
1.0 0.622965 0.580450 0.046212 0.105767
1.0 0.573965 0.558957 0.035430 0.148752
1.0 0.618916 0.540874 0.021533 0.097101
1.0 0.585748 0.514621 0.020358 0.090281
1.0 0.628986 0.462865 0.003180 0.015135
1.0 0.626036 0.459557 0.003035 0.013039
0.0 0.625512 0.466443 0.002879 0.008232
1.0 0.714535 0.580450 0.046212 0.105767
1.0 0.763535 0.558957 0.035430 0.148752
1.0 0.718584 0.540874 0.021533 0.097101
1.0 0.751752 0.514621 0.020358 0.090281
1.0 0.708514 0.462865 0.003180 0.015135
1.0 0.711464 0.459557 0.003035 0.013039
0.0 0.711988 0.466443 0.002879 0.008232
1.0 0.847965 0.580450 0.046212 0.105767
1.0 0.798965 0.558957 0.035430 0.148752
1.0 0.843916 0.540874 0.021533 0.097101
1.0 0.810748 0.514621 0.020358 0.090281
1.0 0.853986 0.462865 0.003180 0.015135
1.0 0.851036 0.459557 0.003035 0.013039
0.0 0.850512 0.466443 0.002879 0.008232
1.0 0.939535 0.580450 0.046212 0.105767
1.0 0.985410 0.558957 0.029180 0.148752
1.0 0.943584 0.540874 0.021533 0.097101
1.0 0.976752 0.514621 0.020358 0.090281
1.0 0.933514 0.462865 0.003180 0.015135
1.0 0.936464 0.459557 0.003035 0.013039
0.0 0.936988 0.466443 0.002879 0.008232
1.0 0.039535 0.686217 0.046212 0.105767
1.0 0.088535 0.707710 0.035430 0.148752
1.0 0.043584 0.725793 0.021533 0.097101
1.0 0.076752 0.752045 0.020358 0.090281
1.0 0.033514 0.803802 0.003180 0.015135
1.0 0.036464 0.807110 0.003035 0.013039
0.0 0.036988 0.800224 0.002879 0.008232
1.0 0.172965 0.686217 0.046212 0.105767
1.0 0.123965 0.707710 0.035430 0.148752
1.0 0.168916 0.725793 0.021533 0.097101
1.0 0.135748 0.752045 0.020358 0.090281
1.0 0.178986 0.803802 0.003180 0.015135
1.0 0.176036 0.807110 0.003035 0.013039
0.0 0.175512 0.800224 0.002879 0.008232
1.0 0.264535 0.686217 0.046212 0.105767
1.0 0.313535 0.707710 0.035430 0.148752
1.0 0.268584 0.725793 0.021533 0.097101
1.0 0.301752 0.752045 0.020358 0.090281
1.0 0.258514 0.803802 0.003180 0.015135
1.0 0.261464 0.807110 0.003035 0.013039
0.0 0.261988 0.800224 0.002879 0.008232
1.0 0.397965 0.686217 0.046212 0.105767
1.0 0.348965 0.707710 0.035430 0.148752
1.0 0.393916 0.725793 0.021533 0.097101
1.0 0.360748 0.752045 0.020358 0.090281
1.0 0.403986 0.803802 0.003180 0.015135
1.0 0.401036 0.807110 0.003035 0.013039
0.0 0.400512 0.800224 0.002879 0.008232
1.0 0.489535 0.686217 0.046212 0.105767
1.0 0.538535 0.707710 0.035430 0.148752
1.0 0.493584 0.725793 0.021533 0.097101
1.0 0.526752 0.752045 0.020358 0.090281
1.0 0.483514 0.803802 0.003180 0.015135
1.0 0.486464 0.807110 0.003035 0.013039
0.0 0.486988 0.800224 0.002879 0.008232
1.0 0.622965 0.686217 0.046212 0.105767
1.0 0.573965 0.707710 0.035430 0.148752
1.0 0.618916 0.725793 0.021533 0.097101
1.0 0.585748 0.752045 0.020358 0.090281
1.0 0.628986 0.803802 0.003180 0.015135
1.0 0.626036 0.807110 0.003035 0.013039
0.0 0.625512 0.800224 0.002879 0.008232
1.0 0.714535 0.686217 0.046212 0.105767
1.0 0.763535 0.707710 0.035430 0.148752
1.0 0.718584 0.725793 0.021533 0.097101
1.0 0.751752 0.752045 0.020358 0.090281
1.0 0.708514 0.803802 0.003180 0.015135
1.0 0.711464 0.807110 0.003035 0.013039
0.0 0.711988 0.800224 0.002879 0.008232
1.0 0.847965 0.686217 0.046212 0.105767
1.0 0.798965 0.707710 0.035430 0.148752
1.0 0.843916 0.725793 0.021533 0.097101
1.0 0.810748 0.752045 0.020358 0.090281
1.0 0.853986 0.803802 0.003180 0.015135
1.0 0.851036 0.807110 0.003035 0.013039
0.0 0.850512 0.800224 0.002879 0.008232
1.0 0.939535 0.686217 0.046212 0.105767
1.0 0.985410 0.707710 0.029180 0.148752
1.0 0.943584 0.725793 0.021533 0.097101
1.0 0.976752 0.752045 0.020358 0.090281
1.0 0.933514 0.803802 0.003180 0.015135
1.0 0.936464 0.807110 0.003035 0.013039
0.0 0.936988 0.800224 0.002879 0.008232
1.0 0.033514 0.994315 0.003180 0.011370
1.0 0.036464 0.992890 0.003035 0.013039
0.0 0.036988 0.997830 0.002879 0.004339
1.0 0.178986 0.994315 0.003180 0.011370
1.0 0.176036 0.992890 0.003035 0.013039
0.0 0.175512 0.997830 0.002879 0.004339
1.0 0.258514 0.994315 0.003180 0.011370
1.0 0.261464 0.992890 0.003035 0.013039
0.0 0.261988 0.997830 0.002879 0.004339
1.0 0.403986 0.994315 0.003180 0.011370
1.0 0.401036 0.992890 0.003035 0.013039
0.0 0.400512 0.997830 0.002879 0.004339
1.0 0.483514 0.994315 0.003180 0.011370
1.0 0.486464 0.992890 0.003035 0.013039
0.0 0.486988 0.997830 0.002879 0.004339
1.0 0.628986 0.994315 0.003180 0.011370
1.0 0.626036 0.992890 0.003035 0.013039
0.0 0.625512 0.997830 0.002879 0.004339
1.0 0.708514 0.994315 0.003180 0.011370
1.0 0.711464 0.992890 0.003035 0.013039
0.0 0.711988 0.997830 0.002879 0.004339
1.0 0.853986 0.994315 0.003180 0.011370
1.0 0.851036 0.992890 0.003035 0.013039
0.0 0.850512 0.997830 0.002879 0.004339
1.0 0.933514 0.994315 0.003180 0.011370
1.0 0.936464 0.992890 0.003035 0.013039
0.0 0.936988 0.997830 0.002879 0.004339
