1.0 0.382187 0.498893 0.209668 0.249112
1.0 0.214466 0.470301 0.247405 0.263024
1.0 0.950771 0.587506 0.098458 0.200689
1.0 0.043485 0.373555 0.086969 0.091475
1.0 0.577833 0.483369 0.038691 0.024539
1.0 0.730877 0.520889 0.044028 0.029795
1.0 0.909842 0.550679 0.036025 0.049042
1.0 0.785481 0.530877 0.043838 0.027670
1.0 0.494926 0.465479 0.041741 0.031419
1.0 0.095544 0.375853 0.028590 0.020405
1.0 0.016991 0.385286 0.033982 0.039419
0.0 0.117743 0.550140 0.161309 0.060209
0.0 0.266391 0.593068 0.181750 0.066252
0.0 0.646127 0.888948 0.181064 0.065925
0.0 0.639259 0.965469 0.181064 0.065925
