0.0 0.015625 0.166667 0.031250 0.333333
0.0 0.125000 0.166667 0.187500 0.333333
0.0 0.312500 0.166667 0.187500 0.333333
0.0 0.500000 0.166667 0.187500 0.333333
0.0 0.687500 0.166667 0.187500 0.333333
0.0 0.875000 0.166667 0.187500 0.333333
0.0 0.984375 0.166667 0.031250 0.333333
0.0 0.015625 0.500000 0.031250 0.333333
0.0 0.125000 0.500000 0.187500 0.333333
0.0 0.312500 0.500000 0.187500 0.333333
0.0 0.500000 0.500000 0.187500 0.333333
0.0 0.687500 0.500000 0.187500 0.333333
0.0 0.875000 0.500000 0.187500 0.333333
0.0 0.984375 0.500000 0.031250 0.333333
0.0 0.015625 0.833333 0.031250 0.333333
0.0 0.125000 0.833333 0.187500 0.333333
0.0 0.312500 0.833333 0.187500 0.333333
0.0 0.500000 0.833333 0.187500 0.333333
0.0 0.687500 0.833333 0.187500 0.333333
0.0 0.875000 0.833333 0.187500 0.333333
0.0 0.984375 0.833333 0.031250 0.333333
