1.0 0.046743 0.113978 0.014470 0.038621
1.0 0.074979 0.108098 0.014835 0.037022
1.0 0.042908 0.103628 0.013329 0.034536
1.0 0.069005 0.092756 0.012237 0.023251
0.0 0.045407 0.130820 0.009363 0.007640
0.0 0.028207 0.135384 0.009545 0.007800
1.0 0.191538 0.113978 0.014470 0.038621
1.0 0.163302 0.108098 0.014835 0.037022
1.0 0.195373 0.103628 0.013329 0.034536
1.0 0.169277 0.092756 0.012237 0.023251
0.0 0.192874 0.130820 0.009363 0.007640
0.0 0.210074 0.135384 0.009545 0.007800
1.0 0.351430 0.113978 0.014470 0.038621
1.0 0.379667 0.108098 0.014835 0.037022
1.0 0.347595 0.103628 0.013329 0.034536
1.0 0.373692 0.092756 0.012237 0.023251
0.0 0.350094 0.130820 0.009363 0.007640
0.0 0.332895 0.135384 0.009545 0.007800
1.0 0.496226 0.113978 0.014470 0.038621
1.0 0.467990 0.108098 0.014835 0.037022
1.0 0.500061 0.103628 0.013329 0.034536
1.0 0.473964 0.092756 0.012237 0.023251
0.0 0.497562 0.130820 0.009363 0.007640
0.0 0.514761 0.135384 0.009545 0.007800
1.0 0.656118 0.113978 0.014470 0.038621
1.0 0.684354 0.108098 0.014835 0.037022
1.0 0.652283 0.103628 0.013329 0.034536
1.0 0.678380 0.092756 0.012237 0.023251
0.0 0.654782 0.130820 0.009363 0.007640
0.0 0.637582 0.135384 0.009545 0.007800
1.0 0.800913 0.113978 0.014470 0.038621
1.0 0.772677 0.108098 0.014835 0.037022
1.0 0.804748 0.103628 0.013329 0.034536
1.0 0.778652 0.092756 0.012237 0.023251
0.0 0.802249 0.130820 0.009363 0.007640
0.0 0.819449 0.135384 0.009545 0.007800
1.0 0.960805 0.113978 0.014470 0.038621
1.0 0.989042 0.108098 0.014835 0.037022
1.0 0.956970 0.103628 0.013329 0.034536
1.0 0.983067 0.092756 0.012237 0.023251
0.0 0.959469 0.130820 0.009363 0.007640
0.0 0.942270 0.135384 0.009545 0.007800
1.0 0.046743 0.302689 0.014470 0.038621
1.0 0.074979 0.308568 0.014835 0.037022
1.0 0.042908 0.313038 0.013329 0.034536
1.0 0.069005 0.323911 0.012237 0.023251
0.0 0.045407 0.285846 0.009363 0.007640
0.0 0.028207 0.281283 0.009545 0.007800
1.0 0.191538 0.302689 0.014470 0.038621
1.0 0.163302 0.308568 0.014835 0.037022
1.0 0.195373 0.313038 0.013329 0.034536
1.0 0.169277 0.323911 0.012237 0.023251
0.0 0.192874 0.285846 0.009363 0.007640
0.0 0.210074 0.281283 0.009545 0.007800
1.0 0.351430 0.302689 0.014470 0.038621
1.0 0.379667 0.308568 0.014835 0.037022
1.0 0.347595 0.313038 0.013329 0.034536
1.0 0.373692 0.323911 0.012237 0.023251
0.0 0.350094 0.285846 0.009363 0.007640
0.0 0.332895 0.281283 0.009545 0.007800
1.0 0.496226 0.302689 0.014470 0.038621
1.0 0.467990 0.308568 0.014835 0.037022
1.0 0.500061 0.313038 0.013329 0.034536
1.0 0.473964 0.323911 0.012237 0.023251
0.0 0.497562 0.285846 0.009363 0.007640
0.0 0.514761 0.281283 0.009545 0.007800
1.0 0.656118 0.302689 0.014470 0.038621
1.0 0.684354 0.308568 0.014835 0.037022
1.0 0.652283 0.313038 0.013329 0.034536
1.0 0.678380 0.323911 0.012237 0.023251
0.0 0.654782 0.285846 0.009363 0.007640
0.0 0.637582 0.281283 0.009545 0.007800
1.0 0.800913 0.302689 0.014470 0.038621
1.0 0.772677 0.308568 0.014835 0.037022
1.0 0.804748 0.313038 0.013329 0.034536
1.0 0.778652 0.323911 0.012237 0.023251
0.0 0.802249 0.285846 0.009363 0.007640
0.0 0.819449 0.281283 0.009545 0.007800
1.0 0.960805 0.302689 0.014470 0.038621
1.0 0.989042 0.308568 0.014835 0.037022
1.0 0.956970 0.313038 0.013329 0.034536
1.0 0.983067 0.323911 0.012237 0.023251
0.0 0.959469 0.285846 0.009363 0.007640
0.0 0.942270 0.281283 0.009545 0.007800
1.0 0.046743 0.502866 0.014470 0.038621
1.0 0.074979 0.496987 0.014835 0.037022
1.0 0.042908 0.492517 0.013329 0.034536
1.0 0.069005 0.481645 0.012237 0.023251
0.0 0.045407 0.519709 0.009363 0.007640
0.0 0.028207 0.524273 0.009545 0.007800
1.0 0.191538 0.502866 0.014470 0.038621
1.0 0.163302 0.496987 0.014835 0.037022
1.0 0.195373 0.492517 0.013329 0.034536
1.0 0.169277 0.481645 0.012237 0.023251
0.0 0.192874 0.519709 0.009363 0.007640
0.0 0.210074 0.524273 0.009545 0.007800
1.0 0.351430 0.502866 0.014470 0.038621
1.0 0.379667 0.496987 0.014835 0.037022
1.0 0.347595 0.492517 0.013329 0.034536
1.0 0.373692 0.481645 0.012237 0.023251
0.0 0.350094 0.519709 0.009363 0.007640
0.0 0.332895 0.524273 0.009545 0.007800
1.0 0.496226 0.502866 0.014470 0.038621
1.0 0.467990 0.496987 0.014835 0.037022
1.0 0.500061 0.492517 0.013329 0.034536
1.0 0.473964 0.481645 0.012237 0.023251
0.0 0.497562 0.519709 0.009363 0.007640
0.0 0.514761 0.524273 0.009545 0.007800
1.0 0.656118 0.502866 0.014470 0.038621
1.0 0.684354 0.496987 0.014835 0.037022
1.0 0.652283 0.492517 0.013329 0.034536
1.0 0.678380 0.481645 0.012237 0.023251
0.0 0.654782 0.519709 0.009363 0.007640
0.0 0.637582 0.524273 0.009545 0.007800
1.0 0.800913 0.502866 0.014470 0.038621
1.0 0.772677 0.496987 0.014835 0.037022
1.0 0.804748 0.492517 0.013329 0.034536
1.0 0.778652 0.481645 0.012237 0.023251
0.0 0.802249 0.519709 0.009363 0.007640
0.0 0.819449 0.524273 0.009545 0.007800
1.0 0.960805 0.502866 0.014470 0.038621
1.0 0.989042 0.496987 0.014835 0.037022
1.0 0.956970 0.492517 0.013329 0.034536
1.0 0.983067 0.481645 0.012237 0.023251
0.0 0.959469 0.519709 0.009363 0.007640
0.0 0.942270 0.524273 0.009545 0.007800
1.0 0.046743 0.691578 0.014470 0.038621
1.0 0.074979 0.697457 0.014835 0.037022
1.0 0.042908 0.701927 0.013329 0.034536
1.0 0.069005 0.712800 0.012237 0.023251
0.0 0.045407 0.674735 0.009363 0.007640
0.0 0.028207 0.670172 0.009545 0.007800
1.0 0.191538 0.691578 0.014470 0.038621
1.0 0.163302 0.697457 0.014835 0.037022
1.0 0.195373 0.701927 0.013329 0.034536
1.0 0.169277 0.712800 0.012237 0.023251
0.0 0.192874 0.674735 0.009363 0.007640
0.0 0.210074 0.670172 0.009545 0.007800
1.0 0.351430 0.691578 0.014470 0.038621
1.0 0.379667 0.697457 0.014835 0.037022
1.0 0.347595 0.701927 0.013329 0.034536
1.0 0.373692 0.712800 0.012237 0.023251
0.0 0.350094 0.674735 0.009363 0.007640
0.0 0.332895 0.670172 0.009545 0.007800
1.0 0.496226 0.691578 0.014470 0.038621
1.0 0.467990 0.697457 0.014835 0.037022
1.0 0.500061 0.701927 0.013329 0.034536
1.0 0.473964 0.712800 0.012237 0.023251
0.0 0.497562 0.674735 0.009363 0.007640
0.0 0.514761 0.670172 0.009545 0.007800
1.0 0.656118 0.691578 0.014470 0.038621
1.0 0.684354 0.697457 0.014835 0.037022
1.0 0.652283 0.701927 0.013329 0.034536
1.0 0.678380 0.712800 0.012237 0.023251
0.0 0.654782 0.674735 0.009363 0.007640
0.0 0.637582 0.670172 0.009545 0.007800
1.0 0.800913 0.691578 0.014470 0.038621
1.0 0.772677 0.697457 0.014835 0.037022
1.0 0.804748 0.701927 0.013329 0.034536
1.0 0.778652 0.712800 0.012237 0.023251
0.0 0.802249 0.674735 0.009363 0.007640
0.0 0.819449 0.670172 0.009545 0.007800
1.0 0.960805 0.691578 0.014470 0.038621
1.0 0.989042 0.697457 0.014835 0.037022
1.0 0.956970 0.701927 0.013329 0.034536
1.0 0.983067 0.712800 0.012237 0.023251
0.0 0.959469 0.674735 0.009363 0.007640
0.0 0.942270 0.670172 0.009545 0.007800
1.0 0.046743 0.891755 0.014470 0.038621
1.0 0.074979 0.885876 0.014835 0.037022
1.0 0.042908 0.881406 0.013329 0.034536
1.0 0.069005 0.870534 0.012237 0.023251
0.0 0.045407 0.908598 0.009363 0.007640
0.0 0.028207 0.913162 0.009545 0.007800
1.0 0.191538 0.891755 0.014470 0.038621
1.0 0.163302 0.885876 0.014835 0.037022
1.0 0.195373 0.881406 0.013329 0.034536
1.0 0.169277 0.870534 0.012237 0.023251
0.0 0.192874 0.908598 0.009363 0.007640
0.0 0.210074 0.913162 0.009545 0.007800
1.0 0.351430 0.891755 0.014470 0.038621
1.0 0.379667 0.885876 0.014835 0.037022
1.0 0.347595 0.881406 0.013329 0.034536
1.0 0.373692 0.870534 0.012237 0.023251
0.0 0.350094 0.908598 0.009363 0.007640
0.0 0.332895 0.913162 0.009545 0.007800
1.0 0.496226 0.891755 0.014470 0.038621
1.0 0.467990 0.885876 0.014835 0.037022
1.0 0.500061 0.881406 0.013329 0.034536
1.0 0.473964 0.870534 0.012237 0.023251
0.0 0.497562 0.908598 0.009363 0.007640
0.0 0.514761 0.913162 0.009545 0.007800
1.0 0.656118 0.891755 0.014470 0.038621
1.0 0.684354 0.885876 0.014835 0.037022
1.0 0.652283 0.881406 0.013329 0.034536
1.0 0.678380 0.870534 0.012237 0.023251
0.0 0.654782 0.908598 0.009363 0.007640
0.0 0.637582 0.913162 0.009545 0.007800
1.0 0.800913 0.891755 0.014470 0.038621
1.0 0.772677 0.885876 0.014835 0.037022
1.0 0.804748 0.881406 0.013329 0.034536
1.0 0.778652 0.870534 0.012237 0.023251
0.0 0.802249 0.908598 0.009363 0.007640
0.0 0.819449 0.913162 0.009545 0.007800
1.0 0.960805 0.891755 0.014470 0.038621
1.0 0.989042 0.885876 0.014835 0.037022
1.0 0.956970 0.881406 0.013329 0.034536
1.0 0.983067 0.870534 0.012237 0.023251
0.0 0.959469 0.908598 0.009363 0.007640
0.0 0.942270 0.913162 0.009545 0.007800
