1.0 0.561466 0.061913 0.341587 0.123826
1.0 0.630215 0.065278 0.288776 0.130556
1.0 0.925199 0.065278 0.149603 0.130556
0.0 0.442918 0.690056 0.140801 0.168191
0.0 0.627920 0.707103 0.181954 0.165575
1.0 0.561466 0.456173 0.341587 0.637778
1.0 0.630215 0.427698 0.288776 0.594285
0.0 0.953052 0.707103 0.093897 0.165575
1.0 0.946370 0.456173 0.107260 0.637778
1.0 0.925199 0.427698 0.149603 0.594285
0.0 0.442918 0.981674 0.140801 0.036652
0.0 0.627920 0.973804 0.181954 0.052391
0.0 0.953052 0.973804 0.093897 0.052391
