1.0 0.003906 0.028993 0.007812 0.034375
1.0 0.047559 0.023611 0.011914 0.027778
1.0 0.015332 0.020139 0.002930 0.002778
1.0 0.027441 0.021181 0.003320 0.003472
1.0 0.041504 0.020139 0.002539 0.006944
1.0 0.031738 0.021007 0.003320 0.003125
1.0 0.008789 0.019965 0.003125 0.003819
1.0 0.106738 0.028993 0.015039 0.034375
1.0 0.119922 0.029861 0.017969 0.035417
1.0 0.059473 0.023611 0.011914 0.027778
1.0 0.133984 0.019965 0.006641 0.012153
1.0 0.147559 0.022396 0.006055 0.004514
1.0 0.091699 0.020139 0.002930 0.002778
1.0 0.079590 0.021181 0.003320 0.003472
1.0 0.065527 0.020139 0.002539 0.006944
1.0 0.075293 0.021007 0.003320 0.003125
1.0 0.098242 0.019965 0.003125 0.003819
1.0 0.129785 0.018576 0.002148 0.002431
1.0 0.140527 0.021007 0.003711 0.001736
1.0 0.136035 0.022743 0.002930 0.005208
0.0 0.126855 0.045816 0.012518 0.004576
0.0 0.115049 0.047868 0.014115 0.004892
1.0 0.198730 0.028993 0.015039 0.034375
1.0 0.185547 0.029861 0.017969 0.035417
1.0 0.245996 0.023611 0.011914 0.027778
1.0 0.171484 0.019965 0.006641 0.012153
1.0 0.157910 0.022396 0.006055 0.004514
1.0 0.213770 0.020139 0.002930 0.002778
1.0 0.225879 0.021181 0.003320 0.003472
1.0 0.239941 0.020139 0.002539 0.006944
1.0 0.230176 0.021007 0.003320 0.003125
1.0 0.207227 0.019965 0.003125 0.003819
1.0 0.175684 0.018576 0.002148 0.002431
1.0 0.164941 0.021007 0.003711 0.001736
1.0 0.169434 0.022743 0.002930 0.005208
0.0 0.178613 0.045816 0.012518 0.004576
0.0 0.190420 0.047868 0.014115 0.004892
1.0 0.305176 0.028993 0.015039 0.034375
1.0 0.318359 0.029861 0.017969 0.035417
1.0 0.257910 0.023611 0.011914 0.027778
1.0 0.332422 0.019965 0.006641 0.012153
1.0 0.345996 0.022396 0.006055 0.004514
1.0 0.290137 0.020139 0.002930 0.002778
1.0 0.278027 0.021181 0.003320 0.003472
1.0 0.263965 0.020139 0.002539 0.006944
1.0 0.273730 0.021007 0.003320 0.003125
1.0 0.296680 0.019965 0.003125 0.003819
1.0 0.328223 0.018576 0.002148 0.002431
1.0 0.338965 0.021007 0.003711 0.001736
1.0 0.334473 0.022743 0.002930 0.005208
0.0 0.325293 0.045816 0.012518 0.004576
0.0 0.313486 0.047868 0.014115 0.004892
1.0 0.397168 0.028993 0.015039 0.034375
1.0 0.383984 0.029861 0.017969 0.035417
1.0 0.444434 0.023611 0.011914 0.027778
1.0 0.369922 0.019965 0.006641 0.012153
1.0 0.356348 0.022396 0.006055 0.004514
1.0 0.412207 0.020139 0.002930 0.002778
1.0 0.424316 0.021181 0.003320 0.003472
1.0 0.438379 0.020139 0.002539 0.006944
1.0 0.428613 0.021007 0.003320 0.003125
1.0 0.405664 0.019965 0.003125 0.003819
1.0 0.374121 0.018576 0.002148 0.002431
1.0 0.363379 0.021007 0.003711 0.001736
1.0 0.367871 0.022743 0.002930 0.005208
0.0 0.377051 0.045816 0.012518 0.004576
0.0 0.388857 0.047868 0.014115 0.004892
1.0 0.503613 0.028993 0.015039 0.034375
1.0 0.516797 0.029861 0.017969 0.035417
1.0 0.456348 0.023611 0.011914 0.027778
1.0 0.530859 0.019965 0.006641 0.012153
1.0 0.544434 0.022396 0.006055 0.004514
1.0 0.488574 0.020139 0.002930 0.002778
1.0 0.476465 0.021181 0.003320 0.003472
1.0 0.462402 0.020139 0.002539 0.006944
1.0 0.472168 0.021007 0.003320 0.003125
1.0 0.495117 0.019965 0.003125 0.003819
1.0 0.526660 0.018576 0.002148 0.002431
1.0 0.537402 0.021007 0.003711 0.001736
1.0 0.532910 0.022743 0.002930 0.005208
0.0 0.523730 0.045816 0.012518 0.004576
0.0 0.511924 0.047868 0.014115 0.004892
1.0 0.595605 0.028993 0.015039 0.034375
1.0 0.582422 0.029861 0.017969 0.035417
1.0 0.642871 0.023611 0.011914 0.027778
1.0 0.568359 0.019965 0.006641 0.012153
1.0 0.554785 0.022396 0.006055 0.004514
1.0 0.610645 0.020139 0.002930 0.002778
1.0 0.622754 0.021181 0.003320 0.003472
1.0 0.636816 0.020139 0.002539 0.006944
1.0 0.627051 0.021007 0.003320 0.003125
1.0 0.604102 0.019965 0.003125 0.003819
1.0 0.572559 0.018576 0.002148 0.002431
1.0 0.561816 0.021007 0.003711 0.001736
1.0 0.566309 0.022743 0.002930 0.005208
0.0 0.575488 0.045816 0.012518 0.004576
0.0 0.587295 0.047868 0.014115 0.004892
1.0 0.702051 0.028993 0.015039 0.034375
1.0 0.715234 0.029861 0.017969 0.035417
1.0 0.654785 0.023611 0.011914 0.027778
1.0 0.729297 0.019965 0.006641 0.012153
1.0 0.742871 0.022396 0.006055 0.004514
1.0 0.687012 0.020139 0.002930 0.002778
1.0 0.674902 0.021181 0.003320 0.003472
1.0 0.660840 0.020139 0.002539 0.006944
1.0 0.670605 0.021007 0.003320 0.003125
1.0 0.693555 0.019965 0.003125 0.003819
1.0 0.725098 0.018576 0.002148 0.002431
1.0 0.735840 0.021007 0.003711 0.001736
1.0 0.731348 0.022743 0.002930 0.005208
0.0 0.722168 0.045816 0.012518 0.004576
0.0 0.710361 0.047868 0.014115 0.004892
1.0 0.794043 0.028993 0.015039 0.034375
1.0 0.780859 0.029861 0.017969 0.035417
1.0 0.841309 0.023611 0.011914 0.027778
1.0 0.766797 0.019965 0.006641 0.012153
1.0 0.753223 0.022396 0.006055 0.004514
1.0 0.809082 0.020139 0.002930 0.002778
1.0 0.821191 0.021181 0.003320 0.003472
1.0 0.835254 0.020139 0.002539 0.006944
1.0 0.825488 0.021007 0.003320 0.003125
1.0 0.802539 0.019965 0.003125 0.003819
1.0 0.770996 0.018576 0.002148 0.002431
1.0 0.760254 0.021007 0.003711 0.001736
1.0 0.764746 0.022743 0.002930 0.005208
0.0 0.773926 0.045816 0.012518 0.004576
0.0 0.785732 0.047868 0.014115 0.004892
1.0 0.900488 0.028993 0.015039 0.034375
1.0 0.913672 0.029861 0.017969 0.035417
1.0 0.853223 0.023611 0.011914 0.027778
1.0 0.927734 0.019965 0.006641 0.012153
1.0 0.941309 0.022396 0.006055 0.004514
1.0 0.885449 0.020139 0.002930 0.002778
1.0 0.873340 0.021181 0.003320 0.003472
1.0 0.859277 0.020139 0.002539 0.006944
1.0 0.869043 0.021007 0.003320 0.003125
1.0 0.891992 0.019965 0.003125 0.003819
1.0 0.923535 0.018576 0.002148 0.002431
1.0 0.934277 0.021007 0.003711 0.001736
1.0 0.929785 0.022743 0.002930 0.005208
0.0 0.920605 0.045816 0.012518 0.004576
0.0 0.908799 0.047868 0.014115 0.004892
1.0 0.992480 0.028993 0.015039 0.034375
1.0 0.979297 0.029861 0.017969 0.035417
1.0 0.965234 0.019965 0.006641 0.012153
1.0 0.951660 0.022396 0.006055 0.004514
1.0 0.999707 0.019965 0.000586 0.003819
1.0 0.969434 0.018576 0.002148 0.002431
1.0 0.958691 0.021007 0.003711 0.001736
1.0 0.963184 0.022743 0.002930 0.005208
0.0 0.972363 0.045816 0.012518 0.004576
0.0 0.984170 0.047868 0.014115 0.004892
1.0 0.003906 0.149479 0.007812 0.034375
1.0 0.047559 0.154861 0.011914 0.027778
1.0 0.015332 0.158333 0.002930 0.002778
1.0 0.027441 0.157292 0.003320 0.003472
1.0 0.041504 0.158333 0.002539 0.006944
1.0 0.031738 0.157465 0.003320 0.003125
1.0 0.008789 0.158507 0.003125 0.003819
1.0 0.106738 0.149479 0.015039 0.034375
1.0 0.119922 0.148611 0.017969 0.035417
1.0 0.059473 0.154861 0.011914 0.027778
1.0 0.133984 0.158507 0.006641 0.012153
1.0 0.147559 0.156076 0.006055 0.004514
1.0 0.091699 0.158333 0.002930 0.002778
1.0 0.079590 0.157292 0.003320 0.003472
1.0 0.065527 0.158333 0.002539 0.006944
1.0 0.075293 0.157465 0.003320 0.003125
1.0 0.098242 0.158507 0.003125 0.003819
1.0 0.129785 0.159896 0.002148 0.002431
1.0 0.140527 0.157465 0.003711 0.001736
1.0 0.136035 0.155729 0.002930 0.005208
0.0 0.126855 0.132656 0.012518 0.004576
0.0 0.115049 0.130604 0.014115 0.004892
1.0 0.198730 0.149479 0.015039 0.034375
1.0 0.185547 0.148611 0.017969 0.035417
1.0 0.245996 0.154861 0.011914 0.027778
1.0 0.171484 0.158507 0.006641 0.012153
1.0 0.157910 0.156076 0.006055 0.004514
1.0 0.213770 0.158333 0.002930 0.002778
1.0 0.225879 0.157292 0.003320 0.003472
1.0 0.239941 0.158333 0.002539 0.006944
1.0 0.230176 0.157465 0.003320 0.003125
1.0 0.207227 0.158507 0.003125 0.003819
1.0 0.175684 0.159896 0.002148 0.002431
1.0 0.164941 0.157465 0.003711 0.001736
1.0 0.169434 0.155729 0.002930 0.005208
0.0 0.178613 0.132656 0.012518 0.004576
0.0 0.190420 0.130604 0.014115 0.004892
1.0 0.305176 0.149479 0.015039 0.034375
1.0 0.318359 0.148611 0.017969 0.035417
1.0 0.257910 0.154861 0.011914 0.027778
1.0 0.332422 0.158507 0.006641 0.012153
1.0 0.345996 0.156076 0.006055 0.004514
1.0 0.290137 0.158333 0.002930 0.002778
1.0 0.278027 0.157292 0.003320 0.003472
1.0 0.263965 0.158333 0.002539 0.006944
1.0 0.273730 0.157465 0.003320 0.003125
1.0 0.296680 0.158507 0.003125 0.003819
1.0 0.328223 0.159896 0.002148 0.002431
1.0 0.338965 0.157465 0.003711 0.001736
1.0 0.334473 0.155729 0.002930 0.005208
0.0 0.325293 0.132656 0.012518 0.004576
0.0 0.313486 0.130604 0.014115 0.004892
1.0 0.397168 0.149479 0.015039 0.034375
1.0 0.383984 0.148611 0.017969 0.035417
1.0 0.444434 0.154861 0.011914 0.027778
1.0 0.369922 0.158507 0.006641 0.012153
1.0 0.356348 0.156076 0.006055 0.004514
1.0 0.412207 0.158333 0.002930 0.002778
1.0 0.424316 0.157292 0.003320 0.003472
1.0 0.438379 0.158333 0.002539 0.006944
1.0 0.428613 0.157465 0.003320 0.003125
1.0 0.405664 0.158507 0.003125 0.003819
1.0 0.374121 0.159896 0.002148 0.002431
1.0 0.363379 0.157465 0.003711 0.001736
1.0 0.367871 0.155729 0.002930 0.005208
0.0 0.377051 0.132656 0.012518 0.004576
0.0 0.388857 0.130604 0.014115 0.004892
1.0 0.503613 0.149479 0.015039 0.034375
1.0 0.516797 0.148611 0.017969 0.035417
1.0 0.456348 0.154861 0.011914 0.027778
1.0 0.530859 0.158507 0.006641 0.012153
1.0 0.544434 0.156076 0.006055 0.004514
1.0 0.488574 0.158333 0.002930 0.002778
1.0 0.476465 0.157292 0.003320 0.003472
1.0 0.462402 0.158333 0.002539 0.006944
1.0 0.472168 0.157465 0.003320 0.003125
1.0 0.495117 0.158507 0.003125 0.003819
1.0 0.526660 0.159896 0.002148 0.002431
1.0 0.537402 0.157465 0.003711 0.001736
1.0 0.532910 0.155729 0.002930 0.005208
0.0 0.523730 0.132656 0.012518 0.004576
0.0 0.511924 0.130604 0.014115 0.004892
1.0 0.595605 0.149479 0.015039 0.034375
1.0 0.582422 0.148611 0.017969 0.035417
1.0 0.642871 0.154861 0.011914 0.027778
1.0 0.568359 0.158507 0.006641 0.012153
1.0 0.554785 0.156076 0.006055 0.004514
1.0 0.610645 0.158333 0.002930 0.002778
1.0 0.622754 0.157292 0.003320 0.003472
1.0 0.636816 0.158333 0.002539 0.006944
1.0 0.627051 0.157465 0.003320 0.003125
1.0 0.604102 0.158507 0.003125 0.003819
1.0 0.572559 0.159896 0.002148 0.002431
1.0 0.561816 0.157465 0.003711 0.001736
1.0 0.566309 0.155729 0.002930 0.005208
0.0 0.575488 0.132656 0.012518 0.004576
0.0 0.587295 0.130604 0.014115 0.004892
1.0 0.702051 0.149479 0.015039 0.034375
1.0 0.715234 0.148611 0.017969 0.035417
1.0 0.654785 0.154861 0.011914 0.027778
1.0 0.729297 0.158507 0.006641 0.012153
1.0 0.742871 0.156076 0.006055 0.004514
1.0 0.687012 0.158333 0.002930 0.002778
1.0 0.674902 0.157292 0.003320 0.003472
1.0 0.660840 0.158333 0.002539 0.006944
1.0 0.670605 0.157465 0.003320 0.003125
1.0 0.693555 0.158507 0.003125 0.003819
1.0 0.725098 0.159896 0.002148 0.002431
1.0 0.735840 0.157465 0.003711 0.001736
1.0 0.731348 0.155729 0.002930 0.005208
0.0 0.722168 0.132656 0.012518 0.004576
0.0 0.710361 0.130604 0.014115 0.004892
1.0 0.794043 0.149479 0.015039 0.034375
1.0 0.780859 0.148611 0.017969 0.035417
1.0 0.841309 0.154861 0.011914 0.027778
1.0 0.766797 0.158507 0.006641 0.012153
1.0 0.753223 0.156076 0.006055 0.004514
1.0 0.809082 0.158333 0.002930 0.002778
1.0 0.821191 0.157292 0.003320 0.003472
1.0 0.835254 0.158333 0.002539 0.006944
1.0 0.825488 0.157465 0.003320 0.003125
1.0 0.802539 0.158507 0.003125 0.003819
1.0 0.770996 0.159896 0.002148 0.002431
1.0 0.760254 0.157465 0.003711 0.001736
1.0 0.764746 0.155729 0.002930 0.005208
0.0 0.773926 0.132656 0.012518 0.004576
0.0 0.785732 0.130604 0.014115 0.004892
1.0 0.900488 0.149479 0.015039 0.034375
1.0 0.913672 0.148611 0.017969 0.035417
1.0 0.853223 0.154861 0.011914 0.027778
1.0 0.927734 0.158507 0.006641 0.012153
1.0 0.941309 0.156076 0.006055 0.004514
1.0 0.885449 0.158333 0.002930 0.002778
1.0 0.873340 0.157292 0.003320 0.003472
1.0 0.859277 0.158333 0.002539 0.006944
1.0 0.869043 0.157465 0.003320 0.003125
1.0 0.891992 0.158507 0.003125 0.003819
1.0 0.923535 0.159896 0.002148 0.002431
1.0 0.934277 0.157465 0.003711 0.001736
1.0 0.929785 0.155729 0.002930 0.005208
0.0 0.920605 0.132656 0.012518 0.004576
0.0 0.908799 0.130604 0.014115 0.004892
1.0 0.992480 0.149479 0.015039 0.034375
1.0 0.979297 0.148611 0.017969 0.035417
1.0 0.965234 0.158507 0.006641 0.012153
1.0 0.951660 0.156076 0.006055 0.004514
1.0 0.999707 0.158507 0.000586 0.003819
1.0 0.969434 0.159896 0.002148 0.002431
1.0 0.958691 0.157465 0.003711 0.001736
1.0 0.963184 0.155729 0.002930 0.005208
0.0 0.972363 0.132656 0.012518 0.004576
0.0 0.984170 0.130604 0.014115 0.004892
1.0 0.003906 0.263715 0.007812 0.034375
1.0 0.047559 0.258333 0.011914 0.027778
1.0 0.015332 0.254861 0.002930 0.002778
1.0 0.027441 0.255903 0.003320 0.003472
1.0 0.041504 0.254861 0.002539 0.006944
1.0 0.031738 0.255729 0.003320 0.003125
1.0 0.008789 0.254687 0.003125 0.003819
1.0 0.106738 0.263715 0.015039 0.034375
1.0 0.119922 0.264583 0.017969 0.035417
1.0 0.059473 0.258333 0.011914 0.027778
1.0 0.133984 0.254687 0.006641 0.012153
1.0 0.147559 0.257118 0.006055 0.004514
1.0 0.091699 0.254861 0.002930 0.002778
1.0 0.079590 0.255903 0.003320 0.003472
1.0 0.065527 0.254861 0.002539 0.006944
1.0 0.075293 0.255729 0.003320 0.003125
1.0 0.098242 0.254687 0.003125 0.003819
1.0 0.129785 0.253299 0.002148 0.002431
1.0 0.140527 0.255729 0.003711 0.001736
1.0 0.136035 0.257465 0.002930 0.005208
0.0 0.126855 0.280538 0.012518 0.004576
0.0 0.115049 0.282590 0.014115 0.004892
1.0 0.198730 0.263715 0.015039 0.034375
1.0 0.185547 0.264583 0.017969 0.035417
1.0 0.245996 0.258333 0.011914 0.027778
1.0 0.171484 0.254687 0.006641 0.012153
1.0 0.157910 0.257118 0.006055 0.004514
1.0 0.213770 0.254861 0.002930 0.002778
1.0 0.225879 0.255903 0.003320 0.003472
1.0 0.239941 0.254861 0.002539 0.006944
1.0 0.230176 0.255729 0.003320 0.003125
1.0 0.207227 0.254687 0.003125 0.003819
1.0 0.175684 0.253299 0.002148 0.002431
1.0 0.164941 0.255729 0.003711 0.001736
1.0 0.169434 0.257465 0.002930 0.005208
0.0 0.178613 0.280538 0.012518 0.004576
0.0 0.190420 0.282590 0.014115 0.004892
1.0 0.305176 0.263715 0.015039 0.034375
1.0 0.318359 0.264583 0.017969 0.035417
1.0 0.257910 0.258333 0.011914 0.027778
1.0 0.332422 0.254687 0.006641 0.012153
1.0 0.345996 0.257118 0.006055 0.004514
1.0 0.290137 0.254861 0.002930 0.002778
1.0 0.278027 0.255903 0.003320 0.003472
1.0 0.263965 0.254861 0.002539 0.006944
1.0 0.273730 0.255729 0.003320 0.003125
1.0 0.296680 0.254687 0.003125 0.003819
1.0 0.328223 0.253299 0.002148 0.002431
1.0 0.338965 0.255729 0.003711 0.001736
1.0 0.334473 0.257465 0.002930 0.005208
0.0 0.325293 0.280538 0.012518 0.004576
0.0 0.313486 0.282590 0.014115 0.004892
1.0 0.397168 0.263715 0.015039 0.034375
1.0 0.383984 0.264583 0.017969 0.035417
1.0 0.444434 0.258333 0.011914 0.027778
1.0 0.369922 0.254687 0.006641 0.012153
1.0 0.356348 0.257118 0.006055 0.004514
1.0 0.412207 0.254861 0.002930 0.002778
1.0 0.424316 0.255903 0.003320 0.003472
1.0 0.438379 0.254861 0.002539 0.006944
1.0 0.428613 0.255729 0.003320 0.003125
1.0 0.405664 0.254687 0.003125 0.003819
1.0 0.374121 0.253299 0.002148 0.002431
1.0 0.363379 0.255729 0.003711 0.001736
1.0 0.367871 0.257465 0.002930 0.005208
0.0 0.377051 0.280538 0.012518 0.004576
0.0 0.388857 0.282590 0.014115 0.004892
1.0 0.503613 0.263715 0.015039 0.034375
1.0 0.516797 0.264583 0.017969 0.035417
1.0 0.456348 0.258333 0.011914 0.027778
1.0 0.530859 0.254687 0.006641 0.012153
1.0 0.544434 0.257118 0.006055 0.004514
1.0 0.488574 0.254861 0.002930 0.002778
1.0 0.476465 0.255903 0.003320 0.003472
1.0 0.462402 0.254861 0.002539 0.006944
1.0 0.472168 0.255729 0.003320 0.003125
1.0 0.495117 0.254687 0.003125 0.003819
1.0 0.526660 0.253299 0.002148 0.002431
1.0 0.537402 0.255729 0.003711 0.001736
1.0 0.532910 0.257465 0.002930 0.005208
0.0 0.523730 0.280538 0.012518 0.004576
0.0 0.511924 0.282590 0.014115 0.004892
1.0 0.595605 0.263715 0.015039 0.034375
1.0 0.582422 0.264583 0.017969 0.035417
1.0 0.642871 0.258333 0.011914 0.027778
1.0 0.568359 0.254687 0.006641 0.012153
1.0 0.554785 0.257118 0.006055 0.004514
1.0 0.610645 0.254861 0.002930 0.002778
1.0 0.622754 0.255903 0.003320 0.003472
1.0 0.636816 0.254861 0.002539 0.006944
1.0 0.627051 0.255729 0.003320 0.003125
1.0 0.604102 0.254687 0.003125 0.003819
1.0 0.572559 0.253299 0.002148 0.002431
1.0 0.561816 0.255729 0.003711 0.001736
1.0 0.566309 0.257465 0.002930 0.005208
0.0 0.575488 0.280538 0.012518 0.004576
0.0 0.587295 0.282590 0.014115 0.004892
1.0 0.702051 0.263715 0.015039 0.034375
1.0 0.715234 0.264583 0.017969 0.035417
1.0 0.654785 0.258333 0.011914 0.027778
1.0 0.729297 0.254687 0.006641 0.012153
1.0 0.742871 0.257118 0.006055 0.004514
1.0 0.687012 0.254861 0.002930 0.002778
1.0 0.674902 0.255903 0.003320 0.003472
1.0 0.660840 0.254861 0.002539 0.006944
1.0 0.670605 0.255729 0.003320 0.003125
1.0 0.693555 0.254687 0.003125 0.003819
1.0 0.725098 0.253299 0.002148 0.002431
1.0 0.735840 0.255729 0.003711 0.001736
1.0 0.731348 0.257465 0.002930 0.005208
0.0 0.722168 0.280538 0.012518 0.004576
0.0 0.710361 0.282590 0.014115 0.004892
1.0 0.794043 0.263715 0.015039 0.034375
1.0 0.780859 0.264583 0.017969 0.035417
1.0 0.841309 0.258333 0.011914 0.027778
1.0 0.766797 0.254687 0.006641 0.012153
1.0 0.753223 0.257118 0.006055 0.004514
1.0 0.809082 0.254861 0.002930 0.002778
1.0 0.821191 0.255903 0.003320 0.003472
1.0 0.835254 0.254861 0.002539 0.006944
1.0 0.825488 0.255729 0.003320 0.003125
1.0 0.802539 0.254687 0.003125 0.003819
1.0 0.770996 0.253299 0.002148 0.002431
1.0 0.760254 0.255729 0.003711 0.001736
1.0 0.764746 0.257465 0.002930 0.005208
0.0 0.773926 0.280538 0.012518 0.004576
0.0 0.785732 0.282590 0.014115 0.004892
1.0 0.900488 0.263715 0.015039 0.034375
1.0 0.913672 0.264583 0.017969 0.035417
1.0 0.853223 0.258333 0.011914 0.027778
1.0 0.927734 0.254687 0.006641 0.012153
1.0 0.941309 0.257118 0.006055 0.004514
1.0 0.885449 0.254861 0.002930 0.002778
1.0 0.873340 0.255903 0.003320 0.003472
1.0 0.859277 0.254861 0.002539 0.006944
1.0 0.869043 0.255729 0.003320 0.003125
1.0 0.891992 0.254687 0.003125 0.003819
1.0 0.923535 0.253299 0.002148 0.002431
1.0 0.934277 0.255729 0.003711 0.001736
1.0 0.929785 0.257465 0.002930 0.005208
0.0 0.920605 0.280538 0.012518 0.004576
0.0 0.908799 0.282590 0.014115 0.004892
1.0 0.992480 0.263715 0.015039 0.034375
1.0 0.979297 0.264583 0.017969 0.035417
1.0 0.965234 0.254687 0.006641 0.012153
1.0 0.951660 0.257118 0.006055 0.004514
1.0 0.999707 0.254687 0.000586 0.003819
1.0 0.969434 0.253299 0.002148 0.002431
1.0 0.958691 0.255729 0.003711 0.001736
1.0 0.963184 0.257465 0.002930 0.005208
0.0 0.972363 0.280538 0.012518 0.004576
0.0 0.984170 0.282590 0.014115 0.004892
1.0 0.003906 0.384201 0.007812 0.034375
1.0 0.047559 0.389583 0.011914 0.027778
1.0 0.015332 0.393056 0.002930 0.002778
1.0 0.027441 0.392014 0.003320 0.003472
1.0 0.041504 0.393056 0.002539 0.006944
1.0 0.031738 0.392187 0.003320 0.003125
1.0 0.008789 0.393229 0.003125 0.003819
1.0 0.106738 0.384201 0.015039 0.034375
1.0 0.119922 0.383333 0.017969 0.035417
1.0 0.059473 0.389583 0.011914 0.027778
1.0 0.133984 0.393229 0.006641 0.012153
1.0 0.147559 0.390799 0.006055 0.004514
1.0 0.091699 0.393056 0.002930 0.002778
1.0 0.079590 0.392014 0.003320 0.003472
1.0 0.065527 0.393056 0.002539 0.006944
1.0 0.075293 0.392187 0.003320 0.003125
1.0 0.098242 0.393229 0.003125 0.003819
1.0 0.129785 0.394618 0.002148 0.002431
1.0 0.140527 0.392187 0.003711 0.001736
1.0 0.136035 0.390451 0.002930 0.005208
0.0 0.126855 0.367378 0.012518 0.004576
0.0 0.115049 0.365326 0.014115 0.004892
1.0 0.198730 0.384201 0.015039 0.034375
1.0 0.185547 0.383333 0.017969 0.035417
1.0 0.245996 0.389583 0.011914 0.027778
1.0 0.171484 0.393229 0.006641 0.012153
1.0 0.157910 0.390799 0.006055 0.004514
1.0 0.213770 0.393056 0.002930 0.002778
1.0 0.225879 0.392014 0.003320 0.003472
1.0 0.239941 0.393056 0.002539 0.006944
1.0 0.230176 0.392187 0.003320 0.003125
1.0 0.207227 0.393229 0.003125 0.003819
1.0 0.175684 0.394618 0.002148 0.002431
1.0 0.164941 0.392187 0.003711 0.001736
1.0 0.169434 0.390451 0.002930 0.005208
0.0 0.178613 0.367378 0.012518 0.004576
0.0 0.190420 0.365326 0.014115 0.004892
1.0 0.305176 0.384201 0.015039 0.034375
1.0 0.318359 0.383333 0.017969 0.035417
1.0 0.257910 0.389583 0.011914 0.027778
1.0 0.332422 0.393229 0.006641 0.012153
1.0 0.345996 0.390799 0.006055 0.004514
1.0 0.290137 0.393056 0.002930 0.002778
1.0 0.278027 0.392014 0.003320 0.003472
1.0 0.263965 0.393056 0.002539 0.006944
1.0 0.273730 0.392187 0.003320 0.003125
1.0 0.296680 0.393229 0.003125 0.003819
1.0 0.328223 0.394618 0.002148 0.002431
1.0 0.338965 0.392187 0.003711 0.001736
1.0 0.334473 0.390451 0.002930 0.005208
0.0 0.325293 0.367378 0.012518 0.004576
0.0 0.313486 0.365326 0.014115 0.004892
1.0 0.397168 0.384201 0.015039 0.034375
1.0 0.383984 0.383333 0.017969 0.035417
1.0 0.444434 0.389583 0.011914 0.027778
1.0 0.369922 0.393229 0.006641 0.012153
1.0 0.356348 0.390799 0.006055 0.004514
1.0 0.412207 0.393056 0.002930 0.002778
1.0 0.424316 0.392014 0.003320 0.003472
1.0 0.438379 0.393056 0.002539 0.006944
1.0 0.428613 0.392187 0.003320 0.003125
1.0 0.405664 0.393229 0.003125 0.003819
1.0 0.374121 0.394618 0.002148 0.002431
1.0 0.363379 0.392187 0.003711 0.001736
1.0 0.367871 0.390451 0.002930 0.005208
0.0 0.377051 0.367378 0.012518 0.004576
0.0 0.388857 0.365326 0.014115 0.004892
1.0 0.503613 0.384201 0.015039 0.034375
1.0 0.516797 0.383333 0.017969 0.035417
1.0 0.456348 0.389583 0.011914 0.027778
1.0 0.530859 0.393229 0.006641 0.012153
1.0 0.544434 0.390799 0.006055 0.004514
1.0 0.488574 0.393056 0.002930 0.002778
1.0 0.476465 0.392014 0.003320 0.003472
1.0 0.462402 0.393056 0.002539 0.006944
1.0 0.472168 0.392187 0.003320 0.003125
1.0 0.495117 0.393229 0.003125 0.003819
1.0 0.526660 0.394618 0.002148 0.002431
1.0 0.537402 0.392187 0.003711 0.001736
1.0 0.532910 0.390451 0.002930 0.005208
0.0 0.523730 0.367378 0.012518 0.004576
0.0 0.511924 0.365326 0.014115 0.004892
1.0 0.595605 0.384201 0.015039 0.034375
1.0 0.582422 0.383333 0.017969 0.035417
1.0 0.642871 0.389583 0.011914 0.027778
1.0 0.568359 0.393229 0.006641 0.012153
1.0 0.554785 0.390799 0.006055 0.004514
1.0 0.610645 0.393056 0.002930 0.002778
1.0 0.622754 0.392014 0.003320 0.003472
1.0 0.636816 0.393056 0.002539 0.006944
1.0 0.627051 0.392187 0.003320 0.003125
1.0 0.604102 0.393229 0.003125 0.003819
1.0 0.572559 0.394618 0.002148 0.002431
1.0 0.561816 0.392187 0.003711 0.001736
1.0 0.566309 0.390451 0.002930 0.005208
0.0 0.575488 0.367378 0.012518 0.004576
0.0 0.587295 0.365326 0.014115 0.004892
1.0 0.702051 0.384201 0.015039 0.034375
1.0 0.715234 0.383333 0.017969 0.035417
1.0 0.654785 0.389583 0.011914 0.027778
1.0 0.729297 0.393229 0.006641 0.012153
1.0 0.742871 0.390799 0.006055 0.004514
1.0 0.687012 0.393056 0.002930 0.002778
1.0 0.674902 0.392014 0.003320 0.003472
1.0 0.660840 0.393056 0.002539 0.006944
1.0 0.670605 0.392187 0.003320 0.003125
1.0 0.693555 0.393229 0.003125 0.003819
1.0 0.725098 0.394618 0.002148 0.002431
1.0 0.735840 0.392187 0.003711 0.001736
1.0 0.731348 0.390451 0.002930 0.005208
0.0 0.722168 0.367378 0.012518 0.004576
0.0 0.710361 0.365326 0.014115 0.004892
1.0 0.794043 0.384201 0.015039 0.034375
1.0 0.780859 0.383333 0.017969 0.035417
1.0 0.841309 0.389583 0.011914 0.027778
1.0 0.766797 0.393229 0.006641 0.012153
1.0 0.753223 0.390799 0.006055 0.004514
1.0 0.809082 0.393056 0.002930 0.002778
1.0 0.821191 0.392014 0.003320 0.003472
1.0 0.835254 0.393056 0.002539 0.006944
1.0 0.825488 0.392187 0.003320 0.003125
1.0 0.802539 0.393229 0.003125 0.003819
1.0 0.770996 0.394618 0.002148 0.002431
1.0 0.760254 0.392187 0.003711 0.001736
1.0 0.764746 0.390451 0.002930 0.005208
0.0 0.773926 0.367378 0.012518 0.004576
0.0 0.785732 0.365326 0.014115 0.004892
1.0 0.900488 0.384201 0.015039 0.034375
1.0 0.913672 0.383333 0.017969 0.035417
1.0 0.853223 0.389583 0.011914 0.027778
1.0 0.927734 0.393229 0.006641 0.012153
1.0 0.941309 0.390799 0.006055 0.004514
1.0 0.885449 0.393056 0.002930 0.002778
1.0 0.873340 0.392014 0.003320 0.003472
1.0 0.859277 0.393056 0.002539 0.006944
1.0 0.869043 0.392187 0.003320 0.003125
1.0 0.891992 0.393229 0.003125 0.003819
1.0 0.923535 0.394618 0.002148 0.002431
1.0 0.934277 0.392187 0.003711 0.001736
1.0 0.929785 0.390451 0.002930 0.005208
0.0 0.920605 0.367378 0.012518 0.004576
0.0 0.908799 0.365326 0.014115 0.004892
1.0 0.992480 0.384201 0.015039 0.034375
1.0 0.979297 0.383333 0.017969 0.035417
1.0 0.965234 0.393229 0.006641 0.012153
1.0 0.951660 0.390799 0.006055 0.004514
1.0 0.999707 0.393229 0.000586 0.003819
1.0 0.969434 0.394618 0.002148 0.002431
1.0 0.958691 0.392187 0.003711 0.001736
1.0 0.963184 0.390451 0.002930 0.005208
0.0 0.972363 0.367378 0.012518 0.004576
0.0 0.984170 0.365326 0.014115 0.004892
1.0 0.003906 0.498437 0.007812 0.034375
1.0 0.047559 0.493056 0.011914 0.027778
1.0 0.015332 0.489583 0.002930 0.002778
1.0 0.027441 0.490625 0.003320 0.003472
1.0 0.041504 0.489583 0.002539 0.006944
1.0 0.031738 0.490451 0.003320 0.003125
1.0 0.008789 0.489410 0.003125 0.003819
1.0 0.106738 0.498437 0.015039 0.034375
1.0 0.119922 0.499306 0.017969 0.035417
1.0 0.059473 0.493056 0.011914 0.027778
1.0 0.133984 0.489410 0.006641 0.012153
1.0 0.147559 0.491840 0.006055 0.004514
1.0 0.091699 0.489583 0.002930 0.002778
1.0 0.079590 0.490625 0.003320 0.003472
1.0 0.065527 0.489583 0.002539 0.006944
1.0 0.075293 0.490451 0.003320 0.003125
1.0 0.098242 0.489410 0.003125 0.003819
1.0 0.129785 0.488021 0.002148 0.002431
1.0 0.140527 0.490451 0.003711 0.001736
1.0 0.136035 0.492188 0.002930 0.005208
0.0 0.126855 0.515260 0.012518 0.004576
0.0 0.115049 0.517313 0.014115 0.004892
1.0 0.198730 0.498437 0.015039 0.034375
1.0 0.185547 0.499306 0.017969 0.035417
1.0 0.245996 0.493056 0.011914 0.027778
1.0 0.171484 0.489410 0.006641 0.012153
1.0 0.157910 0.491840 0.006055 0.004514
1.0 0.213770 0.489583 0.002930 0.002778
1.0 0.225879 0.490625 0.003320 0.003472
1.0 0.239941 0.489583 0.002539 0.006944
1.0 0.230176 0.490451 0.003320 0.003125
1.0 0.207227 0.489410 0.003125 0.003819
1.0 0.175684 0.488021 0.002148 0.002431
1.0 0.164941 0.490451 0.003711 0.001736
1.0 0.169434 0.492188 0.002930 0.005208
0.0 0.178613 0.515260 0.012518 0.004576
0.0 0.190420 0.517313 0.014115 0.004892
1.0 0.305176 0.498437 0.015039 0.034375
1.0 0.318359 0.499306 0.017969 0.035417
1.0 0.257910 0.493056 0.011914 0.027778
1.0 0.332422 0.489410 0.006641 0.012153
1.0 0.345996 0.491840 0.006055 0.004514
1.0 0.290137 0.489583 0.002930 0.002778
1.0 0.278027 0.490625 0.003320 0.003472
1.0 0.263965 0.489583 0.002539 0.006944
1.0 0.273730 0.490451 0.003320 0.003125
1.0 0.296680 0.489410 0.003125 0.003819
1.0 0.328223 0.488021 0.002148 0.002431
1.0 0.338965 0.490451 0.003711 0.001736
1.0 0.334473 0.492188 0.002930 0.005208
0.0 0.325293 0.515260 0.012518 0.004576
0.0 0.313486 0.517313 0.014115 0.004892
1.0 0.397168 0.498437 0.015039 0.034375
1.0 0.383984 0.499306 0.017969 0.035417
1.0 0.444434 0.493056 0.011914 0.027778
1.0 0.369922 0.489410 0.006641 0.012153
1.0 0.356348 0.491840 0.006055 0.004514
1.0 0.412207 0.489583 0.002930 0.002778
1.0 0.424316 0.490625 0.003320 0.003472
1.0 0.438379 0.489583 0.002539 0.006944
1.0 0.428613 0.490451 0.003320 0.003125
1.0 0.405664 0.489410 0.003125 0.003819
1.0 0.374121 0.488021 0.002148 0.002431
1.0 0.363379 0.490451 0.003711 0.001736
1.0 0.367871 0.492188 0.002930 0.005208
0.0 0.377051 0.515260 0.012518 0.004576
0.0 0.388857 0.517313 0.014115 0.004892
1.0 0.503613 0.498437 0.015039 0.034375
1.0 0.516797 0.499306 0.017969 0.035417
1.0 0.456348 0.493056 0.011914 0.027778
1.0 0.530859 0.489410 0.006641 0.012153
1.0 0.544434 0.491840 0.006055 0.004514
1.0 0.488574 0.489583 0.002930 0.002778
1.0 0.476465 0.490625 0.003320 0.003472
1.0 0.462402 0.489583 0.002539 0.006944
1.0 0.472168 0.490451 0.003320 0.003125
1.0 0.495117 0.489410 0.003125 0.003819
1.0 0.526660 0.488021 0.002148 0.002431
1.0 0.537402 0.490451 0.003711 0.001736
1.0 0.532910 0.492188 0.002930 0.005208
0.0 0.523730 0.515260 0.012518 0.004576
0.0 0.511924 0.517313 0.014115 0.004892
1.0 0.595605 0.498437 0.015039 0.034375
1.0 0.582422 0.499306 0.017969 0.035417
1.0 0.642871 0.493056 0.011914 0.027778
1.0 0.568359 0.489410 0.006641 0.012153
1.0 0.554785 0.491840 0.006055 0.004514
1.0 0.610645 0.489583 0.002930 0.002778
1.0 0.622754 0.490625 0.003320 0.003472
1.0 0.636816 0.489583 0.002539 0.006944
1.0 0.627051 0.490451 0.003320 0.003125
1.0 0.604102 0.489410 0.003125 0.003819
1.0 0.572559 0.488021 0.002148 0.002431
1.0 0.561816 0.490451 0.003711 0.001736
1.0 0.566309 0.492188 0.002930 0.005208
0.0 0.575488 0.515260 0.012518 0.004576
0.0 0.587295 0.517313 0.014115 0.004892
1.0 0.702051 0.498437 0.015039 0.034375
1.0 0.715234 0.499306 0.017969 0.035417
1.0 0.654785 0.493056 0.011914 0.027778
1.0 0.729297 0.489410 0.006641 0.012153
1.0 0.742871 0.491840 0.006055 0.004514
1.0 0.687012 0.489583 0.002930 0.002778
1.0 0.674902 0.490625 0.003320 0.003472
1.0 0.660840 0.489583 0.002539 0.006944
1.0 0.670605 0.490451 0.003320 0.003125
1.0 0.693555 0.489410 0.003125 0.003819
1.0 0.725098 0.488021 0.002148 0.002431
1.0 0.735840 0.490451 0.003711 0.001736
1.0 0.731348 0.492188 0.002930 0.005208
0.0 0.722168 0.515260 0.012518 0.004576
0.0 0.710361 0.517313 0.014115 0.004892
1.0 0.794043 0.498437 0.015039 0.034375
1.0 0.780859 0.499306 0.017969 0.035417
1.0 0.841309 0.493056 0.011914 0.027778
1.0 0.766797 0.489410 0.006641 0.012153
1.0 0.753223 0.491840 0.006055 0.004514
1.0 0.809082 0.489583 0.002930 0.002778
1.0 0.821191 0.490625 0.003320 0.003472
1.0 0.835254 0.489583 0.002539 0.006944
1.0 0.825488 0.490451 0.003320 0.003125
1.0 0.802539 0.489410 0.003125 0.003819
1.0 0.770996 0.488021 0.002148 0.002431
1.0 0.760254 0.490451 0.003711 0.001736
1.0 0.764746 0.492188 0.002930 0.005208
0.0 0.773926 0.515260 0.012518 0.004576
0.0 0.785732 0.517313 0.014115 0.004892
1.0 0.900488 0.498437 0.015039 0.034375
1.0 0.913672 0.499306 0.017969 0.035417
1.0 0.853223 0.493056 0.011914 0.027778
1.0 0.927734 0.489410 0.006641 0.012153
1.0 0.941309 0.491840 0.006055 0.004514
1.0 0.885449 0.489583 0.002930 0.002778
1.0 0.873340 0.490625 0.003320 0.003472
1.0 0.859277 0.489583 0.002539 0.006944
1.0 0.869043 0.490451 0.003320 0.003125
1.0 0.891992 0.489410 0.003125 0.003819
1.0 0.923535 0.488021 0.002148 0.002431
1.0 0.934277 0.490451 0.003711 0.001736
1.0 0.929785 0.492188 0.002930 0.005208
0.0 0.920605 0.515260 0.012518 0.004576
0.0 0.908799 0.517313 0.014115 0.004892
1.0 0.992480 0.498437 0.015039 0.034375
1.0 0.979297 0.499306 0.017969 0.035417
1.0 0.965234 0.489410 0.006641 0.012153
1.0 0.951660 0.491840 0.006055 0.004514
1.0 0.999707 0.489410 0.000586 0.003819
1.0 0.969434 0.488021 0.002148 0.002431
1.0 0.958691 0.490451 0.003711 0.001736
1.0 0.963184 0.492188 0.002930 0.005208
0.0 0.972363 0.515260 0.012518 0.004576
0.0 0.984170 0.517313 0.014115 0.004892
1.0 0.003906 0.618924 0.007812 0.034375
1.0 0.047559 0.624306 0.011914 0.027778
1.0 0.015332 0.627778 0.002930 0.002778
1.0 0.027441 0.626736 0.003320 0.003472
1.0 0.041504 0.627778 0.002539 0.006944
1.0 0.031738 0.626910 0.003320 0.003125
1.0 0.008789 0.627951 0.003125 0.003819
1.0 0.106738 0.618924 0.015039 0.034375
1.0 0.119922 0.618056 0.017969 0.035417
1.0 0.059473 0.624306 0.011914 0.027778
1.0 0.133984 0.627951 0.006641 0.012153
1.0 0.147559 0.625521 0.006055 0.004514
1.0 0.091699 0.627778 0.002930 0.002778
1.0 0.079590 0.626736 0.003320 0.003472
1.0 0.065527 0.627778 0.002539 0.006944
1.0 0.075293 0.626910 0.003320 0.003125
1.0 0.098242 0.627951 0.003125 0.003819
1.0 0.129785 0.629340 0.002148 0.002431
1.0 0.140527 0.626910 0.003711 0.001736
1.0 0.136035 0.625174 0.002930 0.005208
0.0 0.126855 0.602101 0.012518 0.004576
0.0 0.115049 0.600049 0.014115 0.004892
1.0 0.198730 0.618924 0.015039 0.034375
1.0 0.185547 0.618056 0.017969 0.035417
1.0 0.245996 0.624306 0.011914 0.027778
1.0 0.171484 0.627951 0.006641 0.012153
1.0 0.157910 0.625521 0.006055 0.004514
1.0 0.213770 0.627778 0.002930 0.002778
1.0 0.225879 0.626736 0.003320 0.003472
1.0 0.239941 0.627778 0.002539 0.006944
1.0 0.230176 0.626910 0.003320 0.003125
1.0 0.207227 0.627951 0.003125 0.003819
1.0 0.175684 0.629340 0.002148 0.002431
1.0 0.164941 0.626910 0.003711 0.001736
1.0 0.169434 0.625174 0.002930 0.005208
0.0 0.178613 0.602101 0.012518 0.004576
0.0 0.190420 0.600049 0.014115 0.004892
1.0 0.305176 0.618924 0.015039 0.034375
1.0 0.318359 0.618056 0.017969 0.035417
1.0 0.257910 0.624306 0.011914 0.027778
1.0 0.332422 0.627951 0.006641 0.012153
1.0 0.345996 0.625521 0.006055 0.004514
1.0 0.290137 0.627778 0.002930 0.002778
1.0 0.278027 0.626736 0.003320 0.003472
1.0 0.263965 0.627778 0.002539 0.006944
1.0 0.273730 0.626910 0.003320 0.003125
1.0 0.296680 0.627951 0.003125 0.003819
1.0 0.328223 0.629340 0.002148 0.002431
1.0 0.338965 0.626910 0.003711 0.001736
1.0 0.334473 0.625174 0.002930 0.005208
0.0 0.325293 0.602101 0.012518 0.004576
0.0 0.313486 0.600049 0.014115 0.004892
1.0 0.397168 0.618924 0.015039 0.034375
1.0 0.383984 0.618056 0.017969 0.035417
1.0 0.444434 0.624306 0.011914 0.027778
1.0 0.369922 0.627951 0.006641 0.012153
1.0 0.356348 0.625521 0.006055 0.004514
1.0 0.412207 0.627778 0.002930 0.002778
1.0 0.424316 0.626736 0.003320 0.003472
1.0 0.438379 0.627778 0.002539 0.006944
1.0 0.428613 0.626910 0.003320 0.003125
1.0 0.405664 0.627951 0.003125 0.003819
1.0 0.374121 0.629340 0.002148 0.002431
1.0 0.363379 0.626910 0.003711 0.001736
1.0 0.367871 0.625174 0.002930 0.005208
0.0 0.377051 0.602101 0.012518 0.004576
0.0 0.388857 0.600049 0.014115 0.004892
1.0 0.503613 0.618924 0.015039 0.034375
1.0 0.516797 0.618056 0.017969 0.035417
1.0 0.456348 0.624306 0.011914 0.027778
1.0 0.530859 0.627951 0.006641 0.012153
1.0 0.544434 0.625521 0.006055 0.004514
1.0 0.488574 0.627778 0.002930 0.002778
1.0 0.476465 0.626736 0.003320 0.003472
1.0 0.462402 0.627778 0.002539 0.006944
1.0 0.472168 0.626910 0.003320 0.003125
1.0 0.495117 0.627951 0.003125 0.003819
1.0 0.526660 0.629340 0.002148 0.002431
1.0 0.537402 0.626910 0.003711 0.001736
1.0 0.532910 0.625174 0.002930 0.005208
0.0 0.523730 0.602101 0.012518 0.004576
0.0 0.511924 0.600049 0.014115 0.004892
1.0 0.595605 0.618924 0.015039 0.034375
1.0 0.582422 0.618056 0.017969 0.035417
1.0 0.642871 0.624306 0.011914 0.027778
1.0 0.568359 0.627951 0.006641 0.012153
1.0 0.554785 0.625521 0.006055 0.004514
1.0 0.610645 0.627778 0.002930 0.002778
1.0 0.622754 0.626736 0.003320 0.003472
1.0 0.636816 0.627778 0.002539 0.006944
1.0 0.627051 0.626910 0.003320 0.003125
1.0 0.604102 0.627951 0.003125 0.003819
1.0 0.572559 0.629340 0.002148 0.002431
1.0 0.561816 0.626910 0.003711 0.001736
1.0 0.566309 0.625174 0.002930 0.005208
0.0 0.575488 0.602101 0.012518 0.004576
0.0 0.587295 0.600049 0.014115 0.004892
1.0 0.702051 0.618924 0.015039 0.034375
1.0 0.715234 0.618056 0.017969 0.035417
1.0 0.654785 0.624306 0.011914 0.027778
1.0 0.729297 0.627951 0.006641 0.012153
1.0 0.742871 0.625521 0.006055 0.004514
1.0 0.687012 0.627778 0.002930 0.002778
1.0 0.674902 0.626736 0.003320 0.003472
1.0 0.660840 0.627778 0.002539 0.006944
1.0 0.670605 0.626910 0.003320 0.003125
1.0 0.693555 0.627951 0.003125 0.003819
1.0 0.725098 0.629340 0.002148 0.002431
1.0 0.735840 0.626910 0.003711 0.001736
1.0 0.731348 0.625174 0.002930 0.005208
0.0 0.722168 0.602101 0.012518 0.004576
0.0 0.710361 0.600049 0.014115 0.004892
1.0 0.794043 0.618924 0.015039 0.034375
1.0 0.780859 0.618056 0.017969 0.035417
1.0 0.841309 0.624306 0.011914 0.027778
1.0 0.766797 0.627951 0.006641 0.012153
1.0 0.753223 0.625521 0.006055 0.004514
1.0 0.809082 0.627778 0.002930 0.002778
1.0 0.821191 0.626736 0.003320 0.003472
1.0 0.835254 0.627778 0.002539 0.006944
1.0 0.825488 0.626910 0.003320 0.003125
1.0 0.802539 0.627951 0.003125 0.003819
1.0 0.770996 0.629340 0.002148 0.002431
1.0 0.760254 0.626910 0.003711 0.001736
1.0 0.764746 0.625174 0.002930 0.005208
0.0 0.773926 0.602101 0.012518 0.004576
0.0 0.785732 0.600049 0.014115 0.004892
1.0 0.900488 0.618924 0.015039 0.034375
1.0 0.913672 0.618056 0.017969 0.035417
1.0 0.853223 0.624306 0.011914 0.027778
1.0 0.927734 0.627951 0.006641 0.012153
1.0 0.941309 0.625521 0.006055 0.004514
1.0 0.885449 0.627778 0.002930 0.002778
1.0 0.873340 0.626736 0.003320 0.003472
1.0 0.859277 0.627778 0.002539 0.006944
1.0 0.869043 0.626910 0.003320 0.003125
1.0 0.891992 0.627951 0.003125 0.003819
1.0 0.923535 0.629340 0.002148 0.002431
1.0 0.934277 0.626910 0.003711 0.001736
1.0 0.929785 0.625174 0.002930 0.005208
0.0 0.920605 0.602101 0.012518 0.004576
0.0 0.908799 0.600049 0.014115 0.004892
1.0 0.992480 0.618924 0.015039 0.034375
1.0 0.979297 0.618056 0.017969 0.035417
1.0 0.965234 0.627951 0.006641 0.012153
1.0 0.951660 0.625521 0.006055 0.004514
1.0 0.999707 0.627951 0.000586 0.003819
1.0 0.969434 0.629340 0.002148 0.002431
1.0 0.958691 0.626910 0.003711 0.001736
1.0 0.963184 0.625174 0.002930 0.005208
0.0 0.972363 0.602101 0.012518 0.004576
0.0 0.984170 0.600049 0.014115 0.004892
1.0 0.003906 0.733160 0.007812 0.034375
1.0 0.047559 0.727778 0.011914 0.027778
1.0 0.015332 0.724306 0.002930 0.002778
1.0 0.027441 0.725347 0.003320 0.003472
1.0 0.041504 0.724306 0.002539 0.006944
1.0 0.031738 0.725174 0.003320 0.003125
1.0 0.008789 0.724132 0.003125 0.003819
1.0 0.106738 0.733160 0.015039 0.034375
1.0 0.119922 0.734028 0.017969 0.035417
1.0 0.059473 0.727778 0.011914 0.027778
1.0 0.133984 0.724132 0.006641 0.012153
1.0 0.147559 0.726563 0.006055 0.004514
1.0 0.091699 0.724306 0.002930 0.002778
1.0 0.079590 0.725347 0.003320 0.003472
1.0 0.065527 0.724306 0.002539 0.006944
1.0 0.075293 0.725174 0.003320 0.003125
1.0 0.098242 0.724132 0.003125 0.003819
1.0 0.129785 0.722743 0.002148 0.002431
1.0 0.140527 0.725174 0.003711 0.001736
1.0 0.136035 0.726910 0.002930 0.005208
0.0 0.126855 0.749983 0.012518 0.004576
0.0 0.115049 0.752035 0.014115 0.004892
1.0 0.198730 0.733160 0.015039 0.034375
1.0 0.185547 0.734028 0.017969 0.035417
1.0 0.245996 0.727778 0.011914 0.027778
1.0 0.171484 0.724132 0.006641 0.012153
1.0 0.157910 0.726563 0.006055 0.004514
1.0 0.213770 0.724306 0.002930 0.002778
1.0 0.225879 0.725347 0.003320 0.003472
1.0 0.239941 0.724306 0.002539 0.006944
1.0 0.230176 0.725174 0.003320 0.003125
1.0 0.207227 0.724132 0.003125 0.003819
1.0 0.175684 0.722743 0.002148 0.002431
1.0 0.164941 0.725174 0.003711 0.001736
1.0 0.169434 0.726910 0.002930 0.005208
0.0 0.178613 0.749983 0.012518 0.004576
0.0 0.190420 0.752035 0.014115 0.004892
1.0 0.305176 0.733160 0.015039 0.034375
1.0 0.318359 0.734028 0.017969 0.035417
1.0 0.257910 0.727778 0.011914 0.027778
1.0 0.332422 0.724132 0.006641 0.012153
1.0 0.345996 0.726563 0.006055 0.004514
1.0 0.290137 0.724306 0.002930 0.002778
1.0 0.278027 0.725347 0.003320 0.003472
1.0 0.263965 0.724306 0.002539 0.006944
1.0 0.273730 0.725174 0.003320 0.003125
1.0 0.296680 0.724132 0.003125 0.003819
1.0 0.328223 0.722743 0.002148 0.002431
1.0 0.338965 0.725174 0.003711 0.001736
1.0 0.334473 0.726910 0.002930 0.005208
0.0 0.325293 0.749983 0.012518 0.004576
0.0 0.313486 0.752035 0.014115 0.004892
1.0 0.397168 0.733160 0.015039 0.034375
1.0 0.383984 0.734028 0.017969 0.035417
1.0 0.444434 0.727778 0.011914 0.027778
1.0 0.369922 0.724132 0.006641 0.012153
1.0 0.356348 0.726563 0.006055 0.004514
1.0 0.412207 0.724306 0.002930 0.002778
1.0 0.424316 0.725347 0.003320 0.003472
1.0 0.438379 0.724306 0.002539 0.006944
1.0 0.428613 0.725174 0.003320 0.003125
1.0 0.405664 0.724132 0.003125 0.003819
1.0 0.374121 0.722743 0.002148 0.002431
1.0 0.363379 0.725174 0.003711 0.001736
1.0 0.367871 0.726910 0.002930 0.005208
0.0 0.377051 0.749983 0.012518 0.004576
0.0 0.388857 0.752035 0.014115 0.004892
1.0 0.503613 0.733160 0.015039 0.034375
1.0 0.516797 0.734028 0.017969 0.035417
1.0 0.456348 0.727778 0.011914 0.027778
1.0 0.530859 0.724132 0.006641 0.012153
1.0 0.544434 0.726563 0.006055 0.004514
1.0 0.488574 0.724306 0.002930 0.002778
1.0 0.476465 0.725347 0.003320 0.003472
1.0 0.462402 0.724306 0.002539 0.006944
1.0 0.472168 0.725174 0.003320 0.003125
1.0 0.495117 0.724132 0.003125 0.003819
1.0 0.526660 0.722743 0.002148 0.002431
1.0 0.537402 0.725174 0.003711 0.001736
1.0 0.532910 0.726910 0.002930 0.005208
0.0 0.523730 0.749983 0.012518 0.004576
0.0 0.511924 0.752035 0.014115 0.004892
1.0 0.595605 0.733160 0.015039 0.034375
1.0 0.582422 0.734028 0.017969 0.035417
1.0 0.642871 0.727778 0.011914 0.027778
1.0 0.568359 0.724132 0.006641 0.012153
1.0 0.554785 0.726563 0.006055 0.004514
1.0 0.610645 0.724306 0.002930 0.002778
1.0 0.622754 0.725347 0.003320 0.003472
1.0 0.636816 0.724306 0.002539 0.006944
1.0 0.627051 0.725174 0.003320 0.003125
1.0 0.604102 0.724132 0.003125 0.003819
1.0 0.572559 0.722743 0.002148 0.002431
1.0 0.561816 0.725174 0.003711 0.001736
1.0 0.566309 0.726910 0.002930 0.005208
0.0 0.575488 0.749983 0.012518 0.004576
0.0 0.587295 0.752035 0.014115 0.004892
1.0 0.702051 0.733160 0.015039 0.034375
1.0 0.715234 0.734028 0.017969 0.035417
1.0 0.654785 0.727778 0.011914 0.027778
1.0 0.729297 0.724132 0.006641 0.012153
1.0 0.742871 0.726563 0.006055 0.004514
1.0 0.687012 0.724306 0.002930 0.002778
1.0 0.674902 0.725347 0.003320 0.003472
1.0 0.660840 0.724306 0.002539 0.006944
1.0 0.670605 0.725174 0.003320 0.003125
1.0 0.693555 0.724132 0.003125 0.003819
1.0 0.725098 0.722743 0.002148 0.002431
1.0 0.735840 0.725174 0.003711 0.001736
1.0 0.731348 0.726910 0.002930 0.005208
0.0 0.722168 0.749983 0.012518 0.004576
0.0 0.710361 0.752035 0.014115 0.004892
1.0 0.794043 0.733160 0.015039 0.034375
1.0 0.780859 0.734028 0.017969 0.035417
1.0 0.841309 0.727778 0.011914 0.027778
1.0 0.766797 0.724132 0.006641 0.012153
1.0 0.753223 0.726563 0.006055 0.004514
1.0 0.809082 0.724306 0.002930 0.002778
1.0 0.821191 0.725347 0.003320 0.003472
1.0 0.835254 0.724306 0.002539 0.006944
1.0 0.825488 0.725174 0.003320 0.003125
1.0 0.802539 0.724132 0.003125 0.003819
1.0 0.770996 0.722743 0.002148 0.002431
1.0 0.760254 0.725174 0.003711 0.001736
1.0 0.764746 0.726910 0.002930 0.005208
0.0 0.773926 0.749983 0.012518 0.004576
0.0 0.785732 0.752035 0.014115 0.004892
1.0 0.900488 0.733160 0.015039 0.034375
1.0 0.913672 0.734028 0.017969 0.035417
1.0 0.853223 0.727778 0.011914 0.027778
1.0 0.927734 0.724132 0.006641 0.012153
1.0 0.941309 0.726563 0.006055 0.004514
1.0 0.885449 0.724306 0.002930 0.002778
1.0 0.873340 0.725347 0.003320 0.003472
1.0 0.859277 0.724306 0.002539 0.006944
1.0 0.869043 0.725174 0.003320 0.003125
1.0 0.891992 0.724132 0.003125 0.003819
1.0 0.923535 0.722743 0.002148 0.002431
1.0 0.934277 0.725174 0.003711 0.001736
1.0 0.929785 0.726910 0.002930 0.005208
0.0 0.920605 0.749983 0.012518 0.004576
0.0 0.908799 0.752035 0.014115 0.004892
1.0 0.992480 0.733160 0.015039 0.034375
1.0 0.979297 0.734028 0.017969 0.035417
1.0 0.965234 0.724132 0.006641 0.012153
1.0 0.951660 0.726563 0.006055 0.004514
1.0 0.999707 0.724132 0.000586 0.003819
1.0 0.969434 0.722743 0.002148 0.002431
1.0 0.958691 0.725174 0.003711 0.001736
1.0 0.963184 0.726910 0.002930 0.005208
0.0 0.972363 0.749983 0.012518 0.004576
0.0 0.984170 0.752035 0.014115 0.004892
1.0 0.003906 0.853646 0.007812 0.034375
1.0 0.047559 0.859028 0.011914 0.027778
1.0 0.015332 0.862500 0.002930 0.002778
1.0 0.027441 0.861458 0.003320 0.003472
1.0 0.041504 0.862500 0.002539 0.006944
1.0 0.031738 0.861632 0.003320 0.003125
1.0 0.008789 0.862674 0.003125 0.003819
1.0 0.106738 0.853646 0.015039 0.034375
1.0 0.119922 0.852778 0.017969 0.035417
1.0 0.059473 0.859028 0.011914 0.027778
1.0 0.133984 0.862674 0.006641 0.012153
1.0 0.147559 0.860243 0.006055 0.004514
1.0 0.091699 0.862500 0.002930 0.002778
1.0 0.079590 0.861458 0.003320 0.003472
1.0 0.065527 0.862500 0.002539 0.006944
1.0 0.075293 0.861632 0.003320 0.003125
1.0 0.098242 0.862674 0.003125 0.003819
1.0 0.129785 0.864063 0.002148 0.002431
1.0 0.140527 0.861632 0.003711 0.001736
1.0 0.136035 0.859896 0.002930 0.005208
0.0 0.126855 0.836823 0.012518 0.004576
0.0 0.115049 0.834771 0.014115 0.004892
1.0 0.198730 0.853646 0.015039 0.034375
1.0 0.185547 0.852778 0.017969 0.035417
1.0 0.245996 0.859028 0.011914 0.027778
1.0 0.171484 0.862674 0.006641 0.012153
1.0 0.157910 0.860243 0.006055 0.004514
1.0 0.213770 0.862500 0.002930 0.002778
1.0 0.225879 0.861458 0.003320 0.003472
1.0 0.239941 0.862500 0.002539 0.006944
1.0 0.230176 0.861632 0.003320 0.003125
1.0 0.207227 0.862674 0.003125 0.003819
1.0 0.175684 0.864063 0.002148 0.002431
1.0 0.164941 0.861632 0.003711 0.001736
1.0 0.169434 0.859896 0.002930 0.005208
0.0 0.178613 0.836823 0.012518 0.004576
0.0 0.190420 0.834771 0.014115 0.004892
1.0 0.305176 0.853646 0.015039 0.034375
1.0 0.318359 0.852778 0.017969 0.035417
1.0 0.257910 0.859028 0.011914 0.027778
1.0 0.332422 0.862674 0.006641 0.012153
1.0 0.345996 0.860243 0.006055 0.004514
1.0 0.290137 0.862500 0.002930 0.002778
1.0 0.278027 0.861458 0.003320 0.003472
1.0 0.263965 0.862500 0.002539 0.006944
1.0 0.273730 0.861632 0.003320 0.003125
1.0 0.296680 0.862674 0.003125 0.003819
1.0 0.328223 0.864063 0.002148 0.002431
1.0 0.338965 0.861632 0.003711 0.001736
1.0 0.334473 0.859896 0.002930 0.005208
0.0 0.325293 0.836823 0.012518 0.004576
0.0 0.313486 0.834771 0.014115 0.004892
1.0 0.397168 0.853646 0.015039 0.034375
1.0 0.383984 0.852778 0.017969 0.035417
1.0 0.444434 0.859028 0.011914 0.027778
1.0 0.369922 0.862674 0.006641 0.012153
1.0 0.356348 0.860243 0.006055 0.004514
1.0 0.412207 0.862500 0.002930 0.002778
1.0 0.424316 0.861458 0.003320 0.003472
1.0 0.438379 0.862500 0.002539 0.006944
1.0 0.428613 0.861632 0.003320 0.003125
1.0 0.405664 0.862674 0.003125 0.003819
1.0 0.374121 0.864063 0.002148 0.002431
1.0 0.363379 0.861632 0.003711 0.001736
1.0 0.367871 0.859896 0.002930 0.005208
0.0 0.377051 0.836823 0.012518 0.004576
0.0 0.388857 0.834771 0.014115 0.004892
1.0 0.503613 0.853646 0.015039 0.034375
1.0 0.516797 0.852778 0.017969 0.035417
1.0 0.456348 0.859028 0.011914 0.027778
1.0 0.530859 0.862674 0.006641 0.012153
1.0 0.544434 0.860243 0.006055 0.004514
1.0 0.488574 0.862500 0.002930 0.002778
1.0 0.476465 0.861458 0.003320 0.003472
1.0 0.462402 0.862500 0.002539 0.006944
1.0 0.472168 0.861632 0.003320 0.003125
1.0 0.495117 0.862674 0.003125 0.003819
1.0 0.526660 0.864063 0.002148 0.002431
1.0 0.537402 0.861632 0.003711 0.001736
1.0 0.532910 0.859896 0.002930 0.005208
0.0 0.523730 0.836823 0.012518 0.004576
0.0 0.511924 0.834771 0.014115 0.004892
1.0 0.595605 0.853646 0.015039 0.034375
1.0 0.582422 0.852778 0.017969 0.035417
1.0 0.642871 0.859028 0.011914 0.027778
1.0 0.568359 0.862674 0.006641 0.012153
1.0 0.554785 0.860243 0.006055 0.004514
1.0 0.610645 0.862500 0.002930 0.002778
1.0 0.622754 0.861458 0.003320 0.003472
1.0 0.636816 0.862500 0.002539 0.006944
1.0 0.627051 0.861632 0.003320 0.003125
1.0 0.604102 0.862674 0.003125 0.003819
1.0 0.572559 0.864063 0.002148 0.002431
1.0 0.561816 0.861632 0.003711 0.001736
1.0 0.566309 0.859896 0.002930 0.005208
0.0 0.575488 0.836823 0.012518 0.004576
0.0 0.587295 0.834771 0.014115 0.004892
1.0 0.702051 0.853646 0.015039 0.034375
1.0 0.715234 0.852778 0.017969 0.035417
1.0 0.654785 0.859028 0.011914 0.027778
1.0 0.729297 0.862674 0.006641 0.012153
1.0 0.742871 0.860243 0.006055 0.004514
1.0 0.687012 0.862500 0.002930 0.002778
1.0 0.674902 0.861458 0.003320 0.003472
1.0 0.660840 0.862500 0.002539 0.006944
1.0 0.670605 0.861632 0.003320 0.003125
1.0 0.693555 0.862674 0.003125 0.003819
1.0 0.725098 0.864063 0.002148 0.002431
1.0 0.735840 0.861632 0.003711 0.001736
1.0 0.731348 0.859896 0.002930 0.005208
0.0 0.722168 0.836823 0.012518 0.004576
0.0 0.710361 0.834771 0.014115 0.004892
1.0 0.794043 0.853646 0.015039 0.034375
1.0 0.780859 0.852778 0.017969 0.035417
1.0 0.841309 0.859028 0.011914 0.027778
1.0 0.766797 0.862674 0.006641 0.012153
1.0 0.753223 0.860243 0.006055 0.004514
1.0 0.809082 0.862500 0.002930 0.002778
1.0 0.821191 0.861458 0.003320 0.003472
1.0 0.835254 0.862500 0.002539 0.006944
1.0 0.825488 0.861632 0.003320 0.003125
1.0 0.802539 0.862674 0.003125 0.003819
1.0 0.770996 0.864063 0.002148 0.002431
1.0 0.760254 0.861632 0.003711 0.001736
1.0 0.764746 0.859896 0.002930 0.005208
0.0 0.773926 0.836823 0.012518 0.004576
0.0 0.785732 0.834771 0.014115 0.004892
1.0 0.900488 0.853646 0.015039 0.034375
1.0 0.913672 0.852778 0.017969 0.035417
1.0 0.853223 0.859028 0.011914 0.027778
1.0 0.927734 0.862674 0.006641 0.012153
1.0 0.941309 0.860243 0.006055 0.004514
1.0 0.885449 0.862500 0.002930 0.002778
1.0 0.873340 0.861458 0.003320 0.003472
1.0 0.859277 0.862500 0.002539 0.006944
1.0 0.869043 0.861632 0.003320 0.003125
1.0 0.891992 0.862674 0.003125 0.003819
1.0 0.923535 0.864063 0.002148 0.002431
1.0 0.934277 0.861632 0.003711 0.001736
1.0 0.929785 0.859896 0.002930 0.005208
0.0 0.920605 0.836823 0.012518 0.004576
0.0 0.908799 0.834771 0.014115 0.004892
1.0 0.992480 0.853646 0.015039 0.034375
1.0 0.979297 0.852778 0.017969 0.035417
1.0 0.965234 0.862674 0.006641 0.012153
1.0 0.951660 0.860243 0.006055 0.004514
1.0 0.999707 0.862674 0.000586 0.003819
1.0 0.969434 0.864063 0.002148 0.002431
1.0 0.958691 0.861632 0.003711 0.001736
1.0 0.963184 0.859896 0.002930 0.005208
0.0 0.972363 0.836823 0.012518 0.004576
0.0 0.984170 0.834771 0.014115 0.004892
1.0 0.003906 0.967882 0.007812 0.034375
1.0 0.047559 0.962500 0.011914 0.027778
1.0 0.015332 0.959028 0.002930 0.002778
1.0 0.027441 0.960069 0.003320 0.003472
1.0 0.041504 0.959028 0.002539 0.006944
1.0 0.031738 0.959896 0.003320 0.003125
1.0 0.008789 0.958854 0.003125 0.003819
1.0 0.106738 0.967882 0.015039 0.034375
1.0 0.119922 0.968750 0.017969 0.035417
1.0 0.059473 0.962500 0.011914 0.027778
1.0 0.133984 0.958854 0.006641 0.012153
1.0 0.147559 0.961285 0.006055 0.004514
1.0 0.091699 0.959028 0.002930 0.002778
1.0 0.079590 0.960069 0.003320 0.003472
1.0 0.065527 0.959028 0.002539 0.006944
1.0 0.075293 0.959896 0.003320 0.003125
1.0 0.098242 0.958854 0.003125 0.003819
1.0 0.129785 0.957465 0.002148 0.002431
1.0 0.140527 0.959896 0.003711 0.001736
1.0 0.136035 0.961632 0.002930 0.005208
0.0 0.126855 0.984705 0.012518 0.004576
0.0 0.115049 0.986757 0.014115 0.004892
1.0 0.198730 0.967882 0.015039 0.034375
1.0 0.185547 0.968750 0.017969 0.035417
1.0 0.245996 0.962500 0.011914 0.027778
1.0 0.171484 0.958854 0.006641 0.012153
1.0 0.157910 0.961285 0.006055 0.004514
1.0 0.213770 0.959028 0.002930 0.002778
1.0 0.225879 0.960069 0.003320 0.003472
1.0 0.239941 0.959028 0.002539 0.006944
1.0 0.230176 0.959896 0.003320 0.003125
1.0 0.207227 0.958854 0.003125 0.003819
1.0 0.175684 0.957465 0.002148 0.002431
1.0 0.164941 0.959896 0.003711 0.001736
1.0 0.169434 0.961632 0.002930 0.005208
0.0 0.178613 0.984705 0.012518 0.004576
0.0 0.190420 0.986757 0.014115 0.004892
1.0 0.305176 0.967882 0.015039 0.034375
1.0 0.318359 0.968750 0.017969 0.035417
1.0 0.257910 0.962500 0.011914 0.027778
1.0 0.332422 0.958854 0.006641 0.012153
1.0 0.345996 0.961285 0.006055 0.004514
1.0 0.290137 0.959028 0.002930 0.002778
1.0 0.278027 0.960069 0.003320 0.003472
1.0 0.263965 0.959028 0.002539 0.006944
1.0 0.273730 0.959896 0.003320 0.003125
1.0 0.296680 0.958854 0.003125 0.003819
1.0 0.328223 0.957465 0.002148 0.002431
1.0 0.338965 0.959896 0.003711 0.001736
1.0 0.334473 0.961632 0.002930 0.005208
0.0 0.325293 0.984705 0.012518 0.004576
0.0 0.313486 0.986757 0.014115 0.004892
1.0 0.397168 0.967882 0.015039 0.034375
1.0 0.383984 0.968750 0.017969 0.035417
1.0 0.444434 0.962500 0.011914 0.027778
1.0 0.369922 0.958854 0.006641 0.012153
1.0 0.356348 0.961285 0.006055 0.004514
1.0 0.412207 0.959028 0.002930 0.002778
1.0 0.424316 0.960069 0.003320 0.003472
1.0 0.438379 0.959028 0.002539 0.006944
1.0 0.428613 0.959896 0.003320 0.003125
1.0 0.405664 0.958854 0.003125 0.003819
1.0 0.374121 0.957465 0.002148 0.002431
1.0 0.363379 0.959896 0.003711 0.001736
1.0 0.367871 0.961632 0.002930 0.005208
0.0 0.377051 0.984705 0.012518 0.004576
0.0 0.388857 0.986757 0.014115 0.004892
1.0 0.503613 0.967882 0.015039 0.034375
1.0 0.516797 0.968750 0.017969 0.035417
1.0 0.456348 0.962500 0.011914 0.027778
1.0 0.530859 0.958854 0.006641 0.012153
1.0 0.544434 0.961285 0.006055 0.004514
1.0 0.488574 0.959028 0.002930 0.002778
1.0 0.476465 0.960069 0.003320 0.003472
1.0 0.462402 0.959028 0.002539 0.006944
1.0 0.472168 0.959896 0.003320 0.003125
1.0 0.495117 0.958854 0.003125 0.003819
1.0 0.526660 0.957465 0.002148 0.002431
1.0 0.537402 0.959896 0.003711 0.001736
1.0 0.532910 0.961632 0.002930 0.005208
0.0 0.523730 0.984705 0.012518 0.004576
0.0 0.511924 0.986757 0.014115 0.004892
1.0 0.595605 0.967882 0.015039 0.034375
1.0 0.582422 0.968750 0.017969 0.035417
1.0 0.642871 0.962500 0.011914 0.027778
1.0 0.568359 0.958854 0.006641 0.012153
1.0 0.554785 0.961285 0.006055 0.004514
1.0 0.610645 0.959028 0.002930 0.002778
1.0 0.622754 0.960069 0.003320 0.003472
1.0 0.636816 0.959028 0.002539 0.006944
1.0 0.627051 0.959896 0.003320 0.003125
1.0 0.604102 0.958854 0.003125 0.003819
1.0 0.572559 0.957465 0.002148 0.002431
1.0 0.561816 0.959896 0.003711 0.001736
1.0 0.566309 0.961632 0.002930 0.005208
0.0 0.575488 0.984705 0.012518 0.004576
0.0 0.587295 0.986757 0.014115 0.004892
1.0 0.702051 0.967882 0.015039 0.034375
1.0 0.715234 0.968750 0.017969 0.035417
1.0 0.654785 0.962500 0.011914 0.027778
1.0 0.729297 0.958854 0.006641 0.012153
1.0 0.742871 0.961285 0.006055 0.004514
1.0 0.687012 0.959028 0.002930 0.002778
1.0 0.674902 0.960069 0.003320 0.003472
1.0 0.660840 0.959028 0.002539 0.006944
1.0 0.670605 0.959896 0.003320 0.003125
1.0 0.693555 0.958854 0.003125 0.003819
1.0 0.725098 0.957465 0.002148 0.002431
1.0 0.735840 0.959896 0.003711 0.001736
1.0 0.731348 0.961632 0.002930 0.005208
0.0 0.722168 0.984705 0.012518 0.004576
0.0 0.710361 0.986757 0.014115 0.004892
1.0 0.794043 0.967882 0.015039 0.034375
1.0 0.780859 0.968750 0.017969 0.035417
1.0 0.841309 0.962500 0.011914 0.027778
1.0 0.766797 0.958854 0.006641 0.012153
1.0 0.753223 0.961285 0.006055 0.004514
1.0 0.809082 0.959028 0.002930 0.002778
1.0 0.821191 0.960069 0.003320 0.003472
1.0 0.835254 0.959028 0.002539 0.006944
1.0 0.825488 0.959896 0.003320 0.003125
1.0 0.802539 0.958854 0.003125 0.003819
1.0 0.770996 0.957465 0.002148 0.002431
1.0 0.760254 0.959896 0.003711 0.001736
1.0 0.764746 0.961632 0.002930 0.005208
0.0 0.773926 0.984705 0.012518 0.004576
0.0 0.785732 0.986757 0.014115 0.004892
1.0 0.900488 0.967882 0.015039 0.034375
1.0 0.913672 0.968750 0.017969 0.035417
1.0 0.853223 0.962500 0.011914 0.027778
1.0 0.927734 0.958854 0.006641 0.012153
1.0 0.941309 0.961285 0.006055 0.004514
1.0 0.885449 0.959028 0.002930 0.002778
1.0 0.873340 0.960069 0.003320 0.003472
1.0 0.859277 0.959028 0.002539 0.006944
1.0 0.869043 0.959896 0.003320 0.003125
1.0 0.891992 0.958854 0.003125 0.003819
1.0 0.923535 0.957465 0.002148 0.002431
1.0 0.934277 0.959896 0.003711 0.001736
1.0 0.929785 0.961632 0.002930 0.005208
0.0 0.920605 0.984705 0.012518 0.004576
0.0 0.908799 0.986757 0.014115 0.004892
1.0 0.992480 0.967882 0.015039 0.034375
1.0 0.979297 0.968750 0.017969 0.035417
1.0 0.965234 0.958854 0.006641 0.012153
1.0 0.951660 0.961285 0.006055 0.004514
1.0 0.999707 0.958854 0.000586 0.003819
1.0 0.969434 0.957465 0.002148 0.002431
1.0 0.958691 0.959896 0.003711 0.001736
1.0 0.963184 0.961632 0.002930 0.005208
0.0 0.972363 0.984705 0.012518 0.004576
0.0 0.984170 0.986757 0.014115 0.004892
