1.0 0.034297 0.078096 0.068594 0.156191
1.0 0.505870 0.079861 0.177100 0.159722
1.0 0.299821 0.078096 0.183703 0.156191
1.0 0.034297 0.482917 0.068594 0.639328
0.0 0.021261 0.750281 0.042521 0.179994
0.0 0.013681 0.683006 0.027361 0.272133
1.0 0.505870 0.453071 0.177100 0.586697
1.0 0.299821 0.482917 0.183703 0.639328
0.0 0.473221 0.750281 0.478359 0.179994
0.0 0.461464 0.683006 0.424526 0.272133
1.0 0.034297 0.938987 0.068594 0.122026
0.0 0.021261 0.920139 0.042521 0.159722
1.0 0.505870 0.967068 0.177100 0.065864
1.0 0.299821 0.938987 0.183703 0.122026
0.0 0.473221 0.920139 0.478359 0.159722
0.0 0.461464 0.930742 0.424526 0.138517
