1.0 0.034101 0.064005 0.068203 0.128009
1.0 0.628693 0.098264 0.242615 0.196528
1.0 0.513809 0.064005 0.164023 0.128009
1.0 0.871307 0.098264 0.242615 0.196528
1.0 0.952090 0.064005 0.095820 0.128009
1.0 0.034101 0.477040 0.068203 0.423987
0.0 0.101946 0.706582 0.128145 0.192392
1.0 0.628693 0.446921 0.242615 0.500786
1.0 0.513809 0.477040 0.164023 0.423987
0.0 0.398054 0.706582 0.128145 0.192392
1.0 0.871307 0.446921 0.242615 0.500786
1.0 0.952090 0.477040 0.095820 0.423987
0.0 0.101946 0.898974 0.128145 0.192392
1.0 0.628693 0.954121 0.242615 0.091759
1.0 0.513809 0.958261 0.164023 0.083478
0.0 0.398054 0.898974 0.128145 0.192392
1.0 0.871307 0.954121 0.242615 0.091759
1.0 0.952090 0.958261 0.095820 0.083478
