1.0 0.005566 0.206018 0.011133 0.253241
0.0 0.005566 0.094524 0.011133 0.101362
0.0 0.002415 0.015332 0.004829 0.030663
1.0 0.156882 0.178890 0.089641 0.167466
1.0 0.192899 0.148652 0.027484 0.107351
1.0 0.087955 0.206018 0.153645 0.253241
0.0 0.192601 0.097669 0.028079 0.040753
0.0 0.135516 0.097159 0.055700 0.072612
0.0 0.052965 0.094524 0.083663 0.101362
0.0 0.194506 0.050547 0.024270 0.040753
0.0 0.141792 0.027913 0.055700 0.055826
0.0 0.060746 0.015332 0.086619 0.030663
1.0 0.256400 0.178890 0.089641 0.167466
1.0 0.220383 0.148652 0.027484 0.107351
1.0 0.325326 0.206018 0.153645 0.253241
0.0 0.220680 0.097669 0.028079 0.040753
0.0 0.277765 0.097159 0.055700 0.072612
0.0 0.360317 0.094524 0.083663 0.101362
0.0 0.218776 0.050547 0.024270 0.040753
0.0 0.271489 0.027913 0.055700 0.055826
0.0 0.352535 0.015332 0.086619 0.030663
1.0 0.547897 0.178890 0.089641 0.167466
1.0 0.583914 0.148652 0.027484 0.107351
1.0 0.478971 0.206018 0.153645 0.253241
0.0 0.583617 0.097669 0.028079 0.040753
0.0 0.526532 0.097159 0.055700 0.072612
0.0 0.443980 0.094524 0.083663 0.101362
0.0 0.585521 0.050547 0.024270 0.040753
0.0 0.532808 0.027913 0.055700 0.055826
0.0 0.451761 0.015332 0.086619 0.030663
1.0 0.647415 0.178890 0.089641 0.167466
1.0 0.611398 0.148652 0.027484 0.107351
1.0 0.716342 0.206018 0.153645 0.253241
0.0 0.611696 0.097669 0.028079 0.040753
0.0 0.668781 0.097159 0.055700 0.072612
0.0 0.751332 0.094524 0.083663 0.101362
0.0 0.609791 0.050547 0.024270 0.040753
0.0 0.662505 0.027913 0.055700 0.055826
0.0 0.743551 0.015332 0.086619 0.030663
1.0 0.938913 0.178890 0.089641 0.167466
1.0 0.974930 0.148652 0.027484 0.107351
1.0 0.869986 0.206018 0.153645 0.253241
0.0 0.974632 0.097669 0.028079 0.040753
0.0 0.917547 0.097159 0.055700 0.072612
0.0 0.834996 0.094524 0.083663 0.101362
0.0 0.976537 0.050547 0.024270 0.040753
0.0 0.923823 0.027913 0.055700 0.055826
0.0 0.842777 0.015332 0.086619 0.030663
1.0 0.996805 0.178890 0.006389 0.167466
1.0 0.994336 0.148652 0.011328 0.107351
0.0 0.994336 0.097669 0.011328 0.040753
0.0 0.994336 0.050547 0.011328 0.040753
1.0 0.005566 0.459259 0.011133 0.253241
0.0 0.005566 0.570754 0.011133 0.101362
0.0 0.002415 0.650814 0.004829 0.032399
1.0 0.156882 0.486388 0.089641 0.167466
1.0 0.192899 0.516625 0.027484 0.107351
1.0 0.087955 0.459259 0.153645 0.253241
0.0 0.192601 0.567608 0.028079 0.040753
0.0 0.135516 0.568119 0.055700 0.072612
0.0 0.052965 0.570754 0.083663 0.101362
0.0 0.194506 0.614731 0.024270 0.040753
0.0 0.141792 0.638233 0.055700 0.057563
0.0 0.060746 0.650814 0.086619 0.032399
1.0 0.256400 0.486388 0.089641 0.167466
1.0 0.220383 0.516625 0.027484 0.107351
1.0 0.325326 0.459259 0.153645 0.253241
0.0 0.220680 0.567608 0.028079 0.040753
0.0 0.277765 0.568119 0.055700 0.072612
0.0 0.360317 0.570754 0.083663 0.101362
0.0 0.218776 0.614731 0.024270 0.040753
0.0 0.271489 0.638233 0.055700 0.057563
0.0 0.352535 0.650814 0.086619 0.032399
1.0 0.547897 0.486388 0.089641 0.167466
1.0 0.583914 0.516625 0.027484 0.107351
1.0 0.478971 0.459259 0.153645 0.253241
0.0 0.583617 0.567608 0.028079 0.040753
0.0 0.526532 0.568119 0.055700 0.072612
0.0 0.443980 0.570754 0.083663 0.101362
0.0 0.585521 0.614731 0.024270 0.040753
0.0 0.532808 0.638233 0.055700 0.057563
0.0 0.451761 0.650814 0.086619 0.032399
1.0 0.647415 0.486388 0.089641 0.167466
1.0 0.611398 0.516625 0.027484 0.107351
1.0 0.716342 0.459259 0.153645 0.253241
0.0 0.611696 0.567608 0.028079 0.040753
0.0 0.668781 0.568119 0.055700 0.072612
0.0 0.751332 0.570754 0.083663 0.101362
0.0 0.609791 0.614731 0.024270 0.040753
0.0 0.662505 0.638233 0.055700 0.057563
0.0 0.743551 0.650814 0.086619 0.032399
1.0 0.938913 0.486388 0.089641 0.167466
1.0 0.974930 0.516625 0.027484 0.107351
1.0 0.869986 0.459259 0.153645 0.253241
0.0 0.974632 0.567608 0.028079 0.040753
0.0 0.917547 0.568119 0.055700 0.072612
0.0 0.834996 0.570754 0.083663 0.101362
0.0 0.976537 0.614731 0.024270 0.040753
0.0 0.923823 0.638233 0.055700 0.057563
0.0 0.842777 0.650814 0.086619 0.032399
1.0 0.996805 0.486388 0.006389 0.167466
1.0 0.994336 0.516625 0.011328 0.107351
0.0 0.994336 0.567608 0.011328 0.040753
0.0 0.994336 0.614731 0.011328 0.040753
1.0 0.005566 0.874074 0.011133 0.251852
0.0 0.005566 0.763274 0.011133 0.101362
0.0 0.002415 0.683214 0.004829 0.032399
1.0 0.156882 0.847640 0.089641 0.167466
1.0 0.192899 0.817402 0.027484 0.107351
1.0 0.087955 0.874074 0.153645 0.251852
0.0 0.192601 0.766419 0.028079 0.040753
0.0 0.135516 0.765909 0.055700 0.072612
0.0 0.052965 0.763274 0.083663 0.101362
0.0 0.194506 0.719297 0.024270 0.040753
0.0 0.141792 0.695795 0.055700 0.057563
0.0 0.060746 0.683214 0.086619 0.032399
1.0 0.256400 0.847640 0.089641 0.167466
1.0 0.220383 0.817402 0.027484 0.107351
1.0 0.325326 0.874074 0.153645 0.251852
0.0 0.220680 0.766419 0.028079 0.040753
0.0 0.277765 0.765909 0.055700 0.072612
0.0 0.360317 0.763274 0.083663 0.101362
0.0 0.218776 0.719297 0.024270 0.040753
0.0 0.271489 0.695795 0.055700 0.057563
0.0 0.352535 0.683214 0.086619 0.032399
1.0 0.547897 0.847640 0.089641 0.167466
1.0 0.583914 0.817402 0.027484 0.107351
1.0 0.478971 0.874074 0.153645 0.251852
0.0 0.583617 0.766419 0.028079 0.040753
0.0 0.526532 0.765909 0.055700 0.072612
0.0 0.443980 0.763274 0.083663 0.101362
0.0 0.585521 0.719297 0.024270 0.040753
0.0 0.532808 0.695795 0.055700 0.057563
0.0 0.451761 0.683214 0.086619 0.032399
1.0 0.647415 0.847640 0.089641 0.167466
1.0 0.611398 0.817402 0.027484 0.107351
1.0 0.716342 0.874074 0.153645 0.251852
0.0 0.611696 0.766419 0.028079 0.040753
0.0 0.668781 0.765909 0.055700 0.072612
0.0 0.751332 0.763274 0.083663 0.101362
0.0 0.609791 0.719297 0.024270 0.040753
0.0 0.662505 0.695795 0.055700 0.057563
0.0 0.743551 0.683214 0.086619 0.032399
1.0 0.938913 0.847640 0.089641 0.167466
1.0 0.974930 0.817402 0.027484 0.107351
1.0 0.869986 0.874074 0.153645 0.251852
0.0 0.974632 0.766419 0.028079 0.040753
0.0 0.917547 0.765909 0.055700 0.072612
0.0 0.834996 0.763274 0.083663 0.101362
0.0 0.976537 0.719297 0.024270 0.040753
0.0 0.923823 0.695795 0.055700 0.057563
0.0 0.842777 0.683214 0.086619 0.032399
1.0 0.996805 0.847640 0.006389 0.167466
1.0 0.994336 0.817402 0.011328 0.107351
0.0 0.994336 0.766419 0.011328 0.040753
0.0 0.994336 0.719297 0.011328 0.040753
