1.0 0.053005 0.152759 0.012679 0.043089
1.0 0.057894 0.151156 0.005306 0.035926
1.0 0.153295 0.151644 0.012679 0.043089
1.0 0.171964 0.151212 0.009552 0.042675
1.0 0.261730 0.099271 0.029699 0.141475
1.0 0.303314 0.150612 0.013668 0.043475
1.0 0.325025 0.149768 0.010705 0.043063
1.0 0.214612 0.101993 0.028540 0.139485
1.0 0.178053 0.151879 0.006250 0.039646
1.0 0.298707 0.150299 0.005428 0.039635
1.0 0.318527 0.149853 0.007890 0.038547
1.0 0.159127 0.149887 0.007222 0.035926
1.0 0.277073 0.149650 0.006808 0.015392
1.0 0.246391 0.149118 0.004791 0.044852
1.0 0.238658 0.148659 0.020590 0.046925
1.0 0.229782 0.150455 0.003463 0.041849
1.0 0.334498 0.153190 0.010434 0.017306
1.0 0.289888 0.145936 0.003799 0.003782
0.0 0.263632 0.027949 0.030213 0.032920
0.0 0.211935 0.028891 0.030685 0.033460
1.0 0.068089 0.152759 0.012679 0.043089
1.0 0.063200 0.151156 0.005306 0.035926
1.0 0.553736 0.151644 0.012679 0.043089
1.0 0.535067 0.151212 0.009552 0.042675
1.0 0.445301 0.099271 0.029699 0.141475
1.0 0.403717 0.150612 0.013668 0.043475
1.0 0.382007 0.149768 0.010705 0.043063
1.0 0.492419 0.101993 0.028540 0.139485
1.0 0.528978 0.151879 0.006250 0.039646
1.0 0.408324 0.150299 0.005428 0.039635
1.0 0.388504 0.149853 0.007890 0.038547
1.0 0.547904 0.149887 0.007222 0.035926
1.0 0.429959 0.149650 0.006808 0.015392
1.0 0.460640 0.149118 0.004791 0.044852
1.0 0.468373 0.148659 0.020590 0.046925
1.0 0.477249 0.150455 0.003463 0.041849
1.0 0.372534 0.153190 0.010434 0.017306
1.0 0.417143 0.145936 0.003799 0.003782
0.0 0.443399 0.027949 0.030213 0.032920
0.0 0.495096 0.028891 0.030685 0.033460
1.0 0.638942 0.152759 0.012679 0.043089
1.0 0.643831 0.151156 0.005306 0.035926
1.0 0.739232 0.151644 0.012679 0.043089
1.0 0.757901 0.151212 0.009552 0.042675
1.0 0.847667 0.099271 0.029699 0.141475
1.0 0.889252 0.150612 0.013668 0.043475
1.0 0.910962 0.149768 0.010705 0.043063
1.0 0.800550 0.101993 0.028540 0.139485
1.0 0.763991 0.151879 0.006250 0.039646
1.0 0.884644 0.150299 0.005428 0.039635
1.0 0.904465 0.149853 0.007890 0.038547
1.0 0.745065 0.149887 0.007222 0.035926
1.0 0.863010 0.149650 0.006808 0.015392
1.0 0.832329 0.149118 0.004791 0.044852
1.0 0.824595 0.148659 0.020590 0.046925
1.0 0.815720 0.150455 0.003463 0.041849
1.0 0.920435 0.153190 0.010434 0.017306
1.0 0.875826 0.145936 0.003799 0.003782
0.0 0.849570 0.027949 0.030213 0.032920
0.0 0.797873 0.028891 0.030685 0.033460
1.0 0.654026 0.152759 0.012679 0.043089
1.0 0.649138 0.151156 0.005306 0.035926
1.0 0.989655 0.150612 0.013668 0.043475
1.0 0.967944 0.149768 0.010705 0.043063
1.0 0.994262 0.150299 0.005428 0.039635
1.0 0.974441 0.149853 0.007890 0.038547
1.0 0.958471 0.153190 0.010434 0.017306
1.0 0.053005 0.500019 0.012679 0.043089
1.0 0.057894 0.501622 0.005306 0.035926
1.0 0.153295 0.501134 0.012679 0.043089
1.0 0.171964 0.501565 0.009552 0.042675
1.0 0.261730 0.553507 0.029699 0.141475
1.0 0.303314 0.502165 0.013668 0.043475
1.0 0.325025 0.503010 0.010705 0.043063
1.0 0.214612 0.550785 0.028540 0.139485
1.0 0.178053 0.500898 0.006250 0.039646
1.0 0.298707 0.502478 0.005428 0.039635
1.0 0.318527 0.502924 0.007890 0.038547
1.0 0.159127 0.502890 0.007222 0.035926
1.0 0.277073 0.503128 0.006808 0.015392
1.0 0.246391 0.503660 0.004791 0.044852
1.0 0.238658 0.504118 0.020590 0.046925
1.0 0.229782 0.502322 0.003463 0.041849
1.0 0.334498 0.499587 0.010434 0.017306
1.0 0.289888 0.506842 0.003799 0.003782
0.0 0.263632 0.624829 0.030213 0.032920
0.0 0.211935 0.623887 0.030685 0.033460
1.0 0.068089 0.500019 0.012679 0.043089
1.0 0.063200 0.501622 0.005306 0.035926
1.0 0.553736 0.501134 0.012679 0.043089
1.0 0.535067 0.501565 0.009552 0.042675
1.0 0.445301 0.553507 0.029699 0.141475
1.0 0.403717 0.502165 0.013668 0.043475
1.0 0.382007 0.503010 0.010705 0.043063
1.0 0.492419 0.550785 0.028540 0.139485
1.0 0.528978 0.500898 0.006250 0.039646
1.0 0.408324 0.502478 0.005428 0.039635
1.0 0.388504 0.502924 0.007890 0.038547
1.0 0.547904 0.502890 0.007222 0.035926
1.0 0.429959 0.503128 0.006808 0.015392
1.0 0.460640 0.503660 0.004791 0.044852
1.0 0.468373 0.504118 0.020590 0.046925
1.0 0.477249 0.502322 0.003463 0.041849
1.0 0.372534 0.499587 0.010434 0.017306
1.0 0.417143 0.506842 0.003799 0.003782
0.0 0.443399 0.624829 0.030213 0.032920
0.0 0.495096 0.623887 0.030685 0.033460
1.0 0.638942 0.500019 0.012679 0.043089
1.0 0.643831 0.501622 0.005306 0.035926
1.0 0.739232 0.501134 0.012679 0.043089
1.0 0.757901 0.501565 0.009552 0.042675
1.0 0.847667 0.553507 0.029699 0.141475
1.0 0.889252 0.502165 0.013668 0.043475
1.0 0.910962 0.503010 0.010705 0.043063
1.0 0.800550 0.550785 0.028540 0.139485
1.0 0.763991 0.500898 0.006250 0.039646
1.0 0.884644 0.502478 0.005428 0.039635
1.0 0.904465 0.502924 0.007890 0.038547
1.0 0.745065 0.502890 0.007222 0.035926
1.0 0.863010 0.503128 0.006808 0.015392
1.0 0.832329 0.503660 0.004791 0.044852
1.0 0.824595 0.504118 0.020590 0.046925
1.0 0.815720 0.502322 0.003463 0.041849
1.0 0.920435 0.499587 0.010434 0.017306
1.0 0.875826 0.506842 0.003799 0.003782
0.0 0.849570 0.624829 0.030213 0.032920
0.0 0.797873 0.623887 0.030685 0.033460
1.0 0.654026 0.500019 0.012679 0.043089
1.0 0.649138 0.501622 0.005306 0.035926
1.0 0.989655 0.502165 0.013668 0.043475
1.0 0.967944 0.503010 0.010705 0.043063
1.0 0.994262 0.502478 0.005428 0.039635
1.0 0.974441 0.502924 0.007890 0.038547
1.0 0.958471 0.499587 0.010434 0.017306
1.0 0.053005 0.847204 0.012679 0.043089
1.0 0.057894 0.845600 0.005306 0.035926
1.0 0.153295 0.846088 0.012679 0.043089
1.0 0.171964 0.845657 0.009552 0.042675
1.0 0.261730 0.793715 0.029699 0.141475
1.0 0.303314 0.845057 0.013668 0.043475
1.0 0.325025 0.844213 0.010705 0.043063
1.0 0.214612 0.796437 0.028540 0.139485
1.0 0.178053 0.846324 0.006250 0.039646
1.0 0.298707 0.844744 0.005428 0.039635
1.0 0.318527 0.844298 0.007890 0.038547
1.0 0.159127 0.844332 0.007222 0.035926
1.0 0.277073 0.844094 0.006808 0.015392
1.0 0.246391 0.843563 0.004791 0.044852
1.0 0.238658 0.843104 0.020590 0.046925
1.0 0.229782 0.844900 0.003463 0.041849
1.0 0.334498 0.847635 0.010434 0.017306
1.0 0.289888 0.840380 0.003799 0.003782
0.0 0.263632 0.722393 0.030213 0.032920
0.0 0.211935 0.723335 0.030685 0.033460
1.0 0.068089 0.847204 0.012679 0.043089
1.0 0.063200 0.845600 0.005306 0.035926
1.0 0.553736 0.846088 0.012679 0.043089
1.0 0.535067 0.845657 0.009552 0.042675
1.0 0.445301 0.793715 0.029699 0.141475
1.0 0.403717 0.845057 0.013668 0.043475
1.0 0.382007 0.844213 0.010705 0.043063
1.0 0.492419 0.796437 0.028540 0.139485
1.0 0.528978 0.846324 0.006250 0.039646
1.0 0.408324 0.844744 0.005428 0.039635
1.0 0.388504 0.844298 0.007890 0.038547
1.0 0.547904 0.844332 0.007222 0.035926
1.0 0.429959 0.844094 0.006808 0.015392
1.0 0.460640 0.843563 0.004791 0.044852
1.0 0.468373 0.843104 0.020590 0.046925
1.0 0.477249 0.844900 0.003463 0.041849
1.0 0.372534 0.847635 0.010434 0.017306
1.0 0.417143 0.840380 0.003799 0.003782
0.0 0.443399 0.722393 0.030213 0.032920
0.0 0.495096 0.723335 0.030685 0.033460
1.0 0.638942 0.847204 0.012679 0.043089
1.0 0.643831 0.845600 0.005306 0.035926
1.0 0.739232 0.846088 0.012679 0.043089
1.0 0.757901 0.845657 0.009552 0.042675
1.0 0.847667 0.793715 0.029699 0.141475
1.0 0.889252 0.845057 0.013668 0.043475
1.0 0.910962 0.844213 0.010705 0.043063
1.0 0.800550 0.796437 0.028540 0.139485
1.0 0.763991 0.846324 0.006250 0.039646
1.0 0.884644 0.844744 0.005428 0.039635
1.0 0.904465 0.844298 0.007890 0.038547
1.0 0.745065 0.844332 0.007222 0.035926
1.0 0.863010 0.844094 0.006808 0.015392
1.0 0.832329 0.843563 0.004791 0.044852
1.0 0.824595 0.843104 0.020590 0.046925
1.0 0.815720 0.844900 0.003463 0.041849
1.0 0.920435 0.847635 0.010434 0.017306
1.0 0.875826 0.840380 0.003799 0.003782
0.0 0.849570 0.722393 0.030213 0.032920
0.0 0.797873 0.723335 0.030685 0.033460
1.0 0.654026 0.847204 0.012679 0.043089
1.0 0.649138 0.845600 0.005306 0.035926
1.0 0.989655 0.845057 0.013668 0.043475
1.0 0.967944 0.844213 0.010705 0.043063
1.0 0.994262 0.844744 0.005428 0.039635
1.0 0.974441 0.844298 0.007890 0.038547
1.0 0.958471 0.847635 0.010434 0.017306
