1.0 0.024089 0.044760 0.048177 0.089519
0.0 0.008733 0.069857 0.017467 0.052879
1.0 0.147068 0.035873 0.080707 0.071746
1.0 0.081350 0.044760 0.066345 0.089519
0.0 0.137008 0.069857 0.116241 0.052879
1.0 0.310745 0.035873 0.080707 0.071746
1.0 0.376463 0.044760 0.066345 0.089519
0.0 0.320804 0.069857 0.116241 0.052879
1.0 0.508526 0.035873 0.080707 0.071746
1.0 0.442808 0.044760 0.066345 0.089519
0.0 0.498467 0.069857 0.116241 0.052879
1.0 0.672203 0.035873 0.080707 0.071746
1.0 0.737921 0.044760 0.066345 0.089519
0.0 0.682263 0.069857 0.116241 0.052879
1.0 0.869984 0.035873 0.080707 0.071746
1.0 0.804266 0.044760 0.066345 0.089519
0.0 0.859925 0.069857 0.116241 0.052879
0.0 0.992800 0.069857 0.014400 0.052879
1.0 0.024089 0.202470 0.048177 0.198794
0.0 0.008733 0.122736 0.017467 0.052879
1.0 0.147068 0.213097 0.080707 0.184501
1.0 0.081350 0.202470 0.066345 0.198794
0.0 0.137008 0.122736 0.116241 0.052879
1.0 0.310745 0.213097 0.080707 0.184501
1.0 0.376463 0.202470 0.066345 0.198794
0.0 0.320804 0.122736 0.116241 0.052879
1.0 0.508526 0.213097 0.080707 0.184501
1.0 0.442808 0.202470 0.066345 0.198794
0.0 0.498467 0.122736 0.116241 0.052879
1.0 0.672203 0.213097 0.080707 0.184501
1.0 0.737921 0.202470 0.066345 0.198794
0.0 0.682263 0.122736 0.116241 0.052879
1.0 0.869984 0.213097 0.080707 0.184501
1.0 0.804266 0.202470 0.066345 0.198794
0.0 0.859925 0.122736 0.116241 0.052879
1.0 0.996654 0.213097 0.006692 0.184501
0.0 0.992800 0.122736 0.014400 0.052879
1.0 0.024089 0.528085 0.048177 0.198794
0.0 0.008733 0.607820 0.017467 0.052879
1.0 0.147068 0.517459 0.080707 0.184501
1.0 0.081350 0.528085 0.066345 0.198794
0.0 0.137008 0.607820 0.116241 0.052879
1.0 0.310745 0.517459 0.080707 0.184501
1.0 0.376463 0.528085 0.066345 0.198794
0.0 0.320804 0.607820 0.116241 0.052879
1.0 0.508526 0.517459 0.080707 0.184501
1.0 0.442808 0.528085 0.066345 0.198794
0.0 0.498467 0.607820 0.116241 0.052879
1.0 0.672203 0.517459 0.080707 0.184501
1.0 0.737921 0.528085 0.066345 0.198794
0.0 0.682263 0.607820 0.116241 0.052879
1.0 0.869984 0.517459 0.080707 0.184501
1.0 0.804266 0.528085 0.066345 0.198794
0.0 0.859925 0.607820 0.116241 0.052879
1.0 0.996654 0.517459 0.006692 0.184501
0.0 0.992800 0.607820 0.014400 0.052879
1.0 0.024089 0.740433 0.048177 0.198794
0.0 0.008733 0.660699 0.017467 0.052879
1.0 0.147068 0.751060 0.080707 0.184501
1.0 0.081350 0.740433 0.066345 0.198794
0.0 0.137008 0.660699 0.116241 0.052879
1.0 0.310745 0.751060 0.080707 0.184501
1.0 0.376463 0.740433 0.066345 0.198794
0.0 0.320804 0.660699 0.116241 0.052879
1.0 0.508526 0.751060 0.080707 0.184501
1.0 0.442808 0.740433 0.066345 0.198794
0.0 0.498467 0.660699 0.116241 0.052879
1.0 0.672203 0.751060 0.080707 0.184501
1.0 0.737921 0.740433 0.066345 0.198794
0.0 0.682263 0.660699 0.116241 0.052879
1.0 0.869984 0.751060 0.080707 0.184501
1.0 0.804266 0.740433 0.066345 0.198794
0.0 0.859925 0.660699 0.116241 0.052879
1.0 0.996654 0.751060 0.006692 0.184501
0.0 0.992800 0.660699 0.014400 0.052879
1.0 0.024089 0.983326 0.048177 0.033349
1.0 0.147068 0.981585 0.080707 0.036829
1.0 0.081350 0.983326 0.066345 0.033349
1.0 0.310745 0.981585 0.080707 0.036829
1.0 0.376463 0.983326 0.066345 0.033349
1.0 0.508526 0.981585 0.080707 0.036829
1.0 0.442808 0.983326 0.066345 0.033349
1.0 0.672203 0.981585 0.080707 0.036829
1.0 0.737921 0.983326 0.066345 0.033349
1.0 0.869984 0.981585 0.080707 0.036829
1.0 0.804266 0.983326 0.066345 0.033349
