0.0 0.132943 0.726187 0.148177 0.275980
0.0 0.061519 0.653555 0.123038 0.328207
0.0 0.026320 0.803324 0.052640 0.173908
0.0 0.281120 0.726187 0.148177 0.275980
0.0 0.450162 0.653555 0.318275 0.328207
0.0 0.444874 0.803324 0.166902 0.173908
0.0 0.617608 0.732642 0.261832 0.252302
0.0 0.918707 0.732642 0.162586 0.252302
0.0 0.132943 0.958189 0.148177 0.083622
0.0 0.026320 0.945139 0.052640 0.109722
0.0 0.281120 0.958189 0.148177 0.083622
0.0 0.450162 0.981448 0.318275 0.037103
0.0 0.444874 0.945139 0.166902 0.109722
0.0 0.617608 0.960881 0.261832 0.078238
0.0 0.918707 0.960881 0.162586 0.078238
