0.0 0.031359 0.008102 0.040582 0.016205
0.0 0.251453 0.008102 0.040582 0.016205
0.0 0.509484 0.008102 0.040582 0.016205
0.0 0.729578 0.008102 0.040582 0.016205
0.0 0.983659 0.008102 0.032682 0.016205
1.0 0.057422 0.220139 0.062500 0.120833
0.0 0.031359 0.166396 0.040582 0.065201
0.0 0.082465 0.185688 0.026910 0.038194
1.0 0.225391 0.220139 0.062500 0.120833
1.0 0.315039 0.285417 0.023828 0.041667
0.0 0.251453 0.166396 0.040582 0.065201
0.0 0.200348 0.185688 0.026910 0.038194
1.0 0.535547 0.220139 0.062500 0.120833
1.0 0.445898 0.285417 0.023828 0.041667
0.0 0.509484 0.166396 0.040582 0.065201
0.0 0.560590 0.185688 0.026910 0.038194
1.0 0.703516 0.220139 0.062500 0.120833
1.0 0.793164 0.285417 0.023828 0.041667
0.0 0.729578 0.166396 0.040582 0.065201
0.0 0.678473 0.185688 0.026910 0.038194
1.0 0.991211 0.220139 0.017578 0.120833
1.0 0.924023 0.285417 0.023828 0.041667
0.0 0.983659 0.166396 0.032682 0.065201
1.0 0.057422 0.496528 0.062500 0.120833
0.0 0.031359 0.550271 0.040582 0.065201
0.0 0.082465 0.530979 0.026910 0.038194
1.0 0.225391 0.496528 0.062500 0.120833
1.0 0.315039 0.431250 0.023828 0.041667
0.0 0.251453 0.550271 0.040582 0.065201
0.0 0.200348 0.530979 0.026910 0.038194
1.0 0.535547 0.496528 0.062500 0.120833
1.0 0.445898 0.431250 0.023828 0.041667
0.0 0.509484 0.550271 0.040582 0.065201
0.0 0.560590 0.530979 0.026910 0.038194
1.0 0.703516 0.496528 0.062500 0.120833
1.0 0.793164 0.431250 0.023828 0.041667
0.0 0.729578 0.550271 0.040582 0.065201
0.0 0.678473 0.530979 0.026910 0.038194
1.0 0.991211 0.496528 0.017578 0.120833
1.0 0.924023 0.431250 0.023828 0.041667
0.0 0.983659 0.550271 0.032682 0.065201
1.0 0.057422 0.786806 0.062500 0.120833
0.0 0.031359 0.733063 0.040582 0.065201
0.0 0.082465 0.752354 0.026910 0.038194
1.0 0.225391 0.786806 0.062500 0.120833
1.0 0.315039 0.852083 0.023828 0.041667
0.0 0.251453 0.733063 0.040582 0.065201
0.0 0.200348 0.752354 0.026910 0.038194
1.0 0.535547 0.786806 0.062500 0.120833
1.0 0.445898 0.852083 0.023828 0.041667
0.0 0.509484 0.733063 0.040582 0.065201
0.0 0.560590 0.752354 0.026910 0.038194
1.0 0.703516 0.786806 0.062500 0.120833
1.0 0.793164 0.852083 0.023828 0.041667
0.0 0.729578 0.733063 0.040582 0.065201
0.0 0.678473 0.752354 0.026910 0.038194
1.0 0.991211 0.786806 0.017578 0.120833
1.0 0.924023 0.852083 0.023828 0.041667
0.0 0.983659 0.733063 0.032682 0.065201
1.0 0.315039 0.988542 0.023828 0.022917
1.0 0.445898 0.988542 0.023828 0.022917
1.0 0.793164 0.988542 0.023828 0.022917
1.0 0.924023 0.988542 0.023828 0.022917
