1.0 0.009577 0.070809 0.019154 0.125048
1.0 0.018850 0.056328 0.037701 0.112656
0.0 0.017689 0.108469 0.029296 0.049383
0.0 0.052760 0.016516 0.020279 0.033033
1.0 0.274647 0.070809 0.054788 0.125048
1.0 0.249196 0.056328 0.040981 0.112656
0.0 0.248717 0.108469 0.029296 0.049383
0.0 0.291270 0.116777 0.027327 0.033113
0.0 0.213646 0.016516 0.020279 0.033033
1.0 0.480822 0.070809 0.054788 0.125048
1.0 0.506273 0.056328 0.040981 0.112656
0.0 0.506752 0.108469 0.029296 0.049383
0.0 0.464199 0.116777 0.027327 0.033113
0.0 0.541823 0.016516 0.020279 0.033033
1.0 0.763709 0.070809 0.054788 0.125048
1.0 0.738258 0.056328 0.040981 0.112656
0.0 0.737779 0.108469 0.029296 0.049383
0.0 0.780333 0.116777 0.027327 0.033113
0.0 0.702708 0.016516 0.020279 0.033033
1.0 0.969884 0.070809 0.054788 0.125048
1.0 0.987422 0.056328 0.025155 0.112656
0.0 0.990583 0.108469 0.018833 0.049383
0.0 0.953261 0.116777 0.027327 0.033113
1.0 0.009577 0.195857 0.019154 0.125048
1.0 0.018850 0.213901 0.037701 0.119780
1.0 0.122323 0.345931 0.011307 0.025336
0.0 0.017689 0.158198 0.029296 0.049383
0.0 0.052760 0.250874 0.020279 0.034481
1.0 0.129227 0.349294 0.007952 0.025336
1.0 0.274647 0.195857 0.054788 0.125048
1.0 0.249196 0.213901 0.040981 0.119780
1.0 0.144084 0.345931 0.011307 0.025336
0.0 0.248717 0.158198 0.029296 0.049383
0.0 0.291270 0.149890 0.027327 0.033113
0.0 0.213646 0.250874 0.020279 0.034481
1.0 0.137179 0.349294 0.007952 0.025336
1.0 0.480822 0.195857 0.054788 0.125048
1.0 0.506273 0.213901 0.040981 0.119780
1.0 0.611385 0.345931 0.011307 0.025336
0.0 0.506752 0.158198 0.029296 0.049383
0.0 0.464199 0.149890 0.027327 0.033113
0.0 0.541823 0.250874 0.020279 0.034481
1.0 0.618290 0.349294 0.007952 0.025336
1.0 0.763709 0.195857 0.054788 0.125048
1.0 0.738258 0.213901 0.040981 0.119780
1.0 0.633146 0.345931 0.011307 0.025336
0.0 0.737779 0.158198 0.029296 0.049383
0.0 0.780333 0.149890 0.027327 0.033113
0.0 0.702708 0.250874 0.020279 0.034481
1.0 0.626242 0.349294 0.007952 0.025336
1.0 0.969884 0.195857 0.054788 0.125048
1.0 0.987422 0.213901 0.025155 0.119780
0.0 0.990583 0.158198 0.018833 0.049383
0.0 0.953261 0.149890 0.027327 0.033113
1.0 0.009577 0.559698 0.019154 0.125048
1.0 0.018850 0.541655 0.037701 0.119780
1.0 0.122323 0.409625 0.011307 0.025336
0.0 0.017689 0.597358 0.029296 0.049383
0.0 0.052760 0.504681 0.020279 0.034481
1.0 0.129227 0.406261 0.007952 0.025336
1.0 0.274647 0.559698 0.054788 0.125048
1.0 0.249196 0.541655 0.040981 0.119780
1.0 0.144084 0.409625 0.011307 0.025336
0.0 0.248717 0.597358 0.029296 0.049383
0.0 0.291270 0.605666 0.027327 0.033113
0.0 0.213646 0.504681 0.020279 0.034481
1.0 0.137179 0.406261 0.007952 0.025336
1.0 0.480822 0.559698 0.054788 0.125048
1.0 0.506273 0.541655 0.040981 0.119780
1.0 0.611385 0.409625 0.011307 0.025336
0.0 0.506752 0.597358 0.029296 0.049383
0.0 0.464199 0.605666 0.027327 0.033113
0.0 0.541823 0.504681 0.020279 0.034481
1.0 0.618290 0.406261 0.007952 0.025336
1.0 0.763709 0.559698 0.054788 0.125048
1.0 0.738258 0.541655 0.040981 0.119780
1.0 0.633146 0.409625 0.011307 0.025336
0.0 0.737779 0.597358 0.029296 0.049383
0.0 0.780333 0.605666 0.027327 0.033113
0.0 0.702708 0.504681 0.020279 0.034481
1.0 0.626242 0.406261 0.007952 0.025336
1.0 0.969884 0.559698 0.054788 0.125048
1.0 0.987422 0.541655 0.025155 0.119780
0.0 0.990583 0.597358 0.018833 0.049383
0.0 0.953261 0.605666 0.027327 0.033113
1.0 0.009577 0.684746 0.019154 0.125048
1.0 0.018850 0.702789 0.037701 0.119780
1.0 0.122323 0.834819 0.011307 0.025336
0.0 0.017689 0.647086 0.029296 0.049383
0.0 0.052760 0.739763 0.020279 0.034481
1.0 0.129227 0.838183 0.007952 0.025336
1.0 0.274647 0.684746 0.054788 0.125048
1.0 0.249196 0.702789 0.040981 0.119780
1.0 0.144084 0.834819 0.011307 0.025336
0.0 0.248717 0.647086 0.029296 0.049383
0.0 0.291270 0.638779 0.027327 0.033113
0.0 0.213646 0.739763 0.020279 0.034481
1.0 0.137179 0.838183 0.007952 0.025336
1.0 0.480822 0.684746 0.054788 0.125048
1.0 0.506273 0.702789 0.040981 0.119780
1.0 0.611385 0.834819 0.011307 0.025336
0.0 0.506752 0.647086 0.029296 0.049383
0.0 0.464199 0.638779 0.027327 0.033113
0.0 0.541823 0.739763 0.020279 0.034481
1.0 0.618290 0.838183 0.007952 0.025336
1.0 0.763709 0.684746 0.054788 0.125048
1.0 0.738258 0.702789 0.040981 0.119780
1.0 0.633146 0.834819 0.011307 0.025336
0.0 0.737779 0.647086 0.029296 0.049383
0.0 0.780333 0.638779 0.027327 0.033113
0.0 0.702708 0.739763 0.020279 0.034481
1.0 0.626242 0.838183 0.007952 0.025336
1.0 0.969884 0.684746 0.054788 0.125048
1.0 0.987422 0.702789 0.025155 0.119780
0.0 0.990583 0.647086 0.018833 0.049383
0.0 0.953261 0.638779 0.027327 0.033113
1.0 0.018850 0.985327 0.037701 0.029346
1.0 0.122323 0.898514 0.011307 0.025336
0.0 0.052760 0.988165 0.020279 0.023670
1.0 0.129227 0.895150 0.007952 0.025336
1.0 0.274647 0.993032 0.054788 0.013937
1.0 0.249196 0.985327 0.040981 0.029346
1.0 0.144084 0.898514 0.011307 0.025336
0.0 0.213646 0.988165 0.020279 0.023670
1.0 0.137179 0.895150 0.007952 0.025336
1.0 0.480822 0.993032 0.054788 0.013937
1.0 0.506273 0.985327 0.040981 0.029346
1.0 0.611385 0.898514 0.011307 0.025336
0.0 0.541823 0.988165 0.020279 0.023670
1.0 0.618290 0.895150 0.007952 0.025336
1.0 0.763709 0.993032 0.054788 0.013937
1.0 0.738258 0.985327 0.040981 0.029346
1.0 0.633146 0.898514 0.011307 0.025336
0.0 0.702708 0.988165 0.020279 0.023670
1.0 0.626242 0.895150 0.007952 0.025336
1.0 0.969884 0.993032 0.054788 0.013937
1.0 0.987422 0.985327 0.025155 0.029346
