0.0 0.115690 0.689120 0.231380 0.375000
0.0 0.163672 0.882523 0.138021 0.183102
0.0 0.102344 0.521296 0.204687 0.328704
0.0 0.047331 0.409028 0.094661 0.263889
0.0 0.368750 0.689120 0.266927 0.375000
0.0 0.302995 0.882523 0.138021 0.183102
0.0 0.429297 0.521296 0.334635 0.328704
0.0 0.520117 0.409028 0.296224 0.263889
0.0 0.588477 0.323380 0.263672 0.231481
0.0 0.645443 0.243519 0.240885 0.199074
0.0 0.673177 0.177546 0.186979 0.166667
0.0 0.696940 0.108681 0.139453 0.109954
0.0 0.968359 0.521296 0.063281 0.328704
0.0 0.932552 0.409028 0.134896 0.263889
0.0 0.906510 0.323380 0.186979 0.231481
0.0 0.883724 0.243519 0.232552 0.199074
0.0 0.860156 0.177546 0.186979 0.166667
0.0 0.836393 0.108681 0.139453 0.109954
0.0 0.163672 0.987037 0.138021 0.025926
0.0 0.302995 0.987037 0.138021 0.025926
