1 0.060443764345830146 0.5182072829131653 0.03825554705432287 0.07282913165266107
1 0.14269319051262433 0.5266106442577031 0.042081101759755164 0.04481792717086835
1 0.1820964039785769 0.5343137254901961 0.026013771996939557 0.0742296918767507
1 0.24560061208875286 0.5567226890756303 0.03825554705432287 0.08823529411764706
1 0.9254016832440703 0.6351540616246498 0.0252486610558531 0.037815126050420166
1 0.6694720734506503 0.6743697478991597 0.022953328232593728 0.06582633053221289
1 0.6970160673297628 0.6764705882352942 0.026013771996939557 0.06442577030812324
1 0.3335883703136955 0.584733893557423 0.041315990818668706 0.0350140056022409
0 0.49693955623565417 0.7310924369747899 0.046671767406273906 0.19887955182072828
0 0.43114001530221885 0.761204481792717 0.035960214231063506 0.11904761904761904
0 0.454858454475899 0.7647058823529411 0.035960214231063506 0.11764705882352941