1.0 0.132812 0.111111 0.265625 0.222222
0.0 0.228738 0.027007 0.073775 0.054013
1.0 0.441548 0.111111 0.351845 0.222222
0.0 0.302512 0.027007 0.073775 0.054013
1.0 0.925640 0.111111 0.148720 0.222222
1.0 0.132812 0.463956 0.265625 0.483468
0.0 0.043645 0.626271 0.087290 0.303014
0.0 0.228738 0.515324 0.073775 0.249786
1.0 0.441548 0.463956 0.351845 0.483468
0.0 0.589168 0.626271 0.290415 0.303014
0.0 0.302512 0.515324 0.073775 0.249786
1.0 0.925640 0.463956 0.148720 0.483468
0.0 0.867188 0.626271 0.265625 0.303014
1.0 0.132812 0.924933 0.265625 0.150135
0.0 0.043645 0.888889 0.087290 0.222222
0.0 0.228738 0.957669 0.073775 0.084662
1.0 0.441548 0.924933 0.351845 0.150135
0.0 0.589168 0.888889 0.290415 0.222222
0.0 0.302512 0.957669 0.073775 0.084662
1.0 0.925640 0.924933 0.148720 0.150135
0.0 0.867188 0.888889 0.265625 0.222222
