1.0 0.035327 0.022569 0.070655 0.045139
0.0 0.063059 0.022569 0.119122 0.045139
1.0 0.277173 0.022569 0.195655 0.045139
0.0 0.186941 0.022569 0.119122 0.045139
1.0 0.472827 0.022569 0.195655 0.045139
0.0 0.563059 0.022569 0.119122 0.045139
1.0 0.777173 0.022569 0.195655 0.045139
0.0 0.686941 0.022569 0.119122 0.045139
1.0 0.937500 0.022569 0.125000 0.045139
1.0 0.035327 0.183753 0.070655 0.277228
0.0 0.063059 0.079743 0.119122 0.069208
1.0 0.277173 0.183753 0.195655 0.277228
0.0 0.186941 0.079743 0.119122 0.069208
1.0 0.472827 0.183753 0.195655 0.277228
0.0 0.563059 0.079743 0.119122 0.069208
1.0 0.777173 0.183753 0.195655 0.277228
0.0 0.686941 0.079743 0.119122 0.069208
1.0 0.937500 0.183753 0.125000 0.277228
1.0 0.035327 0.512775 0.070655 0.277228
0.0 0.063059 0.616785 0.119122 0.069208
1.0 0.277173 0.512775 0.195655 0.277228
0.0 0.186941 0.616785 0.119122 0.069208
1.0 0.472827 0.512775 0.195655 0.277228
0.0 0.563059 0.616785 0.119122 0.069208
1.0 0.777173 0.512775 0.195655 0.277228
0.0 0.686941 0.616785 0.119122 0.069208
1.0 0.937500 0.512775 0.125000 0.277228
1.0 0.035327 0.790003 0.070655 0.277228
0.0 0.063059 0.685993 0.119122 0.069208
1.0 0.277173 0.790003 0.195655 0.277228
0.0 0.186941 0.685993 0.119122 0.069208
1.0 0.472827 0.790003 0.195655 0.277228
0.0 0.563059 0.685993 0.119122 0.069208
1.0 0.777173 0.790003 0.195655 0.277228
0.0 0.686941 0.685993 0.119122 0.069208
1.0 0.937500 0.790003 0.125000 0.277228
1.0 0.277173 0.990205 0.195655 0.019589
1.0 0.472827 0.990205 0.195655 0.019589
1.0 0.777173 0.990205 0.195655 0.019589
