1.0 0.096778 0.093709 0.010466 0.026556
1.0 0.110879 0.097533 0.010964 0.026348
1.0 0.037739 0.061944 0.011794 0.034032
1.0 0.056827 0.066773 0.011744 0.033369
0.0 0.038092 0.041720 0.019439 0.015426
0.0 0.058677 0.047502 0.017556 0.013176
0.0 0.113826 0.085956 0.010247 0.007113
0.0 0.083336 0.109877 0.041582 0.082499
0.0 0.133811 0.119695 0.041476 0.111777
1.0 0.383063 0.068869 0.011276 0.027073
1.0 0.278222 0.093709 0.010466 0.026556
1.0 0.264121 0.097533 0.010964 0.026348
1.0 0.337261 0.061944 0.011794 0.034032
1.0 0.318173 0.066773 0.011744 0.033369
1.0 0.393854 0.066324 0.003959 0.024723
0.0 0.336908 0.041720 0.019439 0.015426
0.0 0.316323 0.047502 0.017556 0.013176
0.0 0.261174 0.085956 0.010247 0.007113
0.0 0.291664 0.109877 0.041582 0.082499
0.0 0.241189 0.119695 0.041476 0.111777
1.0 0.408604 0.068869 0.011276 0.027073
1.0 0.513445 0.093709 0.010466 0.026556
1.0 0.527545 0.097533 0.010964 0.026348
1.0 0.454406 0.061944 0.011794 0.034032
1.0 0.473493 0.066773 0.011744 0.033369
1.0 0.397813 0.066324 0.003959 0.024723
0.0 0.454758 0.041720 0.019439 0.015426
0.0 0.475344 0.047502 0.017556 0.013176
0.0 0.530493 0.085956 0.010247 0.007113
0.0 0.500003 0.109877 0.041582 0.082499
0.0 0.550478 0.119695 0.041476 0.111777
1.0 0.799730 0.068869 0.011276 0.027073
1.0 0.694889 0.093709 0.010466 0.026556
1.0 0.680788 0.097533 0.010964 0.026348
1.0 0.753927 0.061944 0.011794 0.034032
1.0 0.734840 0.066773 0.011744 0.033369
1.0 0.810520 0.066324 0.003959 0.024723
0.0 0.753575 0.041720 0.019439 0.015426
0.0 0.732990 0.047502 0.017556 0.013176
0.0 0.677840 0.085956 0.010247 0.007113
0.0 0.708331 0.109877 0.041582 0.082499
0.0 0.657856 0.119695 0.041476 0.111777
1.0 0.825270 0.068869 0.011276 0.027073
1.0 0.930111 0.093709 0.010466 0.026556
1.0 0.944212 0.097533 0.010964 0.026348
1.0 0.871073 0.061944 0.011794 0.034032
1.0 0.890160 0.066773 0.011744 0.033369
1.0 0.814480 0.066324 0.003959 0.024723
0.0 0.871425 0.041720 0.019439 0.015426
0.0 0.892010 0.047502 0.017556 0.013176
0.0 0.947160 0.085956 0.010247 0.007113
0.0 0.916669 0.109877 0.041582 0.082499
0.0 0.967144 0.119695 0.041476 0.111777
1.0 0.096778 0.535921 0.010466 0.026556
1.0 0.110879 0.532097 0.010964 0.026348
1.0 0.037739 0.567686 0.011794 0.034032
1.0 0.056827 0.562857 0.011744 0.033369
0.0 0.038092 0.587909 0.019439 0.015426
0.0 0.058677 0.582128 0.017556 0.013176
0.0 0.113826 0.543674 0.010247 0.007113
0.0 0.083336 0.519752 0.041582 0.082499
0.0 0.133811 0.509934 0.041476 0.111777
1.0 0.383063 0.560761 0.011276 0.027073
1.0 0.278222 0.535921 0.010466 0.026556
1.0 0.264121 0.532097 0.010964 0.026348
1.0 0.337261 0.567686 0.011794 0.034032
1.0 0.318173 0.562857 0.011744 0.033369
1.0 0.393854 0.563306 0.003959 0.024723
0.0 0.336908 0.587909 0.019439 0.015426
0.0 0.316323 0.582128 0.017556 0.013176
0.0 0.261174 0.543674 0.010247 0.007113
0.0 0.291664 0.519752 0.041582 0.082499
0.0 0.241189 0.509934 0.041476 0.111777
1.0 0.408604 0.560761 0.011276 0.027073
1.0 0.513445 0.535921 0.010466 0.026556
1.0 0.527545 0.532097 0.010964 0.026348
1.0 0.454406 0.567686 0.011794 0.034032
1.0 0.473493 0.562857 0.011744 0.033369
1.0 0.397813 0.563306 0.003959 0.024723
0.0 0.454758 0.587909 0.019439 0.015426
0.0 0.475344 0.582128 0.017556 0.013176
0.0 0.530493 0.543674 0.010247 0.007113
0.0 0.500003 0.519752 0.041582 0.082499
0.0 0.550478 0.509934 0.041476 0.111777
1.0 0.799730 0.560761 0.011276 0.027073
1.0 0.694889 0.535921 0.010466 0.026556
1.0 0.680788 0.532097 0.010964 0.026348
1.0 0.753927 0.567686 0.011794 0.034032
1.0 0.734840 0.562857 0.011744 0.033369
1.0 0.810520 0.563306 0.003959 0.024723
0.0 0.753575 0.587909 0.019439 0.015426
0.0 0.732990 0.582128 0.017556 0.013176
0.0 0.677840 0.543674 0.010247 0.007113
0.0 0.708331 0.519752 0.041582 0.082499
0.0 0.657856 0.509934 0.041476 0.111777
1.0 0.825270 0.560761 0.011276 0.027073
1.0 0.930111 0.535921 0.010466 0.026556
1.0 0.944212 0.532097 0.010964 0.026348
1.0 0.871073 0.567686 0.011794 0.034032
1.0 0.890160 0.562857 0.011744 0.033369
1.0 0.814480 0.563306 0.003959 0.024723
0.0 0.871425 0.587909 0.019439 0.015426
0.0 0.892010 0.582128 0.017556 0.013176
0.0 0.947160 0.543674 0.010247 0.007113
0.0 0.916669 0.519752 0.041582 0.082499
0.0 0.967144 0.509934 0.041476 0.111777
1.0 0.096778 0.834450 0.010466 0.026556
1.0 0.110879 0.838274 0.010964 0.026348
1.0 0.037739 0.802685 0.011794 0.034032
1.0 0.056827 0.807513 0.011744 0.033369
0.0 0.038092 0.782461 0.019439 0.015426
0.0 0.058677 0.788243 0.017556 0.013176
0.0 0.113826 0.826696 0.010247 0.007113
0.0 0.083336 0.850618 0.041582 0.082499
0.0 0.133811 0.860436 0.041476 0.111777
1.0 0.383063 0.809609 0.011276 0.027073
1.0 0.278222 0.834450 0.010466 0.026556
1.0 0.264121 0.838274 0.010964 0.026348
1.0 0.337261 0.802685 0.011794 0.034032
1.0 0.318173 0.807513 0.011744 0.033369
1.0 0.393854 0.807064 0.003959 0.024723
0.0 0.336908 0.782461 0.019439 0.015426
0.0 0.316323 0.788243 0.017556 0.013176
0.0 0.261174 0.826696 0.010247 0.007113
0.0 0.291664 0.850618 0.041582 0.082499
0.0 0.241189 0.860436 0.041476 0.111777
1.0 0.408604 0.809609 0.011276 0.027073
1.0 0.513445 0.834450 0.010466 0.026556
1.0 0.527545 0.838274 0.010964 0.026348
1.0 0.454406 0.802685 0.011794 0.034032
1.0 0.473493 0.807513 0.011744 0.033369
1.0 0.397813 0.807064 0.003959 0.024723
0.0 0.454758 0.782461 0.019439 0.015426
0.0 0.475344 0.788243 0.017556 0.013176
0.0 0.530493 0.826696 0.010247 0.007113
0.0 0.500003 0.850618 0.041582 0.082499
0.0 0.550478 0.860436 0.041476 0.111777
1.0 0.799730 0.809609 0.011276 0.027073
1.0 0.694889 0.834450 0.010466 0.026556
1.0 0.680788 0.838274 0.010964 0.026348
1.0 0.753927 0.802685 0.011794 0.034032
1.0 0.734840 0.807513 0.011744 0.033369
1.0 0.810520 0.807064 0.003959 0.024723
0.0 0.753575 0.782461 0.019439 0.015426
0.0 0.732990 0.788243 0.017556 0.013176
0.0 0.677840 0.826696 0.010247 0.007113
0.0 0.708331 0.850618 0.041582 0.082499
0.0 0.657856 0.860436 0.041476 0.111777
1.0 0.825270 0.809609 0.011276 0.027073
1.0 0.930111 0.834450 0.010466 0.026556
1.0 0.944212 0.838274 0.010964 0.026348
1.0 0.871073 0.802685 0.011794 0.034032
1.0 0.890160 0.807513 0.011744 0.033369
1.0 0.814480 0.807064 0.003959 0.024723
0.0 0.871425 0.782461 0.019439 0.015426
0.0 0.892010 0.788243 0.017556 0.013176
0.0 0.947160 0.826696 0.010247 0.007113
0.0 0.916669 0.850618 0.041582 0.082499
0.0 0.967144 0.860436 0.041476 0.111777
