1.0 0.453231 0.549696 0.156780 0.326686
1.0 0.318003 0.555430 0.186894 0.337044
1.0 0.938049 0.507753 0.123902 0.263944
1.0 0.174576 0.459578 0.068999 0.115741
1.0 0.035225 0.479962 0.062415 0.043655
1.0 0.608085 0.469058 0.030246 0.026717
1.0 0.732155 0.481119 0.034303 0.033333
1.0 0.876407 0.473913 0.026555 0.065905
1.0 0.776221 0.480280 0.034277 0.030061
1.0 0.541017 0.466208 0.032327 0.036568
1.0 0.217733 0.447271 0.022210 0.023300
1.0 0.107417 0.468180 0.038177 0.017047
1.0 0.153341 0.485371 0.030429 0.049619
0.0 0.245713 0.704477 0.128680 0.045443
0.0 0.366604 0.726003 0.145083 0.048716
