0.0 0.039029 0.539997 0.064364 0.089186
0.0 0.021639 0.504949 0.043277 0.062389
0.0 0.106855 0.553004 0.061951 0.078987
0.0 0.089509 0.508883 0.026908 0.047507
0.0 0.034685 0.661783 0.064913 0.069051
1.0 0.049507 0.637630 0.036840 0.045317
1.0 0.694930 0.701729 0.035760 0.051028
0.0 0.702885 0.601656 0.059853 0.086328
0.0 0.453159 0.539997 0.064364 0.089186
0.0 0.643844 0.605840 0.065613 0.088462
0.0 0.718947 0.556916 0.055957 0.058670
0.0 0.644895 0.570182 0.045192 0.059026
0.0 0.477463 0.504949 0.057106 0.062389
0.0 0.385333 0.553004 0.061951 0.078987
0.0 0.402679 0.508883 0.026908 0.047507
0.0 0.554094 0.658438 0.074967 0.077959
0.0 0.457502 0.661783 0.064913 0.069051
1.0 0.442681 0.637630 0.036840 0.045317
1.0 0.812883 0.701729 0.035760 0.051028
0.0 0.804928 0.601656 0.059853 0.086328
0.0 0.863968 0.605840 0.065613 0.088462
0.0 0.788865 0.556916 0.055957 0.058670
0.0 0.862918 0.570182 0.045192 0.059026
0.0 0.953718 0.658438 0.074967 0.077959
0.0 0.034685 0.983790 0.064913 0.032420
1.0 0.694930 0.962160 0.035760 0.051028
0.0 0.554094 0.983236 0.074967 0.033529
0.0 0.457502 0.983790 0.064913 0.032420
1.0 0.812883 0.962160 0.035760 0.051028
0.0 0.953718 0.983236 0.074967 0.033529
