1.0 0.080059 0.721455 0.053158 0.118130
1.0 0.136274 0.704231 0.059202 0.119982
1.0 0.066156 0.725714 0.028930 0.101851
1.0 0.007595 0.747471 0.015191 0.042892
1.0 0.123668 0.708767 0.032380 0.101668
1.0 0.171588 0.690739 0.041273 0.066755
0.0 0.152808 0.750646 0.032844 0.028505
1.0 0.533784 0.714809 0.132445 0.377103
1.0 0.837764 0.491707 0.051949 0.117759
1.0 0.564705 0.576574 0.028085 0.112661
1.0 0.396797 0.624409 0.053158 0.118130
1.0 0.679086 0.685934 0.135956 0.411389
1.0 0.340582 0.641633 0.059202 0.119982
1.0 0.775952 0.509443 0.051634 0.115449
1.0 0.764914 0.511621 0.031347 0.102591
1.0 0.410700 0.620149 0.028930 0.101851
1.0 0.822205 0.497678 0.035869 0.101763
1.0 0.474483 0.603014 0.024377 0.042892
1.0 0.353364 0.638390 0.032380 0.101668
1.0 0.612300 0.560788 0.026561 0.109981
1.0 0.304570 0.649995 0.041273 0.066755
0.0 0.552361 0.892295 0.102181 0.107557
0.0 0.705134 0.842816 0.095111 0.102933
0.0 0.337507 0.694055 0.032844 0.028505
0.0 0.854244 0.537729 0.036053 0.033186
0.0 0.604280 0.825581 0.044879 0.040318
0.0 0.752209 0.718885 0.124749 0.133423
