1.0 0.001953 0.022222 0.003906 0.044444
1.0 0.110352 0.030903 0.030078 0.061806
1.0 0.136719 0.032292 0.035937 0.064583
1.0 0.015820 0.022222 0.023828 0.044444
1.0 0.164844 0.010764 0.013281 0.021528
1.0 0.191992 0.014236 0.012109 0.009028
1.0 0.080273 0.009722 0.005859 0.005556
1.0 0.056055 0.011806 0.006641 0.006944
1.0 0.027930 0.009722 0.005078 0.013889
1.0 0.047461 0.011458 0.006641 0.006250
1.0 0.093359 0.009375 0.006250 0.007639
1.0 0.156445 0.006597 0.004297 0.004861
1.0 0.177930 0.011458 0.007422 0.003472
1.0 0.168945 0.014931 0.005859 0.010417
0.0 0.150586 0.061076 0.025035 0.009153
0.0 0.126973 0.065181 0.028230 0.009785
1.0 0.294336 0.030903 0.030078 0.061806
1.0 0.267969 0.032292 0.035937 0.064583
1.0 0.388867 0.022222 0.023828 0.044444
1.0 0.239844 0.010764 0.013281 0.021528
1.0 0.212695 0.014236 0.012109 0.009028
1.0 0.324414 0.009722 0.005859 0.005556
1.0 0.348633 0.011806 0.006641 0.006944
1.0 0.376758 0.009722 0.005078 0.013889
1.0 0.357227 0.011458 0.006641 0.006250
1.0 0.311328 0.009375 0.006250 0.007639
1.0 0.248242 0.006597 0.004297 0.004861
1.0 0.226758 0.011458 0.007422 0.003472
1.0 0.235742 0.014931 0.005859 0.010417
0.0 0.254102 0.061076 0.025035 0.009153
0.0 0.277715 0.065181 0.028230 0.009785
1.0 0.507227 0.030903 0.030078 0.061806
1.0 0.533594 0.032292 0.035937 0.064583
1.0 0.412695 0.022222 0.023828 0.044444
1.0 0.561719 0.010764 0.013281 0.021528
1.0 0.588867 0.014236 0.012109 0.009028
1.0 0.477148 0.009722 0.005859 0.005556
1.0 0.452930 0.011806 0.006641 0.006944
1.0 0.424805 0.009722 0.005078 0.013889
1.0 0.444336 0.011458 0.006641 0.006250
1.0 0.490234 0.009375 0.006250 0.007639
1.0 0.553320 0.006597 0.004297 0.004861
1.0 0.574805 0.011458 0.007422 0.003472
1.0 0.565820 0.014931 0.005859 0.010417
0.0 0.547461 0.061076 0.025035 0.009153
0.0 0.523848 0.065181 0.028230 0.009785
1.0 0.691211 0.030903 0.030078 0.061806
1.0 0.664844 0.032292 0.035937 0.064583
1.0 0.785742 0.022222 0.023828 0.044444
1.0 0.636719 0.010764 0.013281 0.021528
1.0 0.609570 0.014236 0.012109 0.009028
1.0 0.721289 0.009722 0.005859 0.005556
1.0 0.745508 0.011806 0.006641 0.006944
1.0 0.773633 0.009722 0.005078 0.013889
1.0 0.754102 0.011458 0.006641 0.006250
1.0 0.708203 0.009375 0.006250 0.007639
1.0 0.645117 0.006597 0.004297 0.004861
1.0 0.623633 0.011458 0.007422 0.003472
1.0 0.632617 0.014931 0.005859 0.010417
0.0 0.650977 0.061076 0.025035 0.009153
0.0 0.674590 0.065181 0.028230 0.009785
1.0 0.904102 0.030903 0.030078 0.061806
1.0 0.930469 0.032292 0.035937 0.064583
1.0 0.809570 0.022222 0.023828 0.044444
1.0 0.958594 0.010764 0.013281 0.021528
1.0 0.985742 0.014236 0.012109 0.009028
1.0 0.874023 0.009722 0.005859 0.005556
1.0 0.849805 0.011806 0.006641 0.006944
1.0 0.821680 0.009722 0.005078 0.013889
1.0 0.841211 0.011458 0.006641 0.006250
1.0 0.887109 0.009375 0.006250 0.007639
1.0 0.950195 0.006597 0.004297 0.004861
1.0 0.971680 0.011458 0.007422 0.003472
1.0 0.962695 0.014931 0.005859 0.010417
0.0 0.944336 0.061076 0.025035 0.009153
0.0 0.920723 0.065181 0.028230 0.009785
1.0 0.001953 0.279167 0.003906 0.055556
1.0 0.110352 0.268403 0.030078 0.068750
1.0 0.136719 0.266667 0.035937 0.070833
1.0 0.015820 0.279167 0.023828 0.055556
1.0 0.164844 0.286458 0.013281 0.024306
1.0 0.191992 0.281597 0.012109 0.009028
1.0 0.080273 0.286111 0.005859 0.005556
1.0 0.056055 0.284028 0.006641 0.006944
1.0 0.027930 0.286111 0.005078 0.013889
1.0 0.047461 0.284375 0.006641 0.006250
1.0 0.093359 0.286458 0.006250 0.007639
1.0 0.156445 0.289236 0.004297 0.004861
1.0 0.177930 0.284375 0.007422 0.003472
1.0 0.168945 0.280903 0.005859 0.010417
0.0 0.150586 0.234757 0.025035 0.009153
0.0 0.126973 0.230653 0.028230 0.009785
1.0 0.294336 0.268403 0.030078 0.068750
1.0 0.267969 0.266667 0.035937 0.070833
1.0 0.388867 0.279167 0.023828 0.055556
1.0 0.239844 0.286458 0.013281 0.024306
1.0 0.212695 0.281597 0.012109 0.009028
1.0 0.324414 0.286111 0.005859 0.005556
1.0 0.348633 0.284028 0.006641 0.006944
1.0 0.376758 0.286111 0.005078 0.013889
1.0 0.357227 0.284375 0.006641 0.006250
1.0 0.311328 0.286458 0.006250 0.007639
1.0 0.248242 0.289236 0.004297 0.004861
1.0 0.226758 0.284375 0.007422 0.003472
1.0 0.235742 0.280903 0.005859 0.010417
0.0 0.254102 0.234757 0.025035 0.009153
0.0 0.277715 0.230653 0.028230 0.009785
1.0 0.507227 0.268403 0.030078 0.068750
1.0 0.533594 0.266667 0.035937 0.070833
1.0 0.412695 0.279167 0.023828 0.055556
1.0 0.561719 0.286458 0.013281 0.024306
1.0 0.588867 0.281597 0.012109 0.009028
1.0 0.477148 0.286111 0.005859 0.005556
1.0 0.452930 0.284028 0.006641 0.006944
1.0 0.424805 0.286111 0.005078 0.013889
1.0 0.444336 0.284375 0.006641 0.006250
1.0 0.490234 0.286458 0.006250 0.007639
1.0 0.553320 0.289236 0.004297 0.004861
1.0 0.574805 0.284375 0.007422 0.003472
1.0 0.565820 0.280903 0.005859 0.010417
0.0 0.547461 0.234757 0.025035 0.009153
0.0 0.523848 0.230653 0.028230 0.009785
1.0 0.691211 0.268403 0.030078 0.068750
1.0 0.664844 0.266667 0.035937 0.070833
1.0 0.785742 0.279167 0.023828 0.055556
1.0 0.636719 0.286458 0.013281 0.024306
1.0 0.609570 0.281597 0.012109 0.009028
1.0 0.721289 0.286111 0.005859 0.005556
1.0 0.745508 0.284028 0.006641 0.006944
1.0 0.773633 0.286111 0.005078 0.013889
1.0 0.754102 0.284375 0.006641 0.006250
1.0 0.708203 0.286458 0.006250 0.007639
1.0 0.645117 0.289236 0.004297 0.004861
1.0 0.623633 0.284375 0.007422 0.003472
1.0 0.632617 0.280903 0.005859 0.010417
0.0 0.650977 0.234757 0.025035 0.009153
0.0 0.674590 0.230653 0.028230 0.009785
1.0 0.904102 0.268403 0.030078 0.068750
1.0 0.930469 0.266667 0.035937 0.070833
1.0 0.809570 0.279167 0.023828 0.055556
1.0 0.958594 0.286458 0.013281 0.024306
1.0 0.985742 0.281597 0.012109 0.009028
1.0 0.874023 0.286111 0.005859 0.005556
1.0 0.849805 0.284028 0.006641 0.006944
1.0 0.821680 0.286111 0.005078 0.013889
1.0 0.841211 0.284375 0.006641 0.006250
1.0 0.887109 0.286458 0.006250 0.007639
1.0 0.950195 0.289236 0.004297 0.004861
1.0 0.971680 0.284375 0.007422 0.003472
1.0 0.962695 0.280903 0.005859 0.010417
0.0 0.944336 0.234757 0.025035 0.009153
0.0 0.920723 0.230653 0.028230 0.009785
1.0 0.001953 0.486111 0.003906 0.055556
1.0 0.110352 0.496875 0.030078 0.068750
1.0 0.136719 0.498611 0.035937 0.070833
1.0 0.015820 0.486111 0.023828 0.055556
1.0 0.164844 0.478819 0.013281 0.024306
1.0 0.191992 0.483681 0.012109 0.009028
1.0 0.080273 0.479167 0.005859 0.005556
1.0 0.056055 0.481250 0.006641 0.006944
1.0 0.027930 0.479167 0.005078 0.013889
1.0 0.047461 0.480903 0.006641 0.006250
1.0 0.093359 0.478819 0.006250 0.007639
1.0 0.156445 0.476042 0.004297 0.004861
1.0 0.177930 0.480903 0.007422 0.003472
1.0 0.168945 0.484375 0.005859 0.010417
0.0 0.150586 0.530521 0.025035 0.009153
0.0 0.126973 0.534625 0.028230 0.009785
1.0 0.294336 0.496875 0.030078 0.068750
1.0 0.267969 0.498611 0.035937 0.070833
1.0 0.388867 0.486111 0.023828 0.055556
1.0 0.239844 0.478819 0.013281 0.024306
1.0 0.212695 0.483681 0.012109 0.009028
1.0 0.324414 0.479167 0.005859 0.005556
1.0 0.348633 0.481250 0.006641 0.006944
1.0 0.376758 0.479167 0.005078 0.013889
1.0 0.357227 0.480903 0.006641 0.006250
1.0 0.311328 0.478819 0.006250 0.007639
1.0 0.248242 0.476042 0.004297 0.004861
1.0 0.226758 0.480903 0.007422 0.003472
1.0 0.235742 0.484375 0.005859 0.010417
0.0 0.254102 0.530521 0.025035 0.009153
0.0 0.277715 0.534625 0.028230 0.009785
1.0 0.507227 0.496875 0.030078 0.068750
1.0 0.533594 0.498611 0.035937 0.070833
1.0 0.412695 0.486111 0.023828 0.055556
1.0 0.561719 0.478819 0.013281 0.024306
1.0 0.588867 0.483681 0.012109 0.009028
1.0 0.477148 0.479167 0.005859 0.005556
1.0 0.452930 0.481250 0.006641 0.006944
1.0 0.424805 0.479167 0.005078 0.013889
1.0 0.444336 0.480903 0.006641 0.006250
1.0 0.490234 0.478819 0.006250 0.007639
1.0 0.553320 0.476042 0.004297 0.004861
1.0 0.574805 0.480903 0.007422 0.003472
1.0 0.565820 0.484375 0.005859 0.010417
0.0 0.547461 0.530521 0.025035 0.009153
0.0 0.523848 0.534625 0.028230 0.009785
1.0 0.691211 0.496875 0.030078 0.068750
1.0 0.664844 0.498611 0.035937 0.070833
1.0 0.785742 0.486111 0.023828 0.055556
1.0 0.636719 0.478819 0.013281 0.024306
1.0 0.609570 0.483681 0.012109 0.009028
1.0 0.721289 0.479167 0.005859 0.005556
1.0 0.745508 0.481250 0.006641 0.006944
1.0 0.773633 0.479167 0.005078 0.013889
1.0 0.754102 0.480903 0.006641 0.006250
1.0 0.708203 0.478819 0.006250 0.007639
1.0 0.645117 0.476042 0.004297 0.004861
1.0 0.623633 0.480903 0.007422 0.003472
1.0 0.632617 0.484375 0.005859 0.010417
0.0 0.650977 0.530521 0.025035 0.009153
0.0 0.674590 0.534625 0.028230 0.009785
1.0 0.904102 0.496875 0.030078 0.068750
1.0 0.930469 0.498611 0.035937 0.070833
1.0 0.809570 0.486111 0.023828 0.055556
1.0 0.958594 0.478819 0.013281 0.024306
1.0 0.985742 0.483681 0.012109 0.009028
1.0 0.874023 0.479167 0.005859 0.005556
1.0 0.849805 0.481250 0.006641 0.006944
1.0 0.821680 0.479167 0.005078 0.013889
1.0 0.841211 0.480903 0.006641 0.006250
1.0 0.887109 0.478819 0.006250 0.007639
1.0 0.950195 0.476042 0.004297 0.004861
1.0 0.971680 0.480903 0.007422 0.003472
1.0 0.962695 0.484375 0.005859 0.010417
0.0 0.944336 0.530521 0.025035 0.009153
0.0 0.920723 0.534625 0.028230 0.009785
1.0 0.001953 0.748611 0.003906 0.055556
1.0 0.110352 0.737847 0.030078 0.068750
1.0 0.136719 0.736111 0.035937 0.070833
1.0 0.015820 0.748611 0.023828 0.055556
1.0 0.164844 0.755903 0.013281 0.024306
1.0 0.191992 0.751042 0.012109 0.009028
1.0 0.080273 0.755556 0.005859 0.005556
1.0 0.056055 0.753472 0.006641 0.006944
1.0 0.027930 0.755556 0.005078 0.013889
1.0 0.047461 0.753819 0.006641 0.006250
1.0 0.093359 0.755903 0.006250 0.007639
1.0 0.156445 0.758681 0.004297 0.004861
1.0 0.177930 0.753819 0.007422 0.003472
1.0 0.168945 0.750347 0.005859 0.010417
0.0 0.150586 0.704201 0.025035 0.009153
0.0 0.126973 0.700097 0.028230 0.009785
1.0 0.294336 0.737847 0.030078 0.068750
1.0 0.267969 0.736111 0.035937 0.070833
1.0 0.388867 0.748611 0.023828 0.055556
1.0 0.239844 0.755903 0.013281 0.024306
1.0 0.212695 0.751042 0.012109 0.009028
1.0 0.324414 0.755556 0.005859 0.005556
1.0 0.348633 0.753472 0.006641 0.006944
1.0 0.376758 0.755556 0.005078 0.013889
1.0 0.357227 0.753819 0.006641 0.006250
1.0 0.311328 0.755903 0.006250 0.007639
1.0 0.248242 0.758681 0.004297 0.004861
1.0 0.226758 0.753819 0.007422 0.003472
1.0 0.235742 0.750347 0.005859 0.010417
0.0 0.254102 0.704201 0.025035 0.009153
0.0 0.277715 0.700097 0.028230 0.009785
1.0 0.507227 0.737847 0.030078 0.068750
1.0 0.533594 0.736111 0.035937 0.070833
1.0 0.412695 0.748611 0.023828 0.055556
1.0 0.561719 0.755903 0.013281 0.024306
1.0 0.588867 0.751042 0.012109 0.009028
1.0 0.477148 0.755556 0.005859 0.005556
1.0 0.452930 0.753472 0.006641 0.006944
1.0 0.424805 0.755556 0.005078 0.013889
1.0 0.444336 0.753819 0.006641 0.006250
1.0 0.490234 0.755903 0.006250 0.007639
1.0 0.553320 0.758681 0.004297 0.004861
1.0 0.574805 0.753819 0.007422 0.003472
1.0 0.565820 0.750347 0.005859 0.010417
0.0 0.547461 0.704201 0.025035 0.009153
0.0 0.523848 0.700097 0.028230 0.009785
1.0 0.691211 0.737847 0.030078 0.068750
1.0 0.664844 0.736111 0.035937 0.070833
1.0 0.785742 0.748611 0.023828 0.055556
1.0 0.636719 0.755903 0.013281 0.024306
1.0 0.609570 0.751042 0.012109 0.009028
1.0 0.721289 0.755556 0.005859 0.005556
1.0 0.745508 0.753472 0.006641 0.006944
1.0 0.773633 0.755556 0.005078 0.013889
1.0 0.754102 0.753819 0.006641 0.006250
1.0 0.708203 0.755903 0.006250 0.007639
1.0 0.645117 0.758681 0.004297 0.004861
1.0 0.623633 0.753819 0.007422 0.003472
1.0 0.632617 0.750347 0.005859 0.010417
0.0 0.650977 0.704201 0.025035 0.009153
0.0 0.674590 0.700097 0.028230 0.009785
1.0 0.904102 0.737847 0.030078 0.068750
1.0 0.930469 0.736111 0.035937 0.070833
1.0 0.809570 0.748611 0.023828 0.055556
1.0 0.958594 0.755903 0.013281 0.024306
1.0 0.985742 0.751042 0.012109 0.009028
1.0 0.874023 0.755556 0.005859 0.005556
1.0 0.849805 0.753472 0.006641 0.006944
1.0 0.821680 0.755556 0.005078 0.013889
1.0 0.841211 0.753819 0.006641 0.006250
1.0 0.887109 0.755903 0.006250 0.007639
1.0 0.950195 0.758681 0.004297 0.004861
1.0 0.971680 0.753819 0.007422 0.003472
1.0 0.962695 0.750347 0.005859 0.010417
0.0 0.944336 0.704201 0.025035 0.009153
0.0 0.920723 0.700097 0.028230 0.009785
1.0 0.001953 0.955556 0.003906 0.055556
1.0 0.110352 0.965972 0.030078 0.068056
1.0 0.136719 0.966319 0.035937 0.067361
1.0 0.015820 0.955556 0.023828 0.055556
1.0 0.164844 0.948264 0.013281 0.024306
1.0 0.191992 0.953125 0.012109 0.009028
1.0 0.080273 0.948611 0.005859 0.005556
1.0 0.056055 0.950694 0.006641 0.006944
1.0 0.027930 0.948611 0.005078 0.013889
1.0 0.047461 0.950347 0.006641 0.006250
1.0 0.093359 0.948264 0.006250 0.007639
1.0 0.156445 0.945486 0.004297 0.004861
1.0 0.177930 0.950347 0.007422 0.003472
1.0 0.168945 0.953819 0.005859 0.010417
0.0 0.150586 0.997694 0.025035 0.004611
1.0 0.294336 0.965972 0.030078 0.068056
1.0 0.267969 0.966319 0.035937 0.067361
1.0 0.388867 0.955556 0.023828 0.055556
1.0 0.239844 0.948264 0.013281 0.024306
1.0 0.212695 0.953125 0.012109 0.009028
1.0 0.324414 0.948611 0.005859 0.005556
1.0 0.348633 0.950694 0.006641 0.006944
1.0 0.376758 0.948611 0.005078 0.013889
1.0 0.357227 0.950347 0.006641 0.006250
1.0 0.311328 0.948264 0.006250 0.007639
1.0 0.248242 0.945486 0.004297 0.004861
1.0 0.226758 0.950347 0.007422 0.003472
1.0 0.235742 0.953819 0.005859 0.010417
0.0 0.254102 0.997694 0.025035 0.004611
1.0 0.507227 0.965972 0.030078 0.068056
1.0 0.533594 0.966319 0.035937 0.067361
1.0 0.412695 0.955556 0.023828 0.055556
1.0 0.561719 0.948264 0.013281 0.024306
1.0 0.588867 0.953125 0.012109 0.009028
1.0 0.477148 0.948611 0.005859 0.005556
1.0 0.452930 0.950694 0.006641 0.006944
1.0 0.424805 0.948611 0.005078 0.013889
1.0 0.444336 0.950347 0.006641 0.006250
1.0 0.490234 0.948264 0.006250 0.007639
1.0 0.553320 0.945486 0.004297 0.004861
1.0 0.574805 0.950347 0.007422 0.003472
1.0 0.565820 0.953819 0.005859 0.010417
0.0 0.547461 0.997694 0.025035 0.004611
1.0 0.691211 0.965972 0.030078 0.068056
1.0 0.664844 0.966319 0.035937 0.067361
1.0 0.785742 0.955556 0.023828 0.055556
1.0 0.636719 0.948264 0.013281 0.024306
1.0 0.609570 0.953125 0.012109 0.009028
1.0 0.721289 0.948611 0.005859 0.005556
1.0 0.745508 0.950694 0.006641 0.006944
1.0 0.773633 0.948611 0.005078 0.013889
1.0 0.754102 0.950347 0.006641 0.006250
1.0 0.708203 0.948264 0.006250 0.007639
1.0 0.645117 0.945486 0.004297 0.004861
1.0 0.623633 0.950347 0.007422 0.003472
1.0 0.632617 0.953819 0.005859 0.010417
0.0 0.650977 0.997694 0.025035 0.004611
1.0 0.904102 0.965972 0.030078 0.068056
1.0 0.930469 0.966319 0.035937 0.067361
1.0 0.809570 0.955556 0.023828 0.055556
1.0 0.958594 0.948264 0.013281 0.024306
1.0 0.985742 0.953125 0.012109 0.009028
1.0 0.874023 0.948611 0.005859 0.005556
1.0 0.849805 0.950694 0.006641 0.006944
1.0 0.821680 0.948611 0.005078 0.013889
1.0 0.841211 0.950347 0.006641 0.006250
1.0 0.887109 0.948264 0.006250 0.007639
1.0 0.950195 0.945486 0.004297 0.004861
1.0 0.971680 0.950347 0.007422 0.003472
1.0 0.962695 0.953819 0.005859 0.010417
0.0 0.944336 0.997694 0.025035 0.004611
