1.0 0.166856 0.124709 0.072939 0.168543
1.0 0.199890 0.121351 0.052870 0.158058
0.0 0.186140 0.055872 0.036635 0.060168
0.0 0.129003 0.080493 0.028288 0.055411
1.0 0.520644 0.124709 0.072939 0.168543
1.0 0.487610 0.121351 0.052870 0.158058
0.0 0.501360 0.055872 0.036635 0.060168
0.0 0.558497 0.080493 0.028288 0.055411
1.0 0.791856 0.124709 0.072939 0.168543
1.0 0.824890 0.121351 0.052870 0.158058
0.0 0.811140 0.055872 0.036635 0.060168
0.0 0.754003 0.080493 0.028288 0.055411
1.0 0.166856 0.531541 0.072939 0.168543
1.0 0.199890 0.534899 0.052870 0.158058
0.0 0.186140 0.600378 0.036635 0.060168
0.0 0.129003 0.575757 0.028288 0.055411
1.0 0.520644 0.531541 0.072939 0.168543
1.0 0.487610 0.534899 0.052870 0.158058
0.0 0.501360 0.600378 0.036635 0.060168
0.0 0.558497 0.575757 0.028288 0.055411
1.0 0.791856 0.531541 0.072939 0.168543
1.0 0.824890 0.534899 0.052870 0.158058
0.0 0.811140 0.600378 0.036635 0.060168
0.0 0.754003 0.575757 0.028288 0.055411
1.0 0.166856 0.812209 0.072939 0.168543
1.0 0.199890 0.808851 0.052870 0.158058
0.0 0.186140 0.743372 0.036635 0.060168
0.0 0.129003 0.767993 0.028288 0.055411
1.0 0.520644 0.812209 0.072939 0.168543
1.0 0.487610 0.808851 0.052870 0.158058
0.0 0.501360 0.743372 0.036635 0.060168
0.0 0.558497 0.767993 0.028288 0.055411
1.0 0.791856 0.812209 0.072939 0.168543
1.0 0.824890 0.808851 0.052870 0.158058
0.0 0.811140 0.743372 0.036635 0.060168
0.0 0.754003 0.767993 0.028288 0.055411
