0.0 0.068454 0.104867 0.081451 0.203250
0.0 0.054590 0.208803 0.109180 0.235172
0.0 0.149905 0.104867 0.081451 0.203250
0.0 0.199482 0.208803 0.180606 0.235172
0.0 0.589548 0.104867 0.081451 0.203250
0.0 0.539971 0.208803 0.180606 0.235172
0.0 0.670999 0.104867 0.081451 0.203250
0.0 0.720576 0.208803 0.180606 0.235172
0.0 0.985381 0.208803 0.029238 0.235172
0.0 0.068454 0.547911 0.081451 0.203250
0.0 0.054590 0.443975 0.109180 0.235172
0.0 0.149905 0.547911 0.081451 0.203250
0.0 0.199482 0.443975 0.180606 0.235172
0.0 0.589548 0.547911 0.081451 0.203250
0.0 0.539971 0.443975 0.180606 0.235172
0.0 0.670999 0.547911 0.081451 0.203250
0.0 0.720576 0.443975 0.180606 0.235172
0.0 0.985381 0.443975 0.029238 0.235172
0.0 0.068454 0.799311 0.081451 0.203250
0.0 0.054590 0.892831 0.109180 0.214339
0.0 0.149905 0.799311 0.081451 0.203250
0.0 0.199482 0.892831 0.180606 0.214339
0.0 0.589548 0.799311 0.081451 0.203250
0.0 0.539971 0.892831 0.180606 0.214339
0.0 0.670999 0.799311 0.081451 0.203250
0.0 0.720576 0.892831 0.180606 0.214339
0.0 0.985381 0.892831 0.029238 0.214339
