1.0 0.014617 0.064153 0.029235 0.128307
1.0 0.217808 0.064153 0.057367 0.128307
1.0 0.309786 0.121757 0.020518 0.043508
1.0 0.289559 0.052022 0.058506 0.104044
1.0 0.287235 0.120205 0.014718 0.023307
1.0 0.521645 0.064153 0.057367 0.128307
1.0 0.429667 0.121757 0.020518 0.043508
1.0 0.449894 0.052022 0.058506 0.104044
1.0 0.452219 0.120205 0.014718 0.023307
1.0 0.738902 0.064153 0.057367 0.128307
1.0 0.830880 0.121757 0.020518 0.043508
1.0 0.810653 0.052022 0.058506 0.104044
1.0 0.808328 0.120205 0.014718 0.023307
1.0 0.950761 0.121757 0.020518 0.043508
1.0 0.970867 0.052022 0.058266 0.104044
1.0 0.973312 0.120205 0.014718 0.023307
1.0 0.014617 0.549481 0.029235 0.222241
0.0 0.035292 0.636815 0.070584 0.062222
0.0 0.044715 0.672104 0.089429 0.089124
1.0 0.217808 0.549481 0.057367 0.222241
1.0 0.309786 0.444910 0.020518 0.043508
1.0 0.289559 0.572426 0.058506 0.219608
1.0 0.287235 0.446462 0.014718 0.023307
0.0 0.291759 0.668012 0.098159 0.063857
0.0 0.287629 0.689187 0.109776 0.054960
0.0 0.196318 0.636815 0.097086 0.062222
0.0 0.183746 0.672104 0.109631 0.089124
1.0 0.521645 0.549481 0.057367 0.222241
1.0 0.429667 0.444910 0.020518 0.043508
1.0 0.449894 0.572426 0.058506 0.219608
1.0 0.452219 0.446462 0.014718 0.023307
0.0 0.447694 0.668012 0.098159 0.063857
0.0 0.451824 0.689187 0.109776 0.054960
0.0 0.543135 0.636815 0.097086 0.062222
0.0 0.555707 0.672104 0.109631 0.089124
1.0 0.738902 0.549481 0.057367 0.222241
1.0 0.830880 0.444910 0.020518 0.043508
1.0 0.810653 0.572426 0.058506 0.219608
1.0 0.808328 0.446462 0.014718 0.023307
0.0 0.812853 0.668012 0.098159 0.063857
0.0 0.808723 0.689187 0.109776 0.054960
0.0 0.717412 0.636815 0.097086 0.062222
0.0 0.704840 0.672104 0.109631 0.089124
1.0 0.950761 0.444910 0.020518 0.043508
1.0 0.970867 0.572426 0.058266 0.219608
1.0 0.973312 0.446462 0.014718 0.023307
0.0 0.959854 0.668012 0.080292 0.063857
0.0 0.959015 0.689187 0.081970 0.054960
1.0 0.014617 0.883853 0.029235 0.222241
0.0 0.035292 0.796518 0.070584 0.062222
0.0 0.044715 0.761229 0.089429 0.089124
1.0 0.217808 0.883853 0.057367 0.222241
1.0 0.309786 0.983335 0.020518 0.033330
1.0 0.289559 0.860907 0.058506 0.219608
1.0 0.287235 0.986871 0.014718 0.023307
0.0 0.291759 0.765322 0.098159 0.063857
0.0 0.287629 0.744147 0.109776 0.054960
0.0 0.196318 0.796518 0.097086 0.062222
0.0 0.183746 0.761229 0.109631 0.089124
1.0 0.521645 0.883853 0.057367 0.222241
1.0 0.429667 0.983335 0.020518 0.033330
1.0 0.449894 0.860907 0.058506 0.219608
1.0 0.452219 0.986871 0.014718 0.023307
0.0 0.447694 0.765322 0.098159 0.063857
0.0 0.451824 0.744147 0.109776 0.054960
0.0 0.543135 0.796518 0.097086 0.062222
0.0 0.555707 0.761229 0.109631 0.089124
1.0 0.738902 0.883853 0.057367 0.222241
1.0 0.830880 0.983335 0.020518 0.033330
1.0 0.810653 0.860907 0.058506 0.219608
1.0 0.808328 0.986871 0.014718 0.023307
0.0 0.812853 0.765322 0.098159 0.063857
0.0 0.808723 0.744147 0.109776 0.054960
0.0 0.717412 0.796518 0.097086 0.062222
0.0 0.704840 0.761229 0.109631 0.089124
1.0 0.950761 0.983335 0.020518 0.033330
1.0 0.970867 0.860907 0.058266 0.219608
1.0 0.973312 0.986871 0.014718 0.023307
0.0 0.959854 0.765322 0.080292 0.063857
0.0 0.959015 0.744147 0.081970 0.054960
