1.0 0.936571 0.694679 0.065722 0.128339
1.0 0.851088 0.681470 0.051345 0.125005
1.0 0.429231 0.756217 0.161214 0.413038
1.0 0.250179 0.581786 0.070313 0.130101
1.0 0.150695 0.567375 0.056688 0.126888
1.0 0.645333 0.785024 0.155553 0.406711
1.0 0.823382 0.674923 0.035696 0.114297
1.0 0.271184 0.586209 0.031932 0.113693
1.0 0.180431 0.572153 0.043003 0.112399
1.0 0.909513 0.695048 0.039473 0.104662
1.0 0.369995 0.604703 0.033899 0.047437
1.0 0.510213 0.629850 0.029956 0.127714
1.0 0.545484 0.637088 0.102598 0.144505
1.0 0.586470 0.638957 0.023342 0.118458
1.0 0.108110 0.550578 0.050831 0.055278
1.0 0.310572 0.605112 0.018055 0.013142
0.0 0.405044 0.948144 0.144108 0.103711
0.0 0.641702 0.966326 0.146360 0.067348
