0.0 0.106893 0.549037 0.053127 0.080631
0.0 0.090203 0.514913 0.046710 0.060699
0.0 0.156387 0.582926 0.049568 0.071719
0.0 0.145955 0.545754 0.022454 0.040187
0.0 0.027800 0.596171 0.055601 0.078306
0.0 0.097977 0.633172 0.052167 0.067110
1.0 0.110220 0.621522 0.029824 0.042031
1.0 0.582152 0.574985 0.031845 0.048323
0.0 0.585258 0.497481 0.053822 0.082099
0.0 0.385295 0.549037 0.053127 0.080631
0.0 0.536879 0.523998 0.057483 0.084333
0.0 0.597131 0.457239 0.049744 0.061662
0.0 0.536291 0.497228 0.039600 0.056870
0.0 0.401985 0.514913 0.046710 0.060699
0.0 0.335801 0.582926 0.049568 0.071719
0.0 0.346232 0.545754 0.022454 0.040187
0.0 0.467729 0.596171 0.062284 0.078306
0.0 0.394210 0.633172 0.052167 0.067110
1.0 0.381967 0.621522 0.029824 0.042031
1.0 0.925661 0.574985 0.031845 0.048323
0.0 0.922554 0.497481 0.053822 0.082099
0.0 0.970934 0.523998 0.057483 0.084333
0.0 0.910682 0.457239 0.049744 0.061662
0.0 0.971522 0.497228 0.039600 0.056870
