0.0 0.242578 0.003935 0.044531 0.007870
0.0 0.444922 0.003935 0.044531 0.007870
0.0 0.867578 0.003935 0.044531 0.007870
1.0 0.005339 0.465741 0.010677 0.392593
0.0 0.242578 0.309028 0.044531 0.115278
1.0 0.157161 0.465741 0.210677 0.392593
0.0 0.246354 0.622454 0.040104 0.112500
0.0 0.270182 0.506481 0.050781 0.131481
0.0 0.208724 0.615046 0.030990 0.087500
0.0 0.444922 0.309028 0.044531 0.115278
1.0 0.530339 0.465741 0.210677 0.392593
0.0 0.441146 0.622454 0.040104 0.112500
0.0 0.417318 0.506481 0.050781 0.131481
0.0 0.478776 0.615046 0.030990 0.087500
0.0 0.867578 0.309028 0.044531 0.115278
1.0 0.782161 0.465741 0.210677 0.392593
0.0 0.871354 0.622454 0.040104 0.112500
0.0 0.895182 0.506481 0.050781 0.131481
0.0 0.833724 0.615046 0.030990 0.087500
