1.0 0.044376 0.004657 0.018798 0.009315
1.0 0.019796 0.003563 0.019026 0.007126
0.0 0.043091 0.006944 0.016548 0.013889
0.0 0.017052 0.003745 0.015371 0.007490
1.0 0.135312 0.004657 0.018798 0.009315
1.0 0.159891 0.003563 0.019026 0.007126
0.0 0.136596 0.006944 0.016548 0.013889
0.0 0.162635 0.003745 0.015371 0.007490
1.0 0.278751 0.004657 0.018798 0.009315
1.0 0.254171 0.003563 0.019026 0.007126
0.0 0.277466 0.006944 0.016548 0.013889
0.0 0.251427 0.003745 0.015371 0.007490
1.0 0.369687 0.004657 0.018798 0.009315
1.0 0.394266 0.003563 0.019026 0.007126
0.0 0.370971 0.006944 0.016548 0.013889
0.0 0.397010 0.003745 0.015371 0.007490
1.0 0.513126 0.004657 0.018798 0.009315
1.0 0.488546 0.003563 0.019026 0.007126
0.0 0.511841 0.006944 0.016548 0.013889
0.0 0.485802 0.003745 0.015371 0.007490
1.0 0.604062 0.004657 0.018798 0.009315
1.0 0.628641 0.003563 0.019026 0.007126
0.0 0.605346 0.006944 0.016548 0.013889
0.0 0.631385 0.003745 0.015371 0.007490
1.0 0.747501 0.004657 0.018798 0.009315
1.0 0.722921 0.003563 0.019026 0.007126
0.0 0.746216 0.006944 0.016548 0.013889
0.0 0.720177 0.003745 0.015371 0.007490
1.0 0.838437 0.004657 0.018798 0.009315
1.0 0.863016 0.003563 0.019026 0.007126
0.0 0.839721 0.006944 0.016548 0.013889
0.0 0.865760 0.003745 0.015371 0.007490
1.0 0.981876 0.004657 0.018798 0.009315
1.0 0.957296 0.003563 0.019026 0.007126
0.0 0.980591 0.006944 0.016548 0.013889
0.0 0.954552 0.003745 0.015371 0.007490
1.0 0.044376 0.045467 0.018798 0.054008
1.0 0.037790 0.065325 0.003622 0.016092
1.0 0.066342 0.057910 0.007915 0.016962
1.0 0.019796 0.050095 0.019026 0.058886
1.0 0.075913 0.055254 0.008944 0.017248
1.0 0.002819 0.075647 0.005638 0.016576
1.0 0.003665 0.075297 0.004301 0.014675
1.0 0.063975 0.058566 0.003889 0.014561
1.0 0.053139 0.061235 0.003755 0.006178
1.0 0.073744 0.055762 0.004490 0.014548
1.0 0.029674 0.067745 0.003387 0.015706
1.0 0.082017 0.053935 0.006424 0.009628
0.0 0.043091 0.020942 0.016548 0.014106
0.0 0.017052 0.027770 0.015371 0.014963
0.0 0.076965 0.047754 0.005386 0.004168
0.0 0.041654 0.056501 0.011162 0.010480
1.0 0.135312 0.045467 0.018798 0.054008
1.0 0.188402 0.078395 0.007709 0.016905
1.0 0.141897 0.065325 0.003622 0.016092
1.0 0.113346 0.057910 0.007915 0.016962
1.0 0.159891 0.050095 0.019026 0.058886
1.0 0.103774 0.055254 0.008944 0.017248
1.0 0.177890 0.075647 0.007681 0.016576
1.0 0.176023 0.075297 0.004301 0.014675
1.0 0.115713 0.058566 0.003889 0.014561
1.0 0.185740 0.077488 0.005095 0.014575
1.0 0.126548 0.061235 0.003755 0.006178
1.0 0.105944 0.055762 0.004490 0.014548
1.0 0.150013 0.067745 0.003387 0.015706
1.0 0.097670 0.053935 0.006424 0.009628
0.0 0.136596 0.020942 0.016548 0.014106
0.0 0.162635 0.027770 0.015371 0.014963
0.0 0.102723 0.047754 0.005386 0.004168
0.0 0.190684 0.071876 0.005892 0.004844
0.0 0.138033 0.056501 0.011162 0.010480
1.0 0.278751 0.045467 0.018798 0.054008
1.0 0.225661 0.078395 0.007709 0.016905
1.0 0.272165 0.065325 0.003622 0.016092
1.0 0.300717 0.057910 0.007915 0.016962
1.0 0.254171 0.050095 0.019026 0.058886
1.0 0.310288 0.055254 0.008944 0.017248
1.0 0.236173 0.075647 0.007681 0.016576
1.0 0.238040 0.075297 0.004301 0.014675
1.0 0.298350 0.058566 0.003889 0.014561
1.0 0.228322 0.077488 0.005095 0.014575
1.0 0.287514 0.061235 0.003755 0.006178
1.0 0.308119 0.055762 0.004490 0.014548
1.0 0.264049 0.067745 0.003387 0.015706
1.0 0.316392 0.053935 0.006424 0.009628
0.0 0.277466 0.020942 0.016548 0.014106
0.0 0.251427 0.027770 0.015371 0.014963
0.0 0.311340 0.047754 0.005386 0.004168
0.0 0.223378 0.071876 0.005892 0.004844
0.0 0.276029 0.056501 0.011162 0.010480
1.0 0.369687 0.045467 0.018798 0.054008
1.0 0.422777 0.078395 0.007709 0.016905
1.0 0.376272 0.065325 0.003622 0.016092
1.0 0.347721 0.057910 0.007915 0.016962
1.0 0.394266 0.050095 0.019026 0.058886
1.0 0.338149 0.055254 0.008944 0.017248
1.0 0.412265 0.075647 0.007681 0.016576
1.0 0.410398 0.075297 0.004301 0.014675
1.0 0.350088 0.058566 0.003889 0.014561
1.0 0.420115 0.077488 0.005095 0.014575
1.0 0.360923 0.061235 0.003755 0.006178
1.0 0.340319 0.055762 0.004490 0.014548
1.0 0.384388 0.067745 0.003387 0.015706
1.0 0.332045 0.053935 0.006424 0.009628
0.0 0.370971 0.020942 0.016548 0.014106
0.0 0.397010 0.027770 0.015371 0.014963
0.0 0.337098 0.047754 0.005386 0.004168
0.0 0.425059 0.071876 0.005892 0.004844
0.0 0.372408 0.056501 0.011162 0.010480
1.0 0.513126 0.045467 0.018798 0.054008
1.0 0.460036 0.078395 0.007709 0.016905
1.0 0.506540 0.065325 0.003622 0.016092
1.0 0.535092 0.057910 0.007915 0.016962
1.0 0.488546 0.050095 0.019026 0.058886
1.0 0.544663 0.055254 0.008944 0.017248
1.0 0.470548 0.075647 0.007681 0.016576
1.0 0.472415 0.075297 0.004301 0.014675
1.0 0.532725 0.058566 0.003889 0.014561
1.0 0.462697 0.077488 0.005095 0.014575
1.0 0.521889 0.061235 0.003755 0.006178
1.0 0.542494 0.055762 0.004490 0.014548
1.0 0.498424 0.067745 0.003387 0.015706
1.0 0.550767 0.053935 0.006424 0.009628
0.0 0.511841 0.020942 0.016548 0.014106
0.0 0.485802 0.027770 0.015371 0.014963
0.0 0.545715 0.047754 0.005386 0.004168
0.0 0.457753 0.071876 0.005892 0.004844
0.0 0.510404 0.056501 0.011162 0.010480
1.0 0.604062 0.045467 0.018798 0.054008
1.0 0.657152 0.078395 0.007709 0.016905
1.0 0.610647 0.065325 0.003622 0.016092
1.0 0.582096 0.057910 0.007915 0.016962
1.0 0.628641 0.050095 0.019026 0.058886
1.0 0.572524 0.055254 0.008944 0.017248
1.0 0.646640 0.075647 0.007681 0.016576
1.0 0.644773 0.075297 0.004301 0.014675
1.0 0.584463 0.058566 0.003889 0.014561
1.0 0.654490 0.077488 0.005095 0.014575
1.0 0.595298 0.061235 0.003755 0.006178
1.0 0.574694 0.055762 0.004490 0.014548
1.0 0.618763 0.067745 0.003387 0.015706
1.0 0.566420 0.053935 0.006424 0.009628
0.0 0.605346 0.020942 0.016548 0.014106
0.0 0.631385 0.027770 0.015371 0.014963
0.0 0.571473 0.047754 0.005386 0.004168
0.0 0.659434 0.071876 0.005892 0.004844
0.0 0.606783 0.056501 0.011162 0.010480
1.0 0.747501 0.045467 0.018798 0.054008
1.0 0.694411 0.078395 0.007709 0.016905
1.0 0.740915 0.065325 0.003622 0.016092
1.0 0.769467 0.057910 0.007915 0.016962
1.0 0.722921 0.050095 0.019026 0.058886
1.0 0.779038 0.055254 0.008944 0.017248
1.0 0.704923 0.075647 0.007681 0.016576
1.0 0.706790 0.075297 0.004301 0.014675
1.0 0.767100 0.058566 0.003889 0.014561
1.0 0.697072 0.077488 0.005095 0.014575
1.0 0.756264 0.061235 0.003755 0.006178
1.0 0.776869 0.055762 0.004490 0.014548
1.0 0.732799 0.067745 0.003387 0.015706
1.0 0.785142 0.053935 0.006424 0.009628
0.0 0.746216 0.020942 0.016548 0.014106
0.0 0.720177 0.027770 0.015371 0.014963
0.0 0.780090 0.047754 0.005386 0.004168
0.0 0.692128 0.071876 0.005892 0.004844
0.0 0.744779 0.056501 0.011162 0.010480
1.0 0.838437 0.045467 0.018798 0.054008
1.0 0.891527 0.078395 0.007709 0.016905
1.0 0.845022 0.065325 0.003622 0.016092
1.0 0.816471 0.057910 0.007915 0.016962
1.0 0.863016 0.050095 0.019026 0.058886
1.0 0.806899 0.055254 0.008944 0.017248
1.0 0.881015 0.075647 0.007681 0.016576
1.0 0.879148 0.075297 0.004301 0.014675
1.0 0.818838 0.058566 0.003889 0.014561
1.0 0.888865 0.077488 0.005095 0.014575
1.0 0.829673 0.061235 0.003755 0.006178
1.0 0.809069 0.055762 0.004490 0.014548
1.0 0.853138 0.067745 0.003387 0.015706
1.0 0.800795 0.053935 0.006424 0.009628
0.0 0.839721 0.020942 0.016548 0.014106
0.0 0.865760 0.027770 0.015371 0.014963
0.0 0.805848 0.047754 0.005386 0.004168
0.0 0.893809 0.071876 0.005892 0.004844
0.0 0.841158 0.056501 0.011162 0.010480
1.0 0.981876 0.045467 0.018798 0.054008
1.0 0.928786 0.078395 0.007709 0.016905
1.0 0.975290 0.065325 0.003622 0.016092
1.0 0.957296 0.050095 0.019026 0.058886
1.0 0.939298 0.075647 0.007681 0.016576
1.0 0.941165 0.075297 0.004301 0.014675
1.0 0.999765 0.058566 0.000470 0.014561
1.0 0.931447 0.077488 0.005095 0.014575
1.0 0.990639 0.061235 0.003755 0.006178
1.0 0.967174 0.067745 0.003387 0.015706
0.0 0.980591 0.020942 0.016548 0.014106
0.0 0.954552 0.027770 0.015371 0.014963
0.0 0.926503 0.071876 0.005892 0.004844
0.0 0.979154 0.056501 0.011162 0.010480
1.0 0.044376 0.260089 0.018798 0.054008
1.0 0.037790 0.240231 0.003622 0.016092
1.0 0.066342 0.247646 0.007915 0.016962
1.0 0.019796 0.255461 0.019026 0.058886
1.0 0.075913 0.250301 0.008944 0.017248
1.0 0.002819 0.229909 0.005638 0.016576
1.0 0.003665 0.230258 0.004301 0.014675
1.0 0.063975 0.246989 0.003889 0.014561
1.0 0.053139 0.244320 0.003755 0.006178
1.0 0.073744 0.249794 0.004490 0.014548
1.0 0.029674 0.237811 0.003387 0.015706
1.0 0.082017 0.251620 0.006424 0.009628
0.0 0.043091 0.284614 0.016548 0.014106
0.0 0.017052 0.277786 0.015371 0.014963
0.0 0.076965 0.257802 0.005386 0.004168
0.0 0.041654 0.249054 0.011162 0.010480
1.0 0.135312 0.260089 0.018798 0.054008
1.0 0.188402 0.227161 0.007709 0.016905
1.0 0.141897 0.240231 0.003622 0.016092
1.0 0.113346 0.247646 0.007915 0.016962
1.0 0.159891 0.255461 0.019026 0.058886
1.0 0.103774 0.250301 0.008944 0.017248
1.0 0.177890 0.229909 0.007681 0.016576
1.0 0.176023 0.230258 0.004301 0.014675
1.0 0.115713 0.246989 0.003889 0.014561
1.0 0.185740 0.228068 0.005095 0.014575
1.0 0.126548 0.244320 0.003755 0.006178
1.0 0.105944 0.249794 0.004490 0.014548
1.0 0.150013 0.237811 0.003387 0.015706
1.0 0.097670 0.251620 0.006424 0.009628
0.0 0.136596 0.284614 0.016548 0.014106
0.0 0.162635 0.277786 0.015371 0.014963
0.0 0.102723 0.257802 0.005386 0.004168
0.0 0.190684 0.233680 0.005892 0.004844
0.0 0.138033 0.249054 0.011162 0.010480
1.0 0.278751 0.260089 0.018798 0.054008
1.0 0.225661 0.227161 0.007709 0.016905
1.0 0.272165 0.240231 0.003622 0.016092
1.0 0.300717 0.247646 0.007915 0.016962
1.0 0.254171 0.255461 0.019026 0.058886
1.0 0.310288 0.250301 0.008944 0.017248
1.0 0.236173 0.229909 0.007681 0.016576
1.0 0.238040 0.230258 0.004301 0.014675
1.0 0.298350 0.246989 0.003889 0.014561
1.0 0.228322 0.228068 0.005095 0.014575
1.0 0.287514 0.244320 0.003755 0.006178
1.0 0.308119 0.249794 0.004490 0.014548
1.0 0.264049 0.237811 0.003387 0.015706
1.0 0.316392 0.251620 0.006424 0.009628
0.0 0.277466 0.284614 0.016548 0.014106
0.0 0.251427 0.277786 0.015371 0.014963
0.0 0.311340 0.257802 0.005386 0.004168
0.0 0.223378 0.233680 0.005892 0.004844
0.0 0.276029 0.249054 0.011162 0.010480
1.0 0.369687 0.260089 0.018798 0.054008
1.0 0.422777 0.227161 0.007709 0.016905
1.0 0.376272 0.240231 0.003622 0.016092
1.0 0.347721 0.247646 0.007915 0.016962
1.0 0.394266 0.255461 0.019026 0.058886
1.0 0.338149 0.250301 0.008944 0.017248
1.0 0.412265 0.229909 0.007681 0.016576
1.0 0.410398 0.230258 0.004301 0.014675
1.0 0.350088 0.246989 0.003889 0.014561
1.0 0.420115 0.228068 0.005095 0.014575
1.0 0.360923 0.244320 0.003755 0.006178
1.0 0.340319 0.249794 0.004490 0.014548
1.0 0.384388 0.237811 0.003387 0.015706
1.0 0.332045 0.251620 0.006424 0.009628
0.0 0.370971 0.284614 0.016548 0.014106
0.0 0.397010 0.277786 0.015371 0.014963
0.0 0.337098 0.257802 0.005386 0.004168
0.0 0.425059 0.233680 0.005892 0.004844
0.0 0.372408 0.249054 0.011162 0.010480
1.0 0.513126 0.260089 0.018798 0.054008
1.0 0.460036 0.227161 0.007709 0.016905
1.0 0.506540 0.240231 0.003622 0.016092
1.0 0.535092 0.247646 0.007915 0.016962
1.0 0.488546 0.255461 0.019026 0.058886
1.0 0.544663 0.250301 0.008944 0.017248
1.0 0.470548 0.229909 0.007681 0.016576
1.0 0.472415 0.230258 0.004301 0.014675
1.0 0.532725 0.246989 0.003889 0.014561
1.0 0.462697 0.228068 0.005095 0.014575
1.0 0.521889 0.244320 0.003755 0.006178
1.0 0.542494 0.249794 0.004490 0.014548
1.0 0.498424 0.237811 0.003387 0.015706
1.0 0.550767 0.251620 0.006424 0.009628
0.0 0.511841 0.284614 0.016548 0.014106
0.0 0.485802 0.277786 0.015371 0.014963
0.0 0.545715 0.257802 0.005386 0.004168
0.0 0.457753 0.233680 0.005892 0.004844
0.0 0.510404 0.249054 0.011162 0.010480
1.0 0.604062 0.260089 0.018798 0.054008
1.0 0.657152 0.227161 0.007709 0.016905
1.0 0.610647 0.240231 0.003622 0.016092
1.0 0.582096 0.247646 0.007915 0.016962
1.0 0.628641 0.255461 0.019026 0.058886
1.0 0.572524 0.250301 0.008944 0.017248
1.0 0.646640 0.229909 0.007681 0.016576
1.0 0.644773 0.230258 0.004301 0.014675
1.0 0.584463 0.246989 0.003889 0.014561
1.0 0.654490 0.228068 0.005095 0.014575
1.0 0.595298 0.244320 0.003755 0.006178
1.0 0.574694 0.249794 0.004490 0.014548
1.0 0.618763 0.237811 0.003387 0.015706
1.0 0.566420 0.251620 0.006424 0.009628
0.0 0.605346 0.284614 0.016548 0.014106
0.0 0.631385 0.277786 0.015371 0.014963
0.0 0.571473 0.257802 0.005386 0.004168
0.0 0.659434 0.233680 0.005892 0.004844
0.0 0.606783 0.249054 0.011162 0.010480
1.0 0.747501 0.260089 0.018798 0.054008
1.0 0.694411 0.227161 0.007709 0.016905
1.0 0.740915 0.240231 0.003622 0.016092
1.0 0.769467 0.247646 0.007915 0.016962
1.0 0.722921 0.255461 0.019026 0.058886
1.0 0.779038 0.250301 0.008944 0.017248
1.0 0.704923 0.229909 0.007681 0.016576
1.0 0.706790 0.230258 0.004301 0.014675
1.0 0.767100 0.246989 0.003889 0.014561
1.0 0.697072 0.228068 0.005095 0.014575
1.0 0.756264 0.244320 0.003755 0.006178
1.0 0.776869 0.249794 0.004490 0.014548
1.0 0.732799 0.237811 0.003387 0.015706
1.0 0.785142 0.251620 0.006424 0.009628
0.0 0.746216 0.284614 0.016548 0.014106
0.0 0.720177 0.277786 0.015371 0.014963
0.0 0.780090 0.257802 0.005386 0.004168
0.0 0.692128 0.233680 0.005892 0.004844
0.0 0.744779 0.249054 0.011162 0.010480
1.0 0.838437 0.260089 0.018798 0.054008
1.0 0.891527 0.227161 0.007709 0.016905
1.0 0.845022 0.240231 0.003622 0.016092
1.0 0.816471 0.247646 0.007915 0.016962
1.0 0.863016 0.255461 0.019026 0.058886
1.0 0.806899 0.250301 0.008944 0.017248
1.0 0.881015 0.229909 0.007681 0.016576
1.0 0.879148 0.230258 0.004301 0.014675
1.0 0.818838 0.246989 0.003889 0.014561
1.0 0.888865 0.228068 0.005095 0.014575
1.0 0.829673 0.244320 0.003755 0.006178
1.0 0.809069 0.249794 0.004490 0.014548
1.0 0.853138 0.237811 0.003387 0.015706
1.0 0.800795 0.251620 0.006424 0.009628
0.0 0.839721 0.284614 0.016548 0.014106
0.0 0.865760 0.277786 0.015371 0.014963
0.0 0.805848 0.257802 0.005386 0.004168
0.0 0.893809 0.233680 0.005892 0.004844
0.0 0.841158 0.249054 0.011162 0.010480
1.0 0.981876 0.260089 0.018798 0.054008
1.0 0.928786 0.227161 0.007709 0.016905
1.0 0.975290 0.240231 0.003622 0.016092
1.0 0.957296 0.255461 0.019026 0.058886
1.0 0.939298 0.229909 0.007681 0.016576
1.0 0.941165 0.230258 0.004301 0.014675
1.0 0.999765 0.246989 0.000470 0.014561
1.0 0.931447 0.228068 0.005095 0.014575
1.0 0.990639 0.244320 0.003755 0.006178
1.0 0.967174 0.237811 0.003387 0.015706
0.0 0.980591 0.284614 0.016548 0.014106
0.0 0.954552 0.277786 0.015371 0.014963
0.0 0.926503 0.233680 0.005892 0.004844
0.0 0.979154 0.249054 0.011162 0.010480
1.0 0.044376 0.323245 0.018798 0.054008
1.0 0.037790 0.343103 0.003622 0.016092
1.0 0.066342 0.335687 0.007915 0.016962
1.0 0.019796 0.327873 0.019026 0.058886
1.0 0.075913 0.333032 0.008944 0.017248
1.0 0.002819 0.353425 0.005638 0.016576
1.0 0.003665 0.353075 0.004301 0.014675
1.0 0.063975 0.336344 0.003889 0.014561
1.0 0.053139 0.339013 0.003755 0.006178
1.0 0.073744 0.333540 0.004490 0.014548
1.0 0.029674 0.345523 0.003387 0.015706
1.0 0.082017 0.331713 0.006424 0.009628
0.0 0.043091 0.298720 0.016548 0.014106
0.0 0.017052 0.305547 0.015371 0.014963
0.0 0.076965 0.325531 0.005386 0.004168
0.0 0.041654 0.334279 0.011162 0.010480
1.0 0.135312 0.323245 0.018798 0.054008
1.0 0.188402 0.356172 0.007709 0.016905
1.0 0.141897 0.343103 0.003622 0.016092
1.0 0.113346 0.335687 0.007915 0.016962
1.0 0.159891 0.327873 0.019026 0.058886
1.0 0.103774 0.333032 0.008944 0.017248
1.0 0.177890 0.353425 0.007681 0.016576
1.0 0.176023 0.353075 0.004301 0.014675
1.0 0.115713 0.336344 0.003889 0.014561
1.0 0.185740 0.355265 0.005095 0.014575
1.0 0.126548 0.339013 0.003755 0.006178
1.0 0.105944 0.333540 0.004490 0.014548
1.0 0.150013 0.345523 0.003387 0.015706
1.0 0.097670 0.331713 0.006424 0.009628
0.0 0.136596 0.298720 0.016548 0.014106
0.0 0.162635 0.305547 0.015371 0.014963
0.0 0.102723 0.325531 0.005386 0.004168
0.0 0.190684 0.349654 0.005892 0.004844
0.0 0.138033 0.334279 0.011162 0.010480
1.0 0.278751 0.323245 0.018798 0.054008
1.0 0.225661 0.356172 0.007709 0.016905
1.0 0.272165 0.343103 0.003622 0.016092
1.0 0.300717 0.335687 0.007915 0.016962
1.0 0.254171 0.327873 0.019026 0.058886
1.0 0.310288 0.333032 0.008944 0.017248
1.0 0.236173 0.353425 0.007681 0.016576
1.0 0.238040 0.353075 0.004301 0.014675
1.0 0.298350 0.336344 0.003889 0.014561
1.0 0.228322 0.355265 0.005095 0.014575
1.0 0.287514 0.339013 0.003755 0.006178
1.0 0.308119 0.333540 0.004490 0.014548
1.0 0.264049 0.345523 0.003387 0.015706
1.0 0.316392 0.331713 0.006424 0.009628
0.0 0.277466 0.298720 0.016548 0.014106
0.0 0.251427 0.305547 0.015371 0.014963
0.0 0.311340 0.325531 0.005386 0.004168
0.0 0.223378 0.349654 0.005892 0.004844
0.0 0.276029 0.334279 0.011162 0.010480
1.0 0.369687 0.323245 0.018798 0.054008
1.0 0.422777 0.356172 0.007709 0.016905
1.0 0.376272 0.343103 0.003622 0.016092
1.0 0.347721 0.335687 0.007915 0.016962
1.0 0.394266 0.327873 0.019026 0.058886
1.0 0.338149 0.333032 0.008944 0.017248
1.0 0.412265 0.353425 0.007681 0.016576
1.0 0.410398 0.353075 0.004301 0.014675
1.0 0.350088 0.336344 0.003889 0.014561
1.0 0.420115 0.355265 0.005095 0.014575
1.0 0.360923 0.339013 0.003755 0.006178
1.0 0.340319 0.333540 0.004490 0.014548
1.0 0.384388 0.345523 0.003387 0.015706
1.0 0.332045 0.331713 0.006424 0.009628
0.0 0.370971 0.298720 0.016548 0.014106
0.0 0.397010 0.305547 0.015371 0.014963
0.0 0.337098 0.325531 0.005386 0.004168
0.0 0.425059 0.349654 0.005892 0.004844
0.0 0.372408 0.334279 0.011162 0.010480
1.0 0.513126 0.323245 0.018798 0.054008
1.0 0.460036 0.356172 0.007709 0.016905
1.0 0.506540 0.343103 0.003622 0.016092
1.0 0.535092 0.335687 0.007915 0.016962
1.0 0.488546 0.327873 0.019026 0.058886
1.0 0.544663 0.333032 0.008944 0.017248
1.0 0.470548 0.353425 0.007681 0.016576
1.0 0.472415 0.353075 0.004301 0.014675
1.0 0.532725 0.336344 0.003889 0.014561
1.0 0.462697 0.355265 0.005095 0.014575
1.0 0.521889 0.339013 0.003755 0.006178
1.0 0.542494 0.333540 0.004490 0.014548
1.0 0.498424 0.345523 0.003387 0.015706
1.0 0.550767 0.331713 0.006424 0.009628
0.0 0.511841 0.298720 0.016548 0.014106
0.0 0.485802 0.305547 0.015371 0.014963
0.0 0.545715 0.325531 0.005386 0.004168
0.0 0.457753 0.349654 0.005892 0.004844
0.0 0.510404 0.334279 0.011162 0.010480
1.0 0.604062 0.323245 0.018798 0.054008
1.0 0.657152 0.356172 0.007709 0.016905
1.0 0.610647 0.343103 0.003622 0.016092
1.0 0.582096 0.335687 0.007915 0.016962
1.0 0.628641 0.327873 0.019026 0.058886
1.0 0.572524 0.333032 0.008944 0.017248
1.0 0.646640 0.353425 0.007681 0.016576
1.0 0.644773 0.353075 0.004301 0.014675
1.0 0.584463 0.336344 0.003889 0.014561
1.0 0.654490 0.355265 0.005095 0.014575
1.0 0.595298 0.339013 0.003755 0.006178
1.0 0.574694 0.333540 0.004490 0.014548
1.0 0.618763 0.345523 0.003387 0.015706
1.0 0.566420 0.331713 0.006424 0.009628
0.0 0.605346 0.298720 0.016548 0.014106
0.0 0.631385 0.305547 0.015371 0.014963
0.0 0.571473 0.325531 0.005386 0.004168
0.0 0.659434 0.349654 0.005892 0.004844
0.0 0.606783 0.334279 0.011162 0.010480
1.0 0.747501 0.323245 0.018798 0.054008
1.0 0.694411 0.356172 0.007709 0.016905
1.0 0.740915 0.343103 0.003622 0.016092
1.0 0.769467 0.335687 0.007915 0.016962
1.0 0.722921 0.327873 0.019026 0.058886
1.0 0.779038 0.333032 0.008944 0.017248
1.0 0.704923 0.353425 0.007681 0.016576
1.0 0.706790 0.353075 0.004301 0.014675
1.0 0.767100 0.336344 0.003889 0.014561
1.0 0.697072 0.355265 0.005095 0.014575
1.0 0.756264 0.339013 0.003755 0.006178
1.0 0.776869 0.333540 0.004490 0.014548
1.0 0.732799 0.345523 0.003387 0.015706
1.0 0.785142 0.331713 0.006424 0.009628
0.0 0.746216 0.298720 0.016548 0.014106
0.0 0.720177 0.305547 0.015371 0.014963
0.0 0.780090 0.325531 0.005386 0.004168
0.0 0.692128 0.349654 0.005892 0.004844
0.0 0.744779 0.334279 0.011162 0.010480
1.0 0.838437 0.323245 0.018798 0.054008
1.0 0.891527 0.356172 0.007709 0.016905
1.0 0.845022 0.343103 0.003622 0.016092
1.0 0.816471 0.335687 0.007915 0.016962
1.0 0.863016 0.327873 0.019026 0.058886
1.0 0.806899 0.333032 0.008944 0.017248
1.0 0.881015 0.353425 0.007681 0.016576
1.0 0.879148 0.353075 0.004301 0.014675
1.0 0.818838 0.336344 0.003889 0.014561
1.0 0.888865 0.355265 0.005095 0.014575
1.0 0.829673 0.339013 0.003755 0.006178
1.0 0.809069 0.333540 0.004490 0.014548
1.0 0.853138 0.345523 0.003387 0.015706
1.0 0.800795 0.331713 0.006424 0.009628
0.0 0.839721 0.298720 0.016548 0.014106
0.0 0.865760 0.305547 0.015371 0.014963
0.0 0.805848 0.325531 0.005386 0.004168
0.0 0.893809 0.349654 0.005892 0.004844
0.0 0.841158 0.334279 0.011162 0.010480
1.0 0.981876 0.323245 0.018798 0.054008
1.0 0.928786 0.356172 0.007709 0.016905
1.0 0.975290 0.343103 0.003622 0.016092
1.0 0.957296 0.327873 0.019026 0.058886
1.0 0.939298 0.353425 0.007681 0.016576
1.0 0.941165 0.353075 0.004301 0.014675
1.0 0.999765 0.336344 0.000470 0.014561
1.0 0.931447 0.355265 0.005095 0.014575
1.0 0.990639 0.339013 0.003755 0.006178
1.0 0.967174 0.345523 0.003387 0.015706
0.0 0.980591 0.298720 0.016548 0.014106
0.0 0.954552 0.305547 0.015371 0.014963
0.0 0.926503 0.349654 0.005892 0.004844
0.0 0.979154 0.334279 0.011162 0.010480
1.0 0.044376 0.537866 0.018798 0.054008
1.0 0.037790 0.518008 0.003622 0.016092
1.0 0.066342 0.525424 0.007915 0.016962
1.0 0.019796 0.533238 0.019026 0.058886
1.0 0.075913 0.528079 0.008944 0.017248
1.0 0.002819 0.507687 0.005638 0.016576
1.0 0.003665 0.508036 0.004301 0.014675
1.0 0.063975 0.524767 0.003889 0.014561
1.0 0.053139 0.522098 0.003755 0.006178
1.0 0.073744 0.527571 0.004490 0.014548
1.0 0.029674 0.515588 0.003387 0.015706
1.0 0.082017 0.529398 0.006424 0.009628
0.0 0.043091 0.562391 0.016548 0.014106
0.0 0.017052 0.555564 0.015371 0.014963
0.0 0.076965 0.535580 0.005386 0.004168
0.0 0.041654 0.526832 0.011162 0.010480
1.0 0.135312 0.537866 0.018798 0.054008
1.0 0.188402 0.504939 0.007709 0.016905
1.0 0.141897 0.518008 0.003622 0.016092
1.0 0.113346 0.525424 0.007915 0.016962
1.0 0.159891 0.533238 0.019026 0.058886
1.0 0.103774 0.528079 0.008944 0.017248
1.0 0.177890 0.507687 0.007681 0.016576
1.0 0.176023 0.508036 0.004301 0.014675
1.0 0.115713 0.524767 0.003889 0.014561
1.0 0.185740 0.505846 0.005095 0.014575
1.0 0.126548 0.522098 0.003755 0.006178
1.0 0.105944 0.527571 0.004490 0.014548
1.0 0.150013 0.515588 0.003387 0.015706
1.0 0.097670 0.529398 0.006424 0.009628
0.0 0.136596 0.562391 0.016548 0.014106
0.0 0.162635 0.555564 0.015371 0.014963
0.0 0.102723 0.535580 0.005386 0.004168
0.0 0.190684 0.511457 0.005892 0.004844
0.0 0.138033 0.526832 0.011162 0.010480
1.0 0.278751 0.537866 0.018798 0.054008
1.0 0.225661 0.504939 0.007709 0.016905
1.0 0.272165 0.518008 0.003622 0.016092
1.0 0.300717 0.525424 0.007915 0.016962
1.0 0.254171 0.533238 0.019026 0.058886
1.0 0.310288 0.528079 0.008944 0.017248
1.0 0.236173 0.507687 0.007681 0.016576
1.0 0.238040 0.508036 0.004301 0.014675
1.0 0.298350 0.524767 0.003889 0.014561
1.0 0.228322 0.505846 0.005095 0.014575
1.0 0.287514 0.522098 0.003755 0.006178
1.0 0.308119 0.527571 0.004490 0.014548
1.0 0.264049 0.515588 0.003387 0.015706
1.0 0.316392 0.529398 0.006424 0.009628
0.0 0.277466 0.562391 0.016548 0.014106
0.0 0.251427 0.555564 0.015371 0.014963
0.0 0.311340 0.535580 0.005386 0.004168
0.0 0.223378 0.511457 0.005892 0.004844
0.0 0.276029 0.526832 0.011162 0.010480
1.0 0.369687 0.537866 0.018798 0.054008
1.0 0.422777 0.504939 0.007709 0.016905
1.0 0.376272 0.518008 0.003622 0.016092
1.0 0.347721 0.525424 0.007915 0.016962
1.0 0.394266 0.533238 0.019026 0.058886
1.0 0.338149 0.528079 0.008944 0.017248
1.0 0.412265 0.507687 0.007681 0.016576
1.0 0.410398 0.508036 0.004301 0.014675
1.0 0.350088 0.524767 0.003889 0.014561
1.0 0.420115 0.505846 0.005095 0.014575
1.0 0.360923 0.522098 0.003755 0.006178
1.0 0.340319 0.527571 0.004490 0.014548
1.0 0.384388 0.515588 0.003387 0.015706
1.0 0.332045 0.529398 0.006424 0.009628
0.0 0.370971 0.562391 0.016548 0.014106
0.0 0.397010 0.555564 0.015371 0.014963
0.0 0.337098 0.535580 0.005386 0.004168
0.0 0.425059 0.511457 0.005892 0.004844
0.0 0.372408 0.526832 0.011162 0.010480
1.0 0.513126 0.537866 0.018798 0.054008
1.0 0.460036 0.504939 0.007709 0.016905
1.0 0.506540 0.518008 0.003622 0.016092
1.0 0.535092 0.525424 0.007915 0.016962
1.0 0.488546 0.533238 0.019026 0.058886
1.0 0.544663 0.528079 0.008944 0.017248
1.0 0.470548 0.507687 0.007681 0.016576
1.0 0.472415 0.508036 0.004301 0.014675
1.0 0.532725 0.524767 0.003889 0.014561
1.0 0.462697 0.505846 0.005095 0.014575
1.0 0.521889 0.522098 0.003755 0.006178
1.0 0.542494 0.527571 0.004490 0.014548
1.0 0.498424 0.515588 0.003387 0.015706
1.0 0.550767 0.529398 0.006424 0.009628
0.0 0.511841 0.562391 0.016548 0.014106
0.0 0.485802 0.555564 0.015371 0.014963
0.0 0.545715 0.535580 0.005386 0.004168
0.0 0.457753 0.511457 0.005892 0.004844
0.0 0.510404 0.526832 0.011162 0.010480
1.0 0.604062 0.537866 0.018798 0.054008
1.0 0.657152 0.504939 0.007709 0.016905
1.0 0.610647 0.518008 0.003622 0.016092
1.0 0.582096 0.525424 0.007915 0.016962
1.0 0.628641 0.533238 0.019026 0.058886
1.0 0.572524 0.528079 0.008944 0.017248
1.0 0.646640 0.507687 0.007681 0.016576
1.0 0.644773 0.508036 0.004301 0.014675
1.0 0.584463 0.524767 0.003889 0.014561
1.0 0.654490 0.505846 0.005095 0.014575
1.0 0.595298 0.522098 0.003755 0.006178
1.0 0.574694 0.527571 0.004490 0.014548
1.0 0.618763 0.515588 0.003387 0.015706
1.0 0.566420 0.529398 0.006424 0.009628
0.0 0.605346 0.562391 0.016548 0.014106
0.0 0.631385 0.555564 0.015371 0.014963
0.0 0.571473 0.535580 0.005386 0.004168
0.0 0.659434 0.511457 0.005892 0.004844
0.0 0.606783 0.526832 0.011162 0.010480
1.0 0.747501 0.537866 0.018798 0.054008
1.0 0.694411 0.504939 0.007709 0.016905
1.0 0.740915 0.518008 0.003622 0.016092
1.0 0.769467 0.525424 0.007915 0.016962
1.0 0.722921 0.533238 0.019026 0.058886
1.0 0.779038 0.528079 0.008944 0.017248
1.0 0.704923 0.507687 0.007681 0.016576
1.0 0.706790 0.508036 0.004301 0.014675
1.0 0.767100 0.524767 0.003889 0.014561
1.0 0.697072 0.505846 0.005095 0.014575
1.0 0.756264 0.522098 0.003755 0.006178
1.0 0.776869 0.527571 0.004490 0.014548
1.0 0.732799 0.515588 0.003387 0.015706
1.0 0.785142 0.529398 0.006424 0.009628
0.0 0.746216 0.562391 0.016548 0.014106
0.0 0.720177 0.555564 0.015371 0.014963
0.0 0.780090 0.535580 0.005386 0.004168
0.0 0.692128 0.511457 0.005892 0.004844
0.0 0.744779 0.526832 0.011162 0.010480
1.0 0.838437 0.537866 0.018798 0.054008
1.0 0.891527 0.504939 0.007709 0.016905
1.0 0.845022 0.518008 0.003622 0.016092
1.0 0.816471 0.525424 0.007915 0.016962
1.0 0.863016 0.533238 0.019026 0.058886
1.0 0.806899 0.528079 0.008944 0.017248
1.0 0.881015 0.507687 0.007681 0.016576
1.0 0.879148 0.508036 0.004301 0.014675
1.0 0.818838 0.524767 0.003889 0.014561
1.0 0.888865 0.505846 0.005095 0.014575
1.0 0.829673 0.522098 0.003755 0.006178
1.0 0.809069 0.527571 0.004490 0.014548
1.0 0.853138 0.515588 0.003387 0.015706
1.0 0.800795 0.529398 0.006424 0.009628
0.0 0.839721 0.562391 0.016548 0.014106
0.0 0.865760 0.555564 0.015371 0.014963
0.0 0.805848 0.535580 0.005386 0.004168
0.0 0.893809 0.511457 0.005892 0.004844
0.0 0.841158 0.526832 0.011162 0.010480
1.0 0.981876 0.537866 0.018798 0.054008
1.0 0.928786 0.504939 0.007709 0.016905
1.0 0.975290 0.518008 0.003622 0.016092
1.0 0.957296 0.533238 0.019026 0.058886
1.0 0.939298 0.507687 0.007681 0.016576
1.0 0.941165 0.508036 0.004301 0.014675
1.0 0.999765 0.524767 0.000470 0.014561
1.0 0.931447 0.505846 0.005095 0.014575
1.0 0.990639 0.522098 0.003755 0.006178
1.0 0.967174 0.515588 0.003387 0.015706
0.0 0.980591 0.562391 0.016548 0.014106
0.0 0.954552 0.555564 0.015371 0.014963
0.0 0.926503 0.511457 0.005892 0.004844
0.0 0.979154 0.526832 0.011162 0.010480
1.0 0.044376 0.601022 0.018798 0.054008
1.0 0.037790 0.620880 0.003622 0.016092
1.0 0.066342 0.613465 0.007915 0.016962
1.0 0.019796 0.605650 0.019026 0.058886
1.0 0.075913 0.610810 0.008944 0.017248
1.0 0.002819 0.631202 0.005638 0.016576
1.0 0.003665 0.630853 0.004301 0.014675
1.0 0.063975 0.614122 0.003889 0.014561
1.0 0.053139 0.616791 0.003755 0.006178
1.0 0.073744 0.611317 0.004490 0.014548
1.0 0.029674 0.623300 0.003387 0.015706
1.0 0.082017 0.609491 0.006424 0.009628
0.0 0.043091 0.576497 0.016548 0.014106
0.0 0.017052 0.583325 0.015371 0.014963
0.0 0.076965 0.603309 0.005386 0.004168
0.0 0.041654 0.612057 0.011162 0.010480
1.0 0.135312 0.601022 0.018798 0.054008
1.0 0.188402 0.633950 0.007709 0.016905
1.0 0.141897 0.620880 0.003622 0.016092
1.0 0.113346 0.613465 0.007915 0.016962
1.0 0.159891 0.605650 0.019026 0.058886
1.0 0.103774 0.610810 0.008944 0.017248
1.0 0.177890 0.631202 0.007681 0.016576
1.0 0.176023 0.630853 0.004301 0.014675
1.0 0.115713 0.614122 0.003889 0.014561
1.0 0.185740 0.633043 0.005095 0.014575
1.0 0.126548 0.616791 0.003755 0.006178
1.0 0.105944 0.611317 0.004490 0.014548
1.0 0.150013 0.623300 0.003387 0.015706
1.0 0.097670 0.609491 0.006424 0.009628
0.0 0.136596 0.576497 0.016548 0.014106
0.0 0.162635 0.583325 0.015371 0.014963
0.0 0.102723 0.603309 0.005386 0.004168
0.0 0.190684 0.627431 0.005892 0.004844
0.0 0.138033 0.612057 0.011162 0.010480
1.0 0.278751 0.601022 0.018798 0.054008
1.0 0.225661 0.633950 0.007709 0.016905
1.0 0.272165 0.620880 0.003622 0.016092
1.0 0.300717 0.613465 0.007915 0.016962
1.0 0.254171 0.605650 0.019026 0.058886
1.0 0.310288 0.610810 0.008944 0.017248
1.0 0.236173 0.631202 0.007681 0.016576
1.0 0.238040 0.630853 0.004301 0.014675
1.0 0.298350 0.614122 0.003889 0.014561
1.0 0.228322 0.633043 0.005095 0.014575
1.0 0.287514 0.616791 0.003755 0.006178
1.0 0.308119 0.611317 0.004490 0.014548
1.0 0.264049 0.623300 0.003387 0.015706
1.0 0.316392 0.609491 0.006424 0.009628
0.0 0.277466 0.576497 0.016548 0.014106
0.0 0.251427 0.583325 0.015371 0.014963
0.0 0.311340 0.603309 0.005386 0.004168
0.0 0.223378 0.627431 0.005892 0.004844
0.0 0.276029 0.612057 0.011162 0.010480
1.0 0.369687 0.601022 0.018798 0.054008
1.0 0.422777 0.633950 0.007709 0.016905
1.0 0.376272 0.620880 0.003622 0.016092
1.0 0.347721 0.613465 0.007915 0.016962
1.0 0.394266 0.605650 0.019026 0.058886
1.0 0.338149 0.610810 0.008944 0.017248
1.0 0.412265 0.631202 0.007681 0.016576
1.0 0.410398 0.630853 0.004301 0.014675
1.0 0.350088 0.614122 0.003889 0.014561
1.0 0.420115 0.633043 0.005095 0.014575
1.0 0.360923 0.616791 0.003755 0.006178
1.0 0.340319 0.611317 0.004490 0.014548
1.0 0.384388 0.623300 0.003387 0.015706
1.0 0.332045 0.609491 0.006424 0.009628
0.0 0.370971 0.576497 0.016548 0.014106
0.0 0.397010 0.583325 0.015371 0.014963
0.0 0.337098 0.603309 0.005386 0.004168
0.0 0.425059 0.627431 0.005892 0.004844
0.0 0.372408 0.612057 0.011162 0.010480
1.0 0.513126 0.601022 0.018798 0.054008
1.0 0.460036 0.633950 0.007709 0.016905
1.0 0.506540 0.620880 0.003622 0.016092
1.0 0.535092 0.613465 0.007915 0.016962
1.0 0.488546 0.605650 0.019026 0.058886
1.0 0.544663 0.610810 0.008944 0.017248
1.0 0.470548 0.631202 0.007681 0.016576
1.0 0.472415 0.630853 0.004301 0.014675
1.0 0.532725 0.614122 0.003889 0.014561
1.0 0.462697 0.633043 0.005095 0.014575
1.0 0.521889 0.616791 0.003755 0.006178
1.0 0.542494 0.611317 0.004490 0.014548
1.0 0.498424 0.623300 0.003387 0.015706
1.0 0.550767 0.609491 0.006424 0.009628
0.0 0.511841 0.576497 0.016548 0.014106
0.0 0.485802 0.583325 0.015371 0.014963
0.0 0.545715 0.603309 0.005386 0.004168
0.0 0.457753 0.627431 0.005892 0.004844
0.0 0.510404 0.612057 0.011162 0.010480
1.0 0.604062 0.601022 0.018798 0.054008
1.0 0.657152 0.633950 0.007709 0.016905
1.0 0.610647 0.620880 0.003622 0.016092
1.0 0.582096 0.613465 0.007915 0.016962
1.0 0.628641 0.605650 0.019026 0.058886
1.0 0.572524 0.610810 0.008944 0.017248
1.0 0.646640 0.631202 0.007681 0.016576
1.0 0.644773 0.630853 0.004301 0.014675
1.0 0.584463 0.614122 0.003889 0.014561
1.0 0.654490 0.633043 0.005095 0.014575
1.0 0.595298 0.616791 0.003755 0.006178
1.0 0.574694 0.611317 0.004490 0.014548
1.0 0.618763 0.623300 0.003387 0.015706
1.0 0.566420 0.609491 0.006424 0.009628
0.0 0.605346 0.576497 0.016548 0.014106
0.0 0.631385 0.583325 0.015371 0.014963
0.0 0.571473 0.603309 0.005386 0.004168
0.0 0.659434 0.627431 0.005892 0.004844
0.0 0.606783 0.612057 0.011162 0.010480
1.0 0.747501 0.601022 0.018798 0.054008
1.0 0.694411 0.633950 0.007709 0.016905
1.0 0.740915 0.620880 0.003622 0.016092
1.0 0.769467 0.613465 0.007915 0.016962
1.0 0.722921 0.605650 0.019026 0.058886
1.0 0.779038 0.610810 0.008944 0.017248
1.0 0.704923 0.631202 0.007681 0.016576
1.0 0.706790 0.630853 0.004301 0.014675
1.0 0.767100 0.614122 0.003889 0.014561
1.0 0.697072 0.633043 0.005095 0.014575
1.0 0.756264 0.616791 0.003755 0.006178
1.0 0.776869 0.611317 0.004490 0.014548
1.0 0.732799 0.623300 0.003387 0.015706
1.0 0.785142 0.609491 0.006424 0.009628
0.0 0.746216 0.576497 0.016548 0.014106
0.0 0.720177 0.583325 0.015371 0.014963
0.0 0.780090 0.603309 0.005386 0.004168
0.0 0.692128 0.627431 0.005892 0.004844
0.0 0.744779 0.612057 0.011162 0.010480
1.0 0.838437 0.601022 0.018798 0.054008
1.0 0.891527 0.633950 0.007709 0.016905
1.0 0.845022 0.620880 0.003622 0.016092
1.0 0.816471 0.613465 0.007915 0.016962
1.0 0.863016 0.605650 0.019026 0.058886
1.0 0.806899 0.610810 0.008944 0.017248
1.0 0.881015 0.631202 0.007681 0.016576
1.0 0.879148 0.630853 0.004301 0.014675
1.0 0.818838 0.614122 0.003889 0.014561
1.0 0.888865 0.633043 0.005095 0.014575
1.0 0.829673 0.616791 0.003755 0.006178
1.0 0.809069 0.611317 0.004490 0.014548
1.0 0.853138 0.623300 0.003387 0.015706
1.0 0.800795 0.609491 0.006424 0.009628
0.0 0.839721 0.576497 0.016548 0.014106
0.0 0.865760 0.583325 0.015371 0.014963
0.0 0.805848 0.603309 0.005386 0.004168
0.0 0.893809 0.627431 0.005892 0.004844
0.0 0.841158 0.612057 0.011162 0.010480
1.0 0.981876 0.601022 0.018798 0.054008
1.0 0.928786 0.633950 0.007709 0.016905
1.0 0.975290 0.620880 0.003622 0.016092
1.0 0.957296 0.605650 0.019026 0.058886
1.0 0.939298 0.631202 0.007681 0.016576
1.0 0.941165 0.630853 0.004301 0.014675
1.0 0.999765 0.614122 0.000470 0.014561
1.0 0.931447 0.633043 0.005095 0.014575
1.0 0.990639 0.616791 0.003755 0.006178
1.0 0.967174 0.623300 0.003387 0.015706
0.0 0.980591 0.576497 0.016548 0.014106
0.0 0.954552 0.583325 0.015371 0.014963
0.0 0.926503 0.627431 0.005892 0.004844
0.0 0.979154 0.612057 0.011162 0.010480
1.0 0.044376 0.815644 0.018798 0.054008
1.0 0.037790 0.795786 0.003622 0.016092
1.0 0.066342 0.803201 0.007915 0.016962
1.0 0.019796 0.811016 0.019026 0.058886
1.0 0.075913 0.805857 0.008944 0.017248
1.0 0.002819 0.785464 0.005638 0.016576
1.0 0.003665 0.785814 0.004301 0.014675
1.0 0.063975 0.802545 0.003889 0.014561
1.0 0.053139 0.799876 0.003755 0.006178
1.0 0.073744 0.805349 0.004490 0.014548
1.0 0.029674 0.793366 0.003387 0.015706
1.0 0.082017 0.807176 0.006424 0.009628
0.0 0.043091 0.840169 0.016548 0.014106
0.0 0.017052 0.833342 0.015371 0.014963
0.0 0.076965 0.813357 0.005386 0.004168
0.0 0.041654 0.804610 0.011162 0.010480
1.0 0.135312 0.815644 0.018798 0.054008
1.0 0.188402 0.782717 0.007709 0.016905
1.0 0.141897 0.795786 0.003622 0.016092
1.0 0.113346 0.803201 0.007915 0.016962
1.0 0.159891 0.811016 0.019026 0.058886
1.0 0.103774 0.805857 0.008944 0.017248
1.0 0.177890 0.785464 0.007681 0.016576
1.0 0.176023 0.785814 0.004301 0.014675
1.0 0.115713 0.802545 0.003889 0.014561
1.0 0.185740 0.783623 0.005095 0.014575
1.0 0.126548 0.799876 0.003755 0.006178
1.0 0.105944 0.805349 0.004490 0.014548
1.0 0.150013 0.793366 0.003387 0.015706
1.0 0.097670 0.807176 0.006424 0.009628
0.0 0.136596 0.840169 0.016548 0.014106
0.0 0.162635 0.833342 0.015371 0.014963
0.0 0.102723 0.813357 0.005386 0.004168
0.0 0.190684 0.789235 0.005892 0.004844
0.0 0.138033 0.804610 0.011162 0.010480
1.0 0.278751 0.815644 0.018798 0.054008
1.0 0.225661 0.782717 0.007709 0.016905
1.0 0.272165 0.795786 0.003622 0.016092
1.0 0.300717 0.803201 0.007915 0.016962
1.0 0.254171 0.811016 0.019026 0.058886
1.0 0.310288 0.805857 0.008944 0.017248
1.0 0.236173 0.785464 0.007681 0.016576
1.0 0.238040 0.785814 0.004301 0.014675
1.0 0.298350 0.802545 0.003889 0.014561
1.0 0.228322 0.783623 0.005095 0.014575
1.0 0.287514 0.799876 0.003755 0.006178
1.0 0.308119 0.805349 0.004490 0.014548
1.0 0.264049 0.793366 0.003387 0.015706
1.0 0.316392 0.807176 0.006424 0.009628
0.0 0.277466 0.840169 0.016548 0.014106
0.0 0.251427 0.833342 0.015371 0.014963
0.0 0.311340 0.813357 0.005386 0.004168
0.0 0.223378 0.789235 0.005892 0.004844
0.0 0.276029 0.804610 0.011162 0.010480
1.0 0.369687 0.815644 0.018798 0.054008
1.0 0.422777 0.782717 0.007709 0.016905
1.0 0.376272 0.795786 0.003622 0.016092
1.0 0.347721 0.803201 0.007915 0.016962
1.0 0.394266 0.811016 0.019026 0.058886
1.0 0.338149 0.805857 0.008944 0.017248
1.0 0.412265 0.785464 0.007681 0.016576
1.0 0.410398 0.785814 0.004301 0.014675
1.0 0.350088 0.802545 0.003889 0.014561
1.0 0.420115 0.783623 0.005095 0.014575
1.0 0.360923 0.799876 0.003755 0.006178
1.0 0.340319 0.805349 0.004490 0.014548
1.0 0.384388 0.793366 0.003387 0.015706
1.0 0.332045 0.807176 0.006424 0.009628
0.0 0.370971 0.840169 0.016548 0.014106
0.0 0.397010 0.833342 0.015371 0.014963
0.0 0.337098 0.813357 0.005386 0.004168
0.0 0.425059 0.789235 0.005892 0.004844
0.0 0.372408 0.804610 0.011162 0.010480
1.0 0.513126 0.815644 0.018798 0.054008
1.0 0.460036 0.782717 0.007709 0.016905
1.0 0.506540 0.795786 0.003622 0.016092
1.0 0.535092 0.803201 0.007915 0.016962
1.0 0.488546 0.811016 0.019026 0.058886
1.0 0.544663 0.805857 0.008944 0.017248
1.0 0.470548 0.785464 0.007681 0.016576
1.0 0.472415 0.785814 0.004301 0.014675
1.0 0.532725 0.802545 0.003889 0.014561
1.0 0.462697 0.783623 0.005095 0.014575
1.0 0.521889 0.799876 0.003755 0.006178
1.0 0.542494 0.805349 0.004490 0.014548
1.0 0.498424 0.793366 0.003387 0.015706
1.0 0.550767 0.807176 0.006424 0.009628
0.0 0.511841 0.840169 0.016548 0.014106
0.0 0.485802 0.833342 0.015371 0.014963
0.0 0.545715 0.813357 0.005386 0.004168
0.0 0.457753 0.789235 0.005892 0.004844
0.0 0.510404 0.804610 0.011162 0.010480
1.0 0.604062 0.815644 0.018798 0.054008
1.0 0.657152 0.782717 0.007709 0.016905
1.0 0.610647 0.795786 0.003622 0.016092
1.0 0.582096 0.803201 0.007915 0.016962
1.0 0.628641 0.811016 0.019026 0.058886
1.0 0.572524 0.805857 0.008944 0.017248
1.0 0.646640 0.785464 0.007681 0.016576
1.0 0.644773 0.785814 0.004301 0.014675
1.0 0.584463 0.802545 0.003889 0.014561
1.0 0.654490 0.783623 0.005095 0.014575
1.0 0.595298 0.799876 0.003755 0.006178
1.0 0.574694 0.805349 0.004490 0.014548
1.0 0.618763 0.793366 0.003387 0.015706
1.0 0.566420 0.807176 0.006424 0.009628
0.0 0.605346 0.840169 0.016548 0.014106
0.0 0.631385 0.833342 0.015371 0.014963
0.0 0.571473 0.813357 0.005386 0.004168
0.0 0.659434 0.789235 0.005892 0.004844
0.0 0.606783 0.804610 0.011162 0.010480
1.0 0.747501 0.815644 0.018798 0.054008
1.0 0.694411 0.782717 0.007709 0.016905
1.0 0.740915 0.795786 0.003622 0.016092
1.0 0.769467 0.803201 0.007915 0.016962
1.0 0.722921 0.811016 0.019026 0.058886
1.0 0.779038 0.805857 0.008944 0.017248
1.0 0.704923 0.785464 0.007681 0.016576
1.0 0.706790 0.785814 0.004301 0.014675
1.0 0.767100 0.802545 0.003889 0.014561
1.0 0.697072 0.783623 0.005095 0.014575
1.0 0.756264 0.799876 0.003755 0.006178
1.0 0.776869 0.805349 0.004490 0.014548
1.0 0.732799 0.793366 0.003387 0.015706
1.0 0.785142 0.807176 0.006424 0.009628
0.0 0.746216 0.840169 0.016548 0.014106
0.0 0.720177 0.833342 0.015371 0.014963
0.0 0.780090 0.813357 0.005386 0.004168
0.0 0.692128 0.789235 0.005892 0.004844
0.0 0.744779 0.804610 0.011162 0.010480
1.0 0.838437 0.815644 0.018798 0.054008
1.0 0.891527 0.782717 0.007709 0.016905
1.0 0.845022 0.795786 0.003622 0.016092
1.0 0.816471 0.803201 0.007915 0.016962
1.0 0.863016 0.811016 0.019026 0.058886
1.0 0.806899 0.805857 0.008944 0.017248
1.0 0.881015 0.785464 0.007681 0.016576
1.0 0.879148 0.785814 0.004301 0.014675
1.0 0.818838 0.802545 0.003889 0.014561
1.0 0.888865 0.783623 0.005095 0.014575
1.0 0.829673 0.799876 0.003755 0.006178
1.0 0.809069 0.805349 0.004490 0.014548
1.0 0.853138 0.793366 0.003387 0.015706
1.0 0.800795 0.807176 0.006424 0.009628
0.0 0.839721 0.840169 0.016548 0.014106
0.0 0.865760 0.833342 0.015371 0.014963
0.0 0.805848 0.813357 0.005386 0.004168
0.0 0.893809 0.789235 0.005892 0.004844
0.0 0.841158 0.804610 0.011162 0.010480
1.0 0.981876 0.815644 0.018798 0.054008
1.0 0.928786 0.782717 0.007709 0.016905
1.0 0.975290 0.795786 0.003622 0.016092
1.0 0.957296 0.811016 0.019026 0.058886
1.0 0.939298 0.785464 0.007681 0.016576
1.0 0.941165 0.785814 0.004301 0.014675
1.0 0.999765 0.802545 0.000470 0.014561
1.0 0.931447 0.783623 0.005095 0.014575
1.0 0.990639 0.799876 0.003755 0.006178
1.0 0.967174 0.793366 0.003387 0.015706
0.0 0.980591 0.840169 0.016548 0.014106
0.0 0.954552 0.833342 0.015371 0.014963
0.0 0.926503 0.789235 0.005892 0.004844
0.0 0.979154 0.804610 0.011162 0.010480
1.0 0.044376 0.878800 0.018798 0.054008
1.0 0.037790 0.898658 0.003622 0.016092
1.0 0.066342 0.891243 0.007915 0.016962
1.0 0.019796 0.883428 0.019026 0.058886
1.0 0.075913 0.888588 0.008944 0.017248
1.0 0.002819 0.908980 0.005638 0.016576
1.0 0.003665 0.908631 0.004301 0.014675
1.0 0.063975 0.891900 0.003889 0.014561
1.0 0.053139 0.894569 0.003755 0.006178
1.0 0.073744 0.889095 0.004490 0.014548
1.0 0.029674 0.901078 0.003387 0.015706
1.0 0.082017 0.887268 0.006424 0.009628
0.0 0.043091 0.854275 0.016548 0.014106
0.0 0.017052 0.861103 0.015371 0.014963
0.0 0.076965 0.881087 0.005386 0.004168
0.0 0.041654 0.889835 0.011162 0.010480
1.0 0.135312 0.878800 0.018798 0.054008
1.0 0.188402 0.911728 0.007709 0.016905
1.0 0.141897 0.898658 0.003622 0.016092
1.0 0.113346 0.891243 0.007915 0.016962
1.0 0.159891 0.883428 0.019026 0.058886
1.0 0.103774 0.888588 0.008944 0.017248
1.0 0.177890 0.908980 0.007681 0.016576
1.0 0.176023 0.908631 0.004301 0.014675
1.0 0.115713 0.891900 0.003889 0.014561
1.0 0.185740 0.910821 0.005095 0.014575
1.0 0.126548 0.894569 0.003755 0.006178
1.0 0.105944 0.889095 0.004490 0.014548
1.0 0.150013 0.901078 0.003387 0.015706
1.0 0.097670 0.887268 0.006424 0.009628
0.0 0.136596 0.854275 0.016548 0.014106
0.0 0.162635 0.861103 0.015371 0.014963
0.0 0.102723 0.881087 0.005386 0.004168
0.0 0.190684 0.905209 0.005892 0.004844
0.0 0.138033 0.889835 0.011162 0.010480
1.0 0.278751 0.878800 0.018798 0.054008
1.0 0.225661 0.911728 0.007709 0.016905
1.0 0.272165 0.898658 0.003622 0.016092
1.0 0.300717 0.891243 0.007915 0.016962
1.0 0.254171 0.883428 0.019026 0.058886
1.0 0.310288 0.888588 0.008944 0.017248
1.0 0.236173 0.908980 0.007681 0.016576
1.0 0.238040 0.908631 0.004301 0.014675
1.0 0.298350 0.891900 0.003889 0.014561
1.0 0.228322 0.910821 0.005095 0.014575
1.0 0.287514 0.894569 0.003755 0.006178
1.0 0.308119 0.889095 0.004490 0.014548
1.0 0.264049 0.901078 0.003387 0.015706
1.0 0.316392 0.887268 0.006424 0.009628
0.0 0.277466 0.854275 0.016548 0.014106
0.0 0.251427 0.861103 0.015371 0.014963
0.0 0.311340 0.881087 0.005386 0.004168
0.0 0.223378 0.905209 0.005892 0.004844
0.0 0.276029 0.889835 0.011162 0.010480
1.0 0.369687 0.878800 0.018798 0.054008
1.0 0.422777 0.911728 0.007709 0.016905
1.0 0.376272 0.898658 0.003622 0.016092
1.0 0.347721 0.891243 0.007915 0.016962
1.0 0.394266 0.883428 0.019026 0.058886
1.0 0.338149 0.888588 0.008944 0.017248
1.0 0.412265 0.908980 0.007681 0.016576
1.0 0.410398 0.908631 0.004301 0.014675
1.0 0.350088 0.891900 0.003889 0.014561
1.0 0.420115 0.910821 0.005095 0.014575
1.0 0.360923 0.894569 0.003755 0.006178
1.0 0.340319 0.889095 0.004490 0.014548
1.0 0.384388 0.901078 0.003387 0.015706
1.0 0.332045 0.887268 0.006424 0.009628
0.0 0.370971 0.854275 0.016548 0.014106
0.0 0.397010 0.861103 0.015371 0.014963
0.0 0.337098 0.881087 0.005386 0.004168
0.0 0.425059 0.905209 0.005892 0.004844
0.0 0.372408 0.889835 0.011162 0.010480
1.0 0.513126 0.878800 0.018798 0.054008
1.0 0.460036 0.911728 0.007709 0.016905
1.0 0.506540 0.898658 0.003622 0.016092
1.0 0.535092 0.891243 0.007915 0.016962
1.0 0.488546 0.883428 0.019026 0.058886
1.0 0.544663 0.888588 0.008944 0.017248
1.0 0.470548 0.908980 0.007681 0.016576
1.0 0.472415 0.908631 0.004301 0.014675
1.0 0.532725 0.891900 0.003889 0.014561
1.0 0.462697 0.910821 0.005095 0.014575
1.0 0.521889 0.894569 0.003755 0.006178
1.0 0.542494 0.889095 0.004490 0.014548
1.0 0.498424 0.901078 0.003387 0.015706
1.0 0.550767 0.887268 0.006424 0.009628
0.0 0.511841 0.854275 0.016548 0.014106
0.0 0.485802 0.861103 0.015371 0.014963
0.0 0.545715 0.881087 0.005386 0.004168
0.0 0.457753 0.905209 0.005892 0.004844
0.0 0.510404 0.889835 0.011162 0.010480
1.0 0.604062 0.878800 0.018798 0.054008
1.0 0.657152 0.911728 0.007709 0.016905
1.0 0.610647 0.898658 0.003622 0.016092
1.0 0.582096 0.891243 0.007915 0.016962
1.0 0.628641 0.883428 0.019026 0.058886
1.0 0.572524 0.888588 0.008944 0.017248
1.0 0.646640 0.908980 0.007681 0.016576
1.0 0.644773 0.908631 0.004301 0.014675
1.0 0.584463 0.891900 0.003889 0.014561
1.0 0.654490 0.910821 0.005095 0.014575
1.0 0.595298 0.894569 0.003755 0.006178
1.0 0.574694 0.889095 0.004490 0.014548
1.0 0.618763 0.901078 0.003387 0.015706
1.0 0.566420 0.887268 0.006424 0.009628
0.0 0.605346 0.854275 0.016548 0.014106
0.0 0.631385 0.861103 0.015371 0.014963
0.0 0.571473 0.881087 0.005386 0.004168
0.0 0.659434 0.905209 0.005892 0.004844
0.0 0.606783 0.889835 0.011162 0.010480
1.0 0.747501 0.878800 0.018798 0.054008
1.0 0.694411 0.911728 0.007709 0.016905
1.0 0.740915 0.898658 0.003622 0.016092
1.0 0.769467 0.891243 0.007915 0.016962
1.0 0.722921 0.883428 0.019026 0.058886
1.0 0.779038 0.888588 0.008944 0.017248
1.0 0.704923 0.908980 0.007681 0.016576
1.0 0.706790 0.908631 0.004301 0.014675
1.0 0.767100 0.891900 0.003889 0.014561
1.0 0.697072 0.910821 0.005095 0.014575
1.0 0.756264 0.894569 0.003755 0.006178
1.0 0.776869 0.889095 0.004490 0.014548
1.0 0.732799 0.901078 0.003387 0.015706
1.0 0.785142 0.887268 0.006424 0.009628
0.0 0.746216 0.854275 0.016548 0.014106
0.0 0.720177 0.861103 0.015371 0.014963
0.0 0.780090 0.881087 0.005386 0.004168
0.0 0.692128 0.905209 0.005892 0.004844
0.0 0.744779 0.889835 0.011162 0.010480
1.0 0.838437 0.878800 0.018798 0.054008
1.0 0.891527 0.911728 0.007709 0.016905
1.0 0.845022 0.898658 0.003622 0.016092
1.0 0.816471 0.891243 0.007915 0.016962
1.0 0.863016 0.883428 0.019026 0.058886
1.0 0.806899 0.888588 0.008944 0.017248
1.0 0.881015 0.908980 0.007681 0.016576
1.0 0.879148 0.908631 0.004301 0.014675
1.0 0.818838 0.891900 0.003889 0.014561
1.0 0.888865 0.910821 0.005095 0.014575
1.0 0.829673 0.894569 0.003755 0.006178
1.0 0.809069 0.889095 0.004490 0.014548
1.0 0.853138 0.901078 0.003387 0.015706
1.0 0.800795 0.887268 0.006424 0.009628
0.0 0.839721 0.854275 0.016548 0.014106
0.0 0.865760 0.861103 0.015371 0.014963
0.0 0.805848 0.881087 0.005386 0.004168
0.0 0.893809 0.905209 0.005892 0.004844
0.0 0.841158 0.889835 0.011162 0.010480
1.0 0.981876 0.878800 0.018798 0.054008
1.0 0.928786 0.911728 0.007709 0.016905
1.0 0.975290 0.898658 0.003622 0.016092
1.0 0.957296 0.883428 0.019026 0.058886
1.0 0.939298 0.908980 0.007681 0.016576
1.0 0.941165 0.908631 0.004301 0.014675
1.0 0.999765 0.891900 0.000470 0.014561
1.0 0.931447 0.910821 0.005095 0.014575
1.0 0.990639 0.894569 0.003755 0.006178
1.0 0.967174 0.901078 0.003387 0.015706
0.0 0.980591 0.854275 0.016548 0.014106
0.0 0.954552 0.861103 0.015371 0.014963
0.0 0.926503 0.905209 0.005892 0.004844
0.0 0.979154 0.889835 0.011162 0.010480
