1.0 0.008682 0.211908 0.017363 0.234517
0.0 0.014888 0.159951 0.029777 0.085538
1.0 0.118809 0.211908 0.147344 0.234517
1.0 0.182059 0.253675 0.073383 0.150983
0.0 0.176677 0.115787 0.084146 0.136466
0.0 0.061517 0.159951 0.057587 0.085538
0.0 0.181535 0.035516 0.074431 0.071031
1.0 0.318691 0.211908 0.147344 0.234517
1.0 0.255441 0.253675 0.073383 0.150983
0.0 0.260823 0.115787 0.084146 0.136466
0.0 0.375983 0.159951 0.057587 0.085538
0.0 0.255965 0.035516 0.074431 0.071031
1.0 0.493809 0.211908 0.147344 0.234517
1.0 0.557059 0.253675 0.073383 0.150983
0.0 0.551677 0.115787 0.084146 0.136466
0.0 0.436517 0.159951 0.057587 0.085538
0.0 0.556535 0.035516 0.074431 0.071031
1.0 0.693691 0.211908 0.147344 0.234517
1.0 0.630441 0.253675 0.073383 0.150983
0.0 0.635823 0.115787 0.084146 0.136466
0.0 0.750983 0.159951 0.057587 0.085538
0.0 0.630965 0.035516 0.074431 0.071031
1.0 0.868809 0.211908 0.147344 0.234517
1.0 0.932059 0.253675 0.073383 0.150983
0.0 0.926677 0.115787 0.084146 0.136466
0.0 0.811517 0.159951 0.057587 0.085538
0.0 0.931535 0.035516 0.074431 0.071031
1.0 0.984375 0.253675 0.031250 0.150983
0.0 0.984375 0.115787 0.031250 0.136466
0.0 0.984375 0.035516 0.031250 0.071031
1.0 0.008682 0.446425 0.017363 0.234517
0.0 0.014888 0.498382 0.029777 0.085538
1.0 0.118809 0.446425 0.147344 0.234517
1.0 0.182059 0.404658 0.073383 0.150983
0.0 0.176677 0.542547 0.084146 0.136466
0.0 0.061517 0.498382 0.057587 0.085538
0.0 0.181535 0.628836 0.074431 0.083068
1.0 0.318691 0.446425 0.147344 0.234517
1.0 0.255441 0.404658 0.073383 0.150983
0.0 0.260823 0.542547 0.084146 0.136466
0.0 0.375983 0.498382 0.057587 0.085538
0.0 0.255965 0.628836 0.074431 0.083068
1.0 0.493809 0.446425 0.147344 0.234517
1.0 0.557059 0.404658 0.073383 0.150983
0.0 0.551677 0.542547 0.084146 0.136466
0.0 0.436517 0.498382 0.057587 0.085538
0.0 0.556535 0.628836 0.074431 0.083068
1.0 0.693691 0.446425 0.147344 0.234517
1.0 0.630441 0.404658 0.073383 0.150983
0.0 0.635823 0.542547 0.084146 0.136466
0.0 0.750983 0.498382 0.057587 0.085538
0.0 0.630965 0.628836 0.074431 0.083068
1.0 0.868809 0.446425 0.147344 0.234517
1.0 0.932059 0.404658 0.073383 0.150983
0.0 0.926677 0.542547 0.084146 0.136466
0.0 0.811517 0.498382 0.057587 0.085538
0.0 0.931535 0.628836 0.074431 0.083068
1.0 0.984375 0.404658 0.031250 0.150983
0.0 0.984375 0.542547 0.031250 0.136466
0.0 0.984375 0.628836 0.031250 0.083068
1.0 0.008682 0.888529 0.017363 0.222943
0.0 0.014888 0.842358 0.029777 0.085538
1.0 0.118809 0.888529 0.147344 0.222943
1.0 0.182059 0.930295 0.073383 0.139409
0.0 0.176677 0.798194 0.084146 0.136466
0.0 0.061517 0.842358 0.057587 0.085538
0.0 0.181535 0.711904 0.074431 0.083068
1.0 0.318691 0.888529 0.147344 0.222943
1.0 0.255441 0.930295 0.073383 0.139409
0.0 0.260823 0.798194 0.084146 0.136466
0.0 0.375983 0.842358 0.057587 0.085538
0.0 0.255965 0.711904 0.074431 0.083068
1.0 0.493809 0.888529 0.147344 0.222943
1.0 0.557059 0.930295 0.073383 0.139409
0.0 0.551677 0.798194 0.084146 0.136466
0.0 0.436517 0.842358 0.057587 0.085538
0.0 0.556535 0.711904 0.074431 0.083068
1.0 0.693691 0.888529 0.147344 0.222943
1.0 0.630441 0.930295 0.073383 0.139409
0.0 0.635823 0.798194 0.084146 0.136466
0.0 0.750983 0.842358 0.057587 0.085538
0.0 0.630965 0.711904 0.074431 0.083068
1.0 0.868809 0.888529 0.147344 0.222943
1.0 0.932059 0.930295 0.073383 0.139409
0.0 0.926677 0.798194 0.084146 0.136466
0.0 0.811517 0.842358 0.057587 0.085538
0.0 0.931535 0.711904 0.074431 0.083068
1.0 0.984375 0.930295 0.031250 0.139409
0.0 0.984375 0.798194 0.031250 0.136466
0.0 0.984375 0.711904 0.031250 0.083068
