1.0 0.291174 0.067088 0.027027 0.108474
1.0 0.120752 0.133004 0.241504 0.266008
1.0 0.232544 0.134375 0.112378 0.268750
1.0 0.318201 0.067088 0.027027 0.108474
1.0 0.520853 0.133004 0.305963 0.266008
1.0 0.376831 0.134375 0.112378 0.268750
1.0 0.858395 0.133004 0.283210 0.266008
1.0 0.978802 0.134375 0.042395 0.268750
1.0 0.291174 0.470412 0.027027 0.108474
1.0 0.120752 0.490340 0.241504 0.437696
1.0 0.232544 0.433622 0.112378 0.329744
0.0 0.199317 0.640068 0.140003 0.180975
1.0 0.318201 0.470412 0.027027 0.108474
1.0 0.520853 0.490340 0.305963 0.437696
0.0 0.638816 0.646831 0.056231 0.111660
1.0 0.376831 0.433622 0.112378 0.329744
0.0 0.410058 0.640068 0.140003 0.180975
1.0 0.858395 0.490340 0.283210 0.437696
0.0 0.751809 0.646831 0.056231 0.111660
1.0 0.978802 0.433622 0.042395 0.329744
0.0 0.955283 0.640068 0.089434 0.180975
1.0 0.291174 0.968231 0.027027 0.063538
1.0 0.120752 0.875961 0.241504 0.248077
1.0 0.232544 0.931308 0.112378 0.137383
0.0 0.199317 0.821043 0.140003 0.180975
1.0 0.318201 0.968231 0.027027 0.063538
1.0 0.520853 0.875961 0.305963 0.248077
0.0 0.638816 0.814280 0.056231 0.111660
1.0 0.376831 0.931308 0.112378 0.137383
0.0 0.410058 0.821043 0.140003 0.180975
1.0 0.858395 0.875961 0.283210 0.248077
0.0 0.751809 0.814280 0.056231 0.111660
1.0 0.978802 0.931308 0.042395 0.137383
0.0 0.955283 0.821043 0.089434 0.180975
