1.0 0.092132 0.028531 0.005824 0.010879
1.0 0.033550 0.038879 0.005335 0.018867
1.0 0.039846 0.039570 0.006033 0.018478
0.0 0.045022 0.036646 0.007669 0.031694
1.0 0.367161 0.001172 0.008844 0.002344
1.0 0.339515 0.001372 0.008844 0.002744
1.0 0.320715 0.000711 0.009682 0.001423
1.0 0.311714 0.003962 0.006046 0.007924
1.0 0.297220 0.008275 0.008864 0.016550
1.0 0.141853 0.028531 0.005824 0.010879
1.0 0.200435 0.038879 0.005335 0.018867
1.0 0.194138 0.039570 0.006033 0.018478
1.0 0.277134 0.012180 0.009495 0.010132
0.0 0.239967 0.054501 0.010934 0.056928
0.0 0.255054 0.062879 0.008380 0.034103
0.0 0.249635 0.063957 0.008378 0.033703
0.0 0.188963 0.036646 0.007669 0.031694
0.0 0.295596 0.031505 0.007847 0.032496
1.0 0.377370 0.001172 0.008844 0.002344
1.0 0.405017 0.001372 0.008844 0.002744
1.0 0.423816 0.000711 0.009682 0.001423
1.0 0.432817 0.003962 0.006046 0.007924
1.0 0.447312 0.008275 0.008864 0.016550
1.0 0.602679 0.028531 0.005824 0.010879
1.0 0.544097 0.038879 0.005335 0.018867
1.0 0.550393 0.039570 0.006033 0.018478
1.0 0.467398 0.012180 0.009495 0.010132
0.0 0.504565 0.054501 0.010934 0.056928
0.0 0.489477 0.062879 0.008380 0.034103
0.0 0.494897 0.063957 0.008378 0.033703
0.0 0.555569 0.036646 0.007669 0.031694
0.0 0.448935 0.031505 0.007847 0.032496
1.0 0.877708 0.001172 0.008844 0.002344
1.0 0.850061 0.001372 0.008844 0.002744
1.0 0.831262 0.000711 0.009682 0.001423
1.0 0.822261 0.003962 0.006046 0.007924
1.0 0.807767 0.008275 0.008864 0.016550
1.0 0.652400 0.028531 0.005824 0.010879
1.0 0.710982 0.038879 0.005335 0.018867
1.0 0.704685 0.039570 0.006033 0.018478
1.0 0.787681 0.012180 0.009495 0.010132
0.0 0.750514 0.054501 0.010934 0.056928
0.0 0.765601 0.062879 0.008380 0.034103
0.0 0.760181 0.063957 0.008378 0.033703
0.0 0.699509 0.036646 0.007669 0.031694
0.0 0.806143 0.031505 0.007847 0.032496
1.0 0.887917 0.001172 0.008844 0.002344
1.0 0.915564 0.001372 0.008844 0.002744
1.0 0.934363 0.000711 0.009682 0.001423
1.0 0.943364 0.003962 0.006046 0.007924
1.0 0.957858 0.008275 0.008864 0.016550
1.0 0.977944 0.012180 0.009495 0.010132
0.0 0.997917 0.062879 0.004166 0.034103
0.0 0.959482 0.031505 0.007847 0.032496
1.0 0.092132 0.227719 0.005824 0.010879
1.0 0.033550 0.217371 0.005335 0.018867
1.0 0.039846 0.216680 0.006033 0.018478
0.0 0.045022 0.219604 0.007669 0.031694
1.0 0.367161 0.264365 0.008844 0.020917
1.0 0.339515 0.263965 0.008844 0.020917
1.0 0.320715 0.261294 0.009682 0.012933
1.0 0.311714 0.258965 0.006046 0.021276
1.0 0.297220 0.252357 0.008864 0.025315
1.0 0.141853 0.227719 0.005824 0.010879
1.0 0.200435 0.217371 0.005335 0.018867
1.0 0.194138 0.216680 0.006033 0.018478
1.0 0.277134 0.244070 0.009495 0.010132
0.0 0.239967 0.201749 0.010934 0.056928
0.0 0.255054 0.193371 0.008380 0.034103
0.0 0.249635 0.192293 0.008378 0.033703
0.0 0.188963 0.219604 0.007669 0.031694
0.0 0.295596 0.224745 0.007847 0.032496
1.0 0.377370 0.264365 0.008844 0.020917
1.0 0.405017 0.263965 0.008844 0.020917
1.0 0.423816 0.261294 0.009682 0.012933
1.0 0.432817 0.258965 0.006046 0.021276
1.0 0.447312 0.252357 0.008864 0.025315
1.0 0.602679 0.227719 0.005824 0.010879
1.0 0.544097 0.217371 0.005335 0.018867
1.0 0.550393 0.216680 0.006033 0.018478
1.0 0.467398 0.244070 0.009495 0.010132
0.0 0.504565 0.201749 0.010934 0.056928
0.0 0.489477 0.193371 0.008380 0.034103
0.0 0.494897 0.192293 0.008378 0.033703
0.0 0.555569 0.219604 0.007669 0.031694
0.0 0.448935 0.224745 0.007847 0.032496
1.0 0.877708 0.264365 0.008844 0.020917
1.0 0.850061 0.263965 0.008844 0.020917
1.0 0.831262 0.261294 0.009682 0.012933
1.0 0.822261 0.258965 0.006046 0.021276
1.0 0.807767 0.252357 0.008864 0.025315
1.0 0.652400 0.227719 0.005824 0.010879
1.0 0.710982 0.217371 0.005335 0.018867
1.0 0.704685 0.216680 0.006033 0.018478
1.0 0.787681 0.244070 0.009495 0.010132
0.0 0.750514 0.201749 0.010934 0.056928
0.0 0.765601 0.193371 0.008380 0.034103
0.0 0.760181 0.192293 0.008378 0.033703
0.0 0.699509 0.219604 0.007669 0.031694
0.0 0.806143 0.224745 0.007847 0.032496
1.0 0.887917 0.264365 0.008844 0.020917
1.0 0.915564 0.263965 0.008844 0.020917
1.0 0.934363 0.261294 0.009682 0.012933
1.0 0.943364 0.258965 0.006046 0.021276
1.0 0.957858 0.252357 0.008864 0.025315
1.0 0.977944 0.244070 0.009495 0.010132
0.0 0.997917 0.193371 0.004166 0.034103
0.0 0.959482 0.224745 0.007847 0.032496
1.0 0.092132 0.524365 0.005824 0.010879
1.0 0.033550 0.534713 0.005335 0.018867
1.0 0.039846 0.535403 0.006033 0.018478
0.0 0.045022 0.532480 0.007669 0.031694
1.0 0.367161 0.487718 0.008844 0.020917
1.0 0.339515 0.488118 0.008844 0.020917
1.0 0.320715 0.490789 0.009682 0.012933
1.0 0.311714 0.493119 0.006046 0.021276
1.0 0.297220 0.499726 0.008864 0.025315
1.0 0.141853 0.524365 0.005824 0.010879
1.0 0.200435 0.534713 0.005335 0.018867
1.0 0.194138 0.535403 0.006033 0.018478
1.0 0.277134 0.508013 0.009495 0.010132
0.0 0.239967 0.550334 0.010934 0.056928
0.0 0.255054 0.558713 0.008380 0.034103
0.0 0.249635 0.559791 0.008378 0.033703
0.0 0.188963 0.532480 0.007669 0.031694
0.0 0.295596 0.527338 0.007847 0.032496
1.0 0.377370 0.487718 0.008844 0.020917
1.0 0.405017 0.488118 0.008844 0.020917
1.0 0.423816 0.490789 0.009682 0.012933
1.0 0.432817 0.493119 0.006046 0.021276
1.0 0.447312 0.499726 0.008864 0.025315
1.0 0.602679 0.524365 0.005824 0.010879
1.0 0.544097 0.534713 0.005335 0.018867
1.0 0.550393 0.535403 0.006033 0.018478
1.0 0.467398 0.508013 0.009495 0.010132
0.0 0.504565 0.550334 0.010934 0.056928
0.0 0.489477 0.558713 0.008380 0.034103
0.0 0.494897 0.559791 0.008378 0.033703
0.0 0.555569 0.532480 0.007669 0.031694
0.0 0.448935 0.527338 0.007847 0.032496
1.0 0.877708 0.487718 0.008844 0.020917
1.0 0.850061 0.488118 0.008844 0.020917
1.0 0.831262 0.490789 0.009682 0.012933
1.0 0.822261 0.493119 0.006046 0.021276
1.0 0.807767 0.499726 0.008864 0.025315
1.0 0.652400 0.524365 0.005824 0.010879
1.0 0.710982 0.534713 0.005335 0.018867
1.0 0.704685 0.535403 0.006033 0.018478
1.0 0.787681 0.508013 0.009495 0.010132
0.0 0.750514 0.550334 0.010934 0.056928
0.0 0.765601 0.558713 0.008380 0.034103
0.0 0.760181 0.559791 0.008378 0.033703
0.0 0.699509 0.532480 0.007669 0.031694
0.0 0.806143 0.527338 0.007847 0.032496
1.0 0.887917 0.487718 0.008844 0.020917
1.0 0.915564 0.488118 0.008844 0.020917
1.0 0.934363 0.490789 0.009682 0.012933
1.0 0.943364 0.493119 0.006046 0.021276
1.0 0.957858 0.499726 0.008864 0.025315
1.0 0.977944 0.508013 0.009495 0.010132
0.0 0.997917 0.558713 0.004166 0.034103
0.0 0.959482 0.527338 0.007847 0.032496
1.0 0.092132 0.723552 0.005824 0.010879
1.0 0.033550 0.713204 0.005335 0.018867
1.0 0.039846 0.712513 0.006033 0.018478
0.0 0.045022 0.715437 0.007669 0.031694
1.0 0.367161 0.760198 0.008844 0.020917
1.0 0.339515 0.759798 0.008844 0.020917
1.0 0.320715 0.757127 0.009682 0.012933
1.0 0.311714 0.754798 0.006046 0.021276
1.0 0.297220 0.748191 0.008864 0.025315
1.0 0.141853 0.723552 0.005824 0.010879
1.0 0.200435 0.713204 0.005335 0.018867
1.0 0.194138 0.712513 0.006033 0.018478
1.0 0.277134 0.739903 0.009495 0.010132
0.0 0.239967 0.697582 0.010934 0.056928
0.0 0.255054 0.689204 0.008380 0.034103
0.0 0.249635 0.688126 0.008378 0.033703
0.0 0.188963 0.715437 0.007669 0.031694
0.0 0.295596 0.720578 0.007847 0.032496
1.0 0.377370 0.760198 0.008844 0.020917
1.0 0.405017 0.759798 0.008844 0.020917
1.0 0.423816 0.757127 0.009682 0.012933
1.0 0.432817 0.754798 0.006046 0.021276
1.0 0.447312 0.748191 0.008864 0.025315
1.0 0.602679 0.723552 0.005824 0.010879
1.0 0.544097 0.713204 0.005335 0.018867
1.0 0.550393 0.712513 0.006033 0.018478
1.0 0.467398 0.739903 0.009495 0.010132
0.0 0.504565 0.697582 0.010934 0.056928
0.0 0.489477 0.689204 0.008380 0.034103
0.0 0.494897 0.688126 0.008378 0.033703
0.0 0.555569 0.715437 0.007669 0.031694
0.0 0.448935 0.720578 0.007847 0.032496
1.0 0.877708 0.760198 0.008844 0.020917
1.0 0.850061 0.759798 0.008844 0.020917
1.0 0.831262 0.757127 0.009682 0.012933
1.0 0.822261 0.754798 0.006046 0.021276
1.0 0.807767 0.748191 0.008864 0.025315
1.0 0.652400 0.723552 0.005824 0.010879
1.0 0.710982 0.713204 0.005335 0.018867
1.0 0.704685 0.712513 0.006033 0.018478
1.0 0.787681 0.739903 0.009495 0.010132
0.0 0.750514 0.697582 0.010934 0.056928
0.0 0.765601 0.689204 0.008380 0.034103
0.0 0.760181 0.688126 0.008378 0.033703
0.0 0.699509 0.715437 0.007669 0.031694
0.0 0.806143 0.720578 0.007847 0.032496
1.0 0.887917 0.760198 0.008844 0.020917
1.0 0.915564 0.759798 0.008844 0.020917
1.0 0.934363 0.757127 0.009682 0.012933
1.0 0.943364 0.754798 0.006046 0.021276
1.0 0.957858 0.748191 0.008864 0.025315
1.0 0.977944 0.739903 0.009495 0.010132
0.0 0.997917 0.689204 0.004166 0.034103
0.0 0.959482 0.720578 0.007847 0.032496
1.0 0.367161 0.983552 0.008844 0.020917
1.0 0.339515 0.983952 0.008844 0.020917
1.0 0.320715 0.986623 0.009682 0.012933
1.0 0.311714 0.988952 0.006046 0.021276
1.0 0.297220 0.991451 0.008864 0.017098
1.0 0.277134 0.999390 0.009495 0.001219
1.0 0.377370 0.983552 0.008844 0.020917
1.0 0.405017 0.983952 0.008844 0.020917
1.0 0.423816 0.986623 0.009682 0.012933
1.0 0.432817 0.988952 0.006046 0.021276
1.0 0.447312 0.991451 0.008864 0.017098
1.0 0.467398 0.999390 0.009495 0.001219
1.0 0.877708 0.983552 0.008844 0.020917
1.0 0.850061 0.983952 0.008844 0.020917
1.0 0.831262 0.986623 0.009682 0.012933
1.0 0.822261 0.988952 0.006046 0.021276
1.0 0.807767 0.991451 0.008864 0.017098
1.0 0.787681 0.999390 0.009495 0.001219
1.0 0.887917 0.983552 0.008844 0.020917
1.0 0.915564 0.983952 0.008844 0.020917
1.0 0.934363 0.986623 0.009682 0.012933
1.0 0.943364 0.988952 0.006046 0.021276
1.0 0.957858 0.991451 0.008864 0.017098
1.0 0.977944 0.999390 0.009495 0.001219
