0.0 0.078125 0.062500 0.140625 0.125000
0.0 0.218750 0.062500 0.140625 0.125000
0.0 0.359375 0.062500 0.140625 0.125000
0.0 0.500000 0.062500 0.140625 0.125000
0.0 0.640625 0.062500 0.140625 0.125000
0.0 0.781250 0.062500 0.140625 0.125000
0.0 0.921875 0.062500 0.140625 0.125000
0.0 0.003906 0.235238 0.007812 0.220476
0.0 0.078125 0.235238 0.140625 0.220476
0.0 0.218750 0.235238 0.140625 0.220476
0.0 0.359375 0.235238 0.140625 0.220476
0.0 0.500000 0.235238 0.140625 0.220476
0.0 0.640625 0.235238 0.140625 0.220476
0.0 0.781250 0.235238 0.140625 0.220476
0.0 0.921875 0.235238 0.140625 0.220476
0.0 0.996094 0.235238 0.007812 0.220476
0.0 0.003906 0.514762 0.007812 0.220476
0.0 0.078125 0.514762 0.140625 0.220476
0.0 0.218750 0.514762 0.140625 0.220476
0.0 0.359375 0.514762 0.140625 0.220476
0.0 0.500000 0.514762 0.140625 0.220476
0.0 0.640625 0.514762 0.140625 0.220476
0.0 0.781250 0.514762 0.140625 0.220476
0.0 0.921875 0.514762 0.140625 0.220476
0.0 0.996094 0.514762 0.007812 0.220476
0.0 0.003906 0.735238 0.007812 0.220476
0.0 0.078125 0.735238 0.140625 0.220476
0.0 0.218750 0.735238 0.140625 0.220476
0.0 0.359375 0.735238 0.140625 0.220476
0.0 0.500000 0.735238 0.140625 0.220476
0.0 0.640625 0.735238 0.140625 0.220476
0.0 0.781250 0.735238 0.140625 0.220476
0.0 0.921875 0.735238 0.140625 0.220476
0.0 0.996094 0.735238 0.007812 0.220476
0.0 0.078125 0.952262 0.140625 0.095476
0.0 0.218750 0.952262 0.140625 0.095476
0.0 0.359375 0.952262 0.140625 0.095476
0.0 0.500000 0.952262 0.140625 0.095476
0.0 0.640625 0.952262 0.140625 0.095476
0.0 0.781250 0.952262 0.140625 0.095476
0.0 0.921875 0.952262 0.140625 0.095476
