1.0 0.015438 0.041948 0.030875 0.075699
1.0 0.004394 0.036817 0.008788 0.069762
0.0 0.007208 0.009768 0.014417 0.019537
0.0 0.026557 0.015261 0.014694 0.018762
1.0 0.122158 0.041948 0.032630 0.075699
1.0 0.139396 0.036817 0.022930 0.069762
1.0 0.190669 0.025735 0.029906 0.051471
1.0 0.198262 0.023423 0.016064 0.046846
0.0 0.130705 0.009768 0.016806 0.019537
0.0 0.110162 0.015261 0.014694 0.018762
1.0 0.359873 0.041948 0.032630 0.075699
1.0 0.342635 0.036817 0.022930 0.069762
1.0 0.291362 0.025735 0.029906 0.051471
1.0 0.283770 0.023423 0.016064 0.046846
0.0 0.351326 0.009768 0.016806 0.019537
0.0 0.371869 0.015261 0.014694 0.018762
1.0 0.467471 0.041948 0.032630 0.075699
1.0 0.484708 0.036817 0.022930 0.069762
1.0 0.535981 0.025735 0.029906 0.051471
1.0 0.543574 0.023423 0.016064 0.046846
0.0 0.476018 0.009768 0.016806 0.019537
0.0 0.455474 0.015261 0.014694 0.018762
1.0 0.705186 0.041948 0.032630 0.075699
1.0 0.687948 0.036817 0.022930 0.069762
1.0 0.636675 0.025735 0.029906 0.051471
1.0 0.629082 0.023423 0.016064 0.046846
0.0 0.696639 0.009768 0.016806 0.019537
0.0 0.717182 0.015261 0.014694 0.018762
1.0 0.812783 0.041948 0.032630 0.075699
1.0 0.830021 0.036817 0.022930 0.069762
1.0 0.881294 0.025735 0.029906 0.051471
1.0 0.888887 0.023423 0.016064 0.046846
0.0 0.821330 0.009768 0.016806 0.019537
0.0 0.800787 0.015261 0.014694 0.018762
1.0 0.981987 0.025735 0.029906 0.051471
1.0 0.974395 0.023423 0.016064 0.046846
1.0 0.015438 0.475413 0.030875 0.075699
1.0 0.004394 0.480544 0.008788 0.069762
0.0 0.007208 0.508669 0.014417 0.021689
0.0 0.026557 0.502100 0.014694 0.018762
1.0 0.122158 0.475413 0.032630 0.075699
1.0 0.139396 0.480544 0.022930 0.069762
1.0 0.190669 0.493033 0.029906 0.054285
1.0 0.198262 0.494334 0.016064 0.047639
0.0 0.130705 0.508669 0.016806 0.021689
0.0 0.110162 0.502100 0.014694 0.018762
1.0 0.359873 0.475413 0.032630 0.075699
1.0 0.342635 0.480544 0.022930 0.069762
1.0 0.291362 0.493033 0.029906 0.054285
1.0 0.283770 0.494334 0.016064 0.047639
0.0 0.351326 0.508669 0.016806 0.021689
0.0 0.371869 0.502100 0.014694 0.018762
1.0 0.467471 0.475413 0.032630 0.075699
1.0 0.484708 0.480544 0.022930 0.069762
1.0 0.535981 0.493033 0.029906 0.054285
1.0 0.543574 0.494334 0.016064 0.047639
0.0 0.476018 0.508669 0.016806 0.021689
0.0 0.455474 0.502100 0.014694 0.018762
1.0 0.705186 0.475413 0.032630 0.075699
1.0 0.687948 0.480544 0.022930 0.069762
1.0 0.636675 0.493033 0.029906 0.054285
1.0 0.629082 0.494334 0.016064 0.047639
0.0 0.696639 0.508669 0.016806 0.021689
0.0 0.717182 0.502100 0.014694 0.018762
1.0 0.812783 0.475413 0.032630 0.075699
1.0 0.830021 0.480544 0.022930 0.069762
1.0 0.881294 0.493033 0.029906 0.054285
1.0 0.888887 0.494334 0.016064 0.047639
0.0 0.821330 0.508669 0.016806 0.021689
0.0 0.800787 0.502100 0.014694 0.018762
1.0 0.981987 0.493033 0.029906 0.054285
1.0 0.974395 0.494334 0.016064 0.047639
1.0 0.015438 0.984688 0.030875 0.030624
1.0 0.004394 0.983607 0.008788 0.032786
0.0 0.007208 0.973970 0.014417 0.021689
0.0 0.026557 0.980539 0.014694 0.018762
1.0 0.122158 0.984688 0.032630 0.030624
1.0 0.139396 0.983607 0.022930 0.032786
1.0 0.190669 0.981232 0.029906 0.037537
1.0 0.198262 0.982243 0.016064 0.035514
0.0 0.130705 0.973970 0.016806 0.021689
0.0 0.110162 0.980539 0.014694 0.018762
1.0 0.359873 0.984688 0.032630 0.030624
1.0 0.342635 0.983607 0.022930 0.032786
1.0 0.291362 0.981232 0.029906 0.037537
1.0 0.283770 0.982243 0.016064 0.035514
0.0 0.351326 0.973970 0.016806 0.021689
0.0 0.371869 0.980539 0.014694 0.018762
1.0 0.467471 0.984688 0.032630 0.030624
1.0 0.484708 0.983607 0.022930 0.032786
1.0 0.535981 0.981232 0.029906 0.037537
1.0 0.543574 0.982243 0.016064 0.035514
0.0 0.476018 0.973970 0.016806 0.021689
0.0 0.455474 0.980539 0.014694 0.018762
1.0 0.705186 0.984688 0.032630 0.030624
1.0 0.687948 0.983607 0.022930 0.032786
1.0 0.636675 0.981232 0.029906 0.037537
1.0 0.629082 0.982243 0.016064 0.035514
0.0 0.696639 0.973970 0.016806 0.021689
0.0 0.717182 0.980539 0.014694 0.018762
1.0 0.812783 0.984688 0.032630 0.030624
1.0 0.830021 0.983607 0.022930 0.032786
1.0 0.881294 0.981232 0.029906 0.037537
1.0 0.888887 0.982243 0.016064 0.035514
0.0 0.821330 0.973970 0.016806 0.021689
0.0 0.800787 0.980539 0.014694 0.018762
1.0 0.981987 0.981232 0.029906 0.037537
1.0 0.974395 0.982243 0.016064 0.035514
