1.0 0.314392 0.768634 0.170358 0.462731
1.0 0.864224 0.659459 0.081732 0.163802
1.0 0.402430 0.628564 0.033441 0.151446
1.0 0.138717 0.605106 0.069377 0.154149
1.0 0.544462 0.774551 0.184064 0.450897
1.0 0.052983 0.599021 0.076906 0.155144
1.0 0.756740 0.650257 0.079242 0.159115
1.0 0.737961 0.647515 0.044335 0.141885
1.0 0.160005 0.606824 0.033339 0.133820
1.0 0.836293 0.659312 0.053858 0.141640
1.0 0.258758 0.617074 0.034240 0.056356
1.0 0.071995 0.601458 0.037756 0.132348
1.0 0.480400 0.632531 0.032097 0.148946
1.0 0.013437 0.591735 0.026875 0.084628
0.0 0.287521 0.975601 0.151126 0.048798
0.0 0.033808 0.662729 0.047144 0.035625
0.0 0.874420 0.729984 0.061845 0.044513
