0.0 0.592301 0.006365 0.206024 0.012729
0.0 0.798324 0.006365 0.206024 0.012729
0.0 0.290222 0.645707 0.028931 0.125649
0.0 0.287864 0.709130 0.033646 0.102111
0.0 0.060043 0.566617 0.120086 0.201284
0.0 0.128576 0.561825 0.244010 0.130712
0.0 0.206907 0.614570 0.160309 0.132020
0.0 0.240366 0.700061 0.089464 0.115879
0.0 0.319153 0.645707 0.028931 0.125649
0.0 0.321511 0.709130 0.033646 0.102111
0.0 0.592301 0.566617 0.206024 0.201284
0.0 0.480799 0.561825 0.244010 0.130712
0.0 0.402468 0.614570 0.160309 0.132020
0.0 0.369009 0.700061 0.089464 0.115879
0.0 0.798324 0.566617 0.206024 0.201284
0.0 0.893910 0.561825 0.212179 0.130712
0.0 0.954001 0.614570 0.091998 0.132020
0.0 0.988442 0.700061 0.023116 0.115879
0.0 0.290222 0.874663 0.028931 0.125649
0.0 0.287864 0.811241 0.033646 0.102111
0.0 0.060043 0.926556 0.120086 0.146889
0.0 0.128576 0.946595 0.244010 0.106811
0.0 0.206907 0.905800 0.160309 0.132020
0.0 0.240366 0.820309 0.089464 0.115879
0.0 0.319153 0.874663 0.028931 0.125649
0.0 0.321511 0.811241 0.033646 0.102111
0.0 0.592301 0.926556 0.206024 0.146889
0.0 0.480799 0.946595 0.244010 0.106811
0.0 0.402468 0.905800 0.160309 0.132020
0.0 0.369009 0.820309 0.089464 0.115879
0.0 0.798324 0.926556 0.206024 0.146889
0.0 0.893910 0.946595 0.212179 0.106811
0.0 0.954001 0.905800 0.091998 0.132020
0.0 0.988442 0.820309 0.023116 0.115879
