0.0 0.006211 0.037159 0.012423 0.036726
1.0 0.123485 0.072805 0.024370 0.052606
1.0 0.146858 0.086246 0.027350 0.053774
1.0 0.127287 0.036434 0.012830 0.024396
1.0 0.145072 0.042500 0.008790 0.015118
0.0 0.155648 0.112666 0.036533 0.036705
0.0 0.046275 0.037159 0.023645 0.036726
1.0 0.304640 0.072805 0.024370 0.052606
1.0 0.281267 0.086246 0.027350 0.053774
1.0 0.300838 0.036434 0.012830 0.024396
1.0 0.283053 0.042500 0.008790 0.015118
0.0 0.272477 0.112666 0.036533 0.036705
0.0 0.381850 0.037159 0.023645 0.036726
1.0 0.504735 0.072805 0.024370 0.052606
1.0 0.528108 0.086246 0.027350 0.053774
1.0 0.508537 0.036434 0.012830 0.024396
1.0 0.526322 0.042500 0.008790 0.015118
0.0 0.536898 0.112666 0.036533 0.036705
0.0 0.427525 0.037159 0.023645 0.036726
1.0 0.685890 0.072805 0.024370 0.052606
1.0 0.662517 0.086246 0.027350 0.053774
1.0 0.682088 0.036434 0.012830 0.024396
1.0 0.664303 0.042500 0.008790 0.015118
0.0 0.653727 0.112666 0.036533 0.036705
0.0 0.763100 0.037159 0.023645 0.036726
1.0 0.885985 0.072805 0.024370 0.052606
1.0 0.909358 0.086246 0.027350 0.053774
1.0 0.889787 0.036434 0.012830 0.024396
1.0 0.907572 0.042500 0.008790 0.015118
0.0 0.918148 0.112666 0.036533 0.036705
0.0 0.808775 0.037159 0.023645 0.036726
0.0 0.006211 0.224878 0.012423 0.036726
1.0 0.123485 0.189232 0.024370 0.052606
1.0 0.146858 0.175791 0.027350 0.053774
1.0 0.127287 0.225603 0.012830 0.024396
1.0 0.145072 0.219537 0.008790 0.015118
0.0 0.155648 0.149371 0.036533 0.036705
0.0 0.046275 0.224878 0.023645 0.036726
1.0 0.304640 0.189232 0.024370 0.052606
1.0 0.281267 0.175791 0.027350 0.053774
1.0 0.300838 0.225603 0.012830 0.024396
1.0 0.283053 0.219537 0.008790 0.015118
0.0 0.272477 0.149371 0.036533 0.036705
0.0 0.381850 0.224878 0.023645 0.036726
1.0 0.504735 0.189232 0.024370 0.052606
1.0 0.528108 0.175791 0.027350 0.053774
1.0 0.508537 0.225603 0.012830 0.024396
1.0 0.526322 0.219537 0.008790 0.015118
0.0 0.536898 0.149371 0.036533 0.036705
0.0 0.427525 0.224878 0.023645 0.036726
1.0 0.685890 0.189232 0.024370 0.052606
1.0 0.662517 0.175791 0.027350 0.053774
1.0 0.682088 0.225603 0.012830 0.024396
1.0 0.664303 0.219537 0.008790 0.015118
0.0 0.653727 0.149371 0.036533 0.036705
0.0 0.763100 0.224878 0.023645 0.036726
1.0 0.885985 0.189232 0.024370 0.052606
1.0 0.909358 0.175791 0.027350 0.053774
1.0 0.889787 0.225603 0.012830 0.024396
1.0 0.907572 0.219537 0.008790 0.015118
0.0 0.918148 0.149371 0.036533 0.036705
0.0 0.808775 0.224878 0.023645 0.036726
0.0 0.006211 0.528825 0.012423 0.036726
1.0 0.123485 0.564472 0.024370 0.052606
1.0 0.146858 0.577913 0.027350 0.053774
1.0 0.127287 0.528101 0.012830 0.024396
1.0 0.145072 0.534167 0.008790 0.015118
0.0 0.155648 0.604333 0.036533 0.036705
0.0 0.046275 0.528825 0.023645 0.036726
1.0 0.304640 0.564472 0.024370 0.052606
1.0 0.281267 0.577913 0.027350 0.053774
1.0 0.300838 0.528101 0.012830 0.024396
1.0 0.283053 0.534167 0.008790 0.015118
0.0 0.272477 0.604333 0.036533 0.036705
0.0 0.381850 0.528825 0.023645 0.036726
1.0 0.504735 0.564472 0.024370 0.052606
1.0 0.528108 0.577913 0.027350 0.053774
1.0 0.508537 0.528101 0.012830 0.024396
1.0 0.526322 0.534167 0.008790 0.015118
0.0 0.536898 0.604333 0.036533 0.036705
0.0 0.427525 0.528825 0.023645 0.036726
1.0 0.685890 0.564472 0.024370 0.052606
1.0 0.662517 0.577913 0.027350 0.053774
1.0 0.682088 0.528101 0.012830 0.024396
1.0 0.664303 0.534167 0.008790 0.015118
0.0 0.653727 0.604333 0.036533 0.036705
0.0 0.763100 0.528825 0.023645 0.036726
1.0 0.885985 0.564472 0.024370 0.052606
1.0 0.909358 0.577913 0.027350 0.053774
1.0 0.889787 0.528101 0.012830 0.024396
1.0 0.907572 0.534167 0.008790 0.015118
0.0 0.918148 0.604333 0.036533 0.036705
0.0 0.808775 0.528825 0.023645 0.036726
0.0 0.006211 0.716545 0.012423 0.036726
1.0 0.123485 0.680899 0.024370 0.052606
1.0 0.146858 0.667458 0.027350 0.053774
1.0 0.127287 0.717270 0.012830 0.024396
1.0 0.145072 0.711204 0.008790 0.015118
0.0 0.155648 0.641038 0.036533 0.036705
0.0 0.046275 0.716545 0.023645 0.036726
1.0 0.304640 0.680899 0.024370 0.052606
1.0 0.281267 0.667458 0.027350 0.053774
1.0 0.300838 0.717270 0.012830 0.024396
1.0 0.283053 0.711204 0.008790 0.015118
0.0 0.272477 0.641038 0.036533 0.036705
0.0 0.381850 0.716545 0.023645 0.036726
1.0 0.504735 0.680899 0.024370 0.052606
1.0 0.528108 0.667458 0.027350 0.053774
1.0 0.508537 0.717270 0.012830 0.024396
1.0 0.526322 0.711204 0.008790 0.015118
0.0 0.536898 0.641038 0.036533 0.036705
0.0 0.427525 0.716545 0.023645 0.036726
1.0 0.685890 0.680899 0.024370 0.052606
1.0 0.662517 0.667458 0.027350 0.053774
1.0 0.682088 0.717270 0.012830 0.024396
1.0 0.664303 0.711204 0.008790 0.015118
0.0 0.653727 0.641038 0.036533 0.036705
0.0 0.763100 0.716545 0.023645 0.036726
1.0 0.885985 0.680899 0.024370 0.052606
1.0 0.909358 0.667458 0.027350 0.053774
1.0 0.889787 0.717270 0.012830 0.024396
1.0 0.907572 0.711204 0.008790 0.015118
0.0 0.918148 0.641038 0.036533 0.036705
0.0 0.808775 0.716545 0.023645 0.036726
