0.0 0.107840 0.048611 0.143714 0.097222
1.0 0.165131 0.048611 0.066222 0.097222
0.0 0.288644 0.048611 0.143714 0.097222
1.0 0.231353 0.048611 0.066222 0.097222
0.0 0.510184 0.048611 0.143714 0.097222
1.0 0.567475 0.048611 0.066222 0.097222
0.0 0.690988 0.048611 0.143714 0.097222
1.0 0.633697 0.048611 0.066222 0.097222
0.0 0.912528 0.048611 0.143714 0.097222
1.0 0.968354 0.048611 0.063292 0.097222
1.0 0.164538 0.329243 0.067409 0.072765
1.0 0.072370 0.204518 0.007011 0.011323
1.0 0.047632 0.203014 0.008711 0.012001
1.0 0.019708 0.201122 0.007597 0.011898
1.0 0.080516 0.206694 0.006008 0.010323
0.0 0.107840 0.152226 0.143714 0.110008
1.0 0.165131 0.201518 0.066222 0.208592
1.0 0.231947 0.329243 0.067409 0.072765
1.0 0.324115 0.204518 0.007011 0.011323
1.0 0.348852 0.203014 0.008711 0.012001
1.0 0.376776 0.201122 0.007597 0.011898
1.0 0.315968 0.206694 0.006008 0.010323
0.0 0.288644 0.152226 0.143714 0.110008
1.0 0.231353 0.201518 0.066222 0.208592
1.0 0.566882 0.329243 0.067409 0.072765
1.0 0.474713 0.204518 0.007011 0.011323
1.0 0.449976 0.203014 0.008711 0.012001
1.0 0.422052 0.201122 0.007597 0.011898
1.0 0.482860 0.206694 0.006008 0.010323
0.0 0.510184 0.152226 0.143714 0.110008
1.0 0.567475 0.201518 0.066222 0.208592
1.0 0.634290 0.329243 0.067409 0.072765
1.0 0.726458 0.204518 0.007011 0.011323
1.0 0.751196 0.203014 0.008711 0.012001
1.0 0.779120 0.201122 0.007597 0.011898
1.0 0.718312 0.206694 0.006008 0.010323
0.0 0.690988 0.152226 0.143714 0.110008
1.0 0.633697 0.201518 0.066222 0.208592
1.0 0.967760 0.329243 0.064479 0.072765
1.0 0.877057 0.204518 0.007011 0.011323
1.0 0.852320 0.203014 0.008711 0.012001
1.0 0.824396 0.201122 0.007597 0.011898
1.0 0.885203 0.206694 0.006008 0.010323
0.0 0.912528 0.152226 0.143714 0.110008
1.0 0.968354 0.201518 0.063292 0.208592
1.0 0.164538 0.402007 0.067409 0.072765
1.0 0.072370 0.526732 0.007011 0.011323
1.0 0.047632 0.528236 0.008711 0.012001
1.0 0.019708 0.530128 0.007597 0.011898
1.0 0.080516 0.524556 0.006008 0.010323
0.0 0.107840 0.579024 0.143714 0.110008
1.0 0.165131 0.529732 0.066222 0.208592
1.0 0.231947 0.402007 0.067409 0.072765
1.0 0.324115 0.526732 0.007011 0.011323
1.0 0.348852 0.528236 0.008711 0.012001
1.0 0.376776 0.530128 0.007597 0.011898
1.0 0.315968 0.524556 0.006008 0.010323
0.0 0.288644 0.579024 0.143714 0.110008
1.0 0.231353 0.529732 0.066222 0.208592
1.0 0.566882 0.402007 0.067409 0.072765
1.0 0.474713 0.526732 0.007011 0.011323
1.0 0.449976 0.528236 0.008711 0.012001
1.0 0.422052 0.530128 0.007597 0.011898
1.0 0.482860 0.524556 0.006008 0.010323
0.0 0.510184 0.579024 0.143714 0.110008
1.0 0.567475 0.529732 0.066222 0.208592
1.0 0.634290 0.402007 0.067409 0.072765
1.0 0.726458 0.526732 0.007011 0.011323
1.0 0.751196 0.528236 0.008711 0.012001
1.0 0.779120 0.530128 0.007597 0.011898
1.0 0.718312 0.524556 0.006008 0.010323
0.0 0.690988 0.579024 0.143714 0.110008
1.0 0.633697 0.529732 0.066222 0.208592
1.0 0.967760 0.402007 0.064479 0.072765
1.0 0.877057 0.526732 0.007011 0.011323
1.0 0.852320 0.528236 0.008711 0.012001
1.0 0.824396 0.530128 0.007597 0.011898
1.0 0.885203 0.524556 0.006008 0.010323
0.0 0.912528 0.579024 0.143714 0.110008
1.0 0.968354 0.529732 0.063292 0.208592
1.0 0.164538 0.866048 0.067409 0.072765
1.0 0.072370 0.741323 0.007011 0.011323
1.0 0.047632 0.739819 0.008711 0.012001
1.0 0.019708 0.737927 0.007597 0.011898
1.0 0.080516 0.743499 0.006008 0.010323
0.0 0.107840 0.689032 0.143714 0.110008
1.0 0.165131 0.738324 0.066222 0.208592
1.0 0.231947 0.866048 0.067409 0.072765
1.0 0.324115 0.741323 0.007011 0.011323
1.0 0.348852 0.739819 0.008711 0.012001
1.0 0.376776 0.737927 0.007597 0.011898
1.0 0.315968 0.743499 0.006008 0.010323
0.0 0.288644 0.689032 0.143714 0.110008
1.0 0.231353 0.738324 0.066222 0.208592
1.0 0.566882 0.866048 0.067409 0.072765
1.0 0.474713 0.741323 0.007011 0.011323
1.0 0.449976 0.739819 0.008711 0.012001
1.0 0.422052 0.737927 0.007597 0.011898
1.0 0.482860 0.743499 0.006008 0.010323
0.0 0.510184 0.689032 0.143714 0.110008
1.0 0.567475 0.738324 0.066222 0.208592
1.0 0.634290 0.866048 0.067409 0.072765
1.0 0.726458 0.741323 0.007011 0.011323
1.0 0.751196 0.739819 0.008711 0.012001
1.0 0.779120 0.737927 0.007597 0.011898
1.0 0.718312 0.743499 0.006008 0.010323
0.0 0.690988 0.689032 0.143714 0.110008
1.0 0.633697 0.738324 0.066222 0.208592
1.0 0.967760 0.866048 0.064479 0.072765
1.0 0.877057 0.741323 0.007011 0.011323
1.0 0.852320 0.739819 0.008711 0.012001
1.0 0.824396 0.737927 0.007597 0.011898
1.0 0.885203 0.743499 0.006008 0.010323
0.0 0.912528 0.689032 0.143714 0.110008
1.0 0.968354 0.738324 0.063292 0.208592
1.0 0.164538 0.938813 0.067409 0.072765
1.0 0.165131 0.981121 0.066222 0.037759
1.0 0.231947 0.938813 0.067409 0.072765
1.0 0.231353 0.981121 0.066222 0.037759
1.0 0.566882 0.938813 0.067409 0.072765
1.0 0.567475 0.981121 0.066222 0.037759
1.0 0.634290 0.938813 0.067409 0.072765
1.0 0.633697 0.981121 0.066222 0.037759
1.0 0.967760 0.938813 0.064479 0.072765
1.0 0.968354 0.981121 0.063292 0.037759
