1.0 0.032339 0.074118 0.064678 0.123513
1.0 0.091023 0.116834 0.035825 0.050012
1.0 0.134399 0.111757 0.044979 0.055161
1.0 0.206769 0.114035 0.045506 0.048213
1.0 0.257065 0.108871 0.048370 0.051669
1.0 0.164109 0.113637 0.036176 0.051581
1.0 0.058613 0.108888 0.050080 0.069392
1.0 0.016024 0.129113 0.032049 0.024317
1.0 0.272828 0.111076 0.016844 0.046168
1.0 0.050622 0.134564 0.029134 0.018639
1.0 0.110668 0.118096 0.023120 0.045445
0.0 0.174936 0.090039 0.017568 0.009677
1.0 0.539353 0.074118 0.083062 0.123513
1.0 0.619832 0.067018 0.097971 0.134037
1.0 0.687215 0.083484 0.063069 0.114996
1.0 0.471477 0.116834 0.035825 0.050012
1.0 0.428101 0.111757 0.044979 0.055161
1.0 0.355731 0.114035 0.045506 0.048213
1.0 0.305435 0.108871 0.048370 0.051669
1.0 0.398391 0.113637 0.036176 0.051581
1.0 0.503887 0.108888 0.050080 0.069392
1.0 0.550894 0.129113 0.040887 0.024317
1.0 0.289672 0.111076 0.016844 0.046168
1.0 0.511878 0.134564 0.029134 0.018639
1.0 0.451832 0.118096 0.023120 0.045445
0.0 0.597898 0.004150 0.055689 0.008300
0.0 0.704013 0.042859 0.029475 0.021337
0.0 0.387564 0.090039 0.017568 0.009677
1.0 0.898147 0.074118 0.083062 0.123513
1.0 0.817668 0.067018 0.097971 0.134037
1.0 0.750285 0.083484 0.063069 0.114996
1.0 0.966023 0.116834 0.035825 0.050012
1.0 0.993455 0.111757 0.013090 0.055161
1.0 0.933613 0.108888 0.050080 0.069392
1.0 0.886606 0.129113 0.040887 0.024317
1.0 0.925622 0.134564 0.029134 0.018639
1.0 0.985668 0.118096 0.023120 0.045445
0.0 0.839602 0.004150 0.055689 0.008300
0.0 0.733487 0.042859 0.029475 0.021337
1.0 0.032339 0.487919 0.064678 0.123513
1.0 0.091023 0.445203 0.035825 0.050012
1.0 0.134399 0.450280 0.044979 0.055161
1.0 0.206769 0.448002 0.045506 0.048213
1.0 0.257065 0.453166 0.048370 0.051669
1.0 0.164109 0.448400 0.036176 0.051581
1.0 0.058613 0.453149 0.050080 0.069392
1.0 0.016024 0.432924 0.032049 0.024317
1.0 0.272828 0.450961 0.016844 0.046168
1.0 0.050622 0.427473 0.029134 0.018639
1.0 0.110668 0.443941 0.023120 0.045445
0.0 0.174936 0.471998 0.017568 0.009677
1.0 0.539353 0.487919 0.083062 0.123513
1.0 0.619832 0.499659 0.097971 0.143317
1.0 0.687215 0.478553 0.063069 0.114996
1.0 0.471477 0.445203 0.035825 0.050012
1.0 0.428101 0.450280 0.044979 0.055161
1.0 0.355731 0.448002 0.045506 0.048213
1.0 0.305435 0.453166 0.048370 0.051669
1.0 0.398391 0.448400 0.036176 0.051581
1.0 0.503887 0.453149 0.050080 0.069392
1.0 0.550894 0.432924 0.040887 0.024317
1.0 0.289672 0.450961 0.016844 0.046168
1.0 0.511878 0.427473 0.029134 0.018639
1.0 0.451832 0.443941 0.023120 0.045445
0.0 0.597898 0.572694 0.055689 0.037913
0.0 0.704013 0.519178 0.029475 0.021337
0.0 0.387564 0.471998 0.017568 0.009677
1.0 0.898147 0.487919 0.083062 0.123513
1.0 0.817668 0.499659 0.097971 0.143317
1.0 0.750285 0.478553 0.063069 0.114996
1.0 0.966023 0.445203 0.035825 0.050012
1.0 0.993455 0.450280 0.013090 0.055161
1.0 0.933613 0.453149 0.050080 0.069392
1.0 0.886606 0.432924 0.040887 0.024317
1.0 0.925622 0.427473 0.029134 0.018639
1.0 0.985668 0.443941 0.023120 0.045445
0.0 0.839602 0.572694 0.055689 0.037913
0.0 0.733487 0.519178 0.029475 0.021337
1.0 0.032339 0.943681 0.064678 0.112638
1.0 0.091023 0.983414 0.035825 0.033172
1.0 0.134399 0.979588 0.044979 0.040823
1.0 0.206769 0.982465 0.045506 0.035071
1.0 0.257065 0.979018 0.048370 0.041964
1.0 0.164109 0.981423 0.036176 0.037154
1.0 0.058613 0.974596 0.050080 0.050808
1.0 0.016024 0.995977 0.032049 0.008045
1.0 0.272828 0.981496 0.016844 0.037008
1.0 0.110668 0.985187 0.023120 0.029627
0.0 0.174936 0.965039 0.017568 0.009677
1.0 0.539353 0.943681 0.083062 0.112638
1.0 0.619832 0.932860 0.097971 0.134280
1.0 0.687215 0.950493 0.063069 0.099014
1.0 0.471477 0.983414 0.035825 0.033172
1.0 0.428101 0.979588 0.044979 0.040823
1.0 0.355731 0.982465 0.045506 0.035071
1.0 0.305435 0.979018 0.048370 0.041964
1.0 0.398391 0.981423 0.036176 0.037154
1.0 0.503887 0.974596 0.050080 0.050808
1.0 0.550894 0.995977 0.040887 0.008045
1.0 0.289672 0.981496 0.016844 0.037008
1.0 0.451832 0.985187 0.023120 0.029627
0.0 0.597898 0.864343 0.055689 0.037913
0.0 0.704013 0.917859 0.029475 0.021337
0.0 0.387564 0.965039 0.017568 0.009677
1.0 0.898147 0.943681 0.083062 0.112638
1.0 0.817668 0.932860 0.097971 0.134280
1.0 0.750285 0.950493 0.063069 0.099014
1.0 0.966023 0.983414 0.035825 0.033172
1.0 0.993455 0.979588 0.013090 0.040823
1.0 0.933613 0.974596 0.050080 0.050808
1.0 0.886606 0.995977 0.040887 0.008045
1.0 0.985668 0.985187 0.023120 0.029627
0.0 0.839602 0.864343 0.055689 0.037913
0.0 0.733487 0.917859 0.029475 0.021337
