1.0 0.067533 0.695737 0.094036 0.179732
0.0 0.080589 0.752531 0.066413 0.107663
0.0 0.198391 0.648725 0.044823 0.078948
1.0 0.169331 0.619467 0.068926 0.130559
1.0 0.541842 0.695737 0.094036 0.179732
0.0 0.528786 0.752531 0.066413 0.107663
0.0 0.410984 0.648725 0.044823 0.078948
1.0 0.440044 0.619467 0.068926 0.130559
1.0 0.848783 0.695737 0.094036 0.179732
0.0 0.861839 0.752531 0.066413 0.107663
0.0 0.978614 0.648725 0.042771 0.078948
1.0 0.950581 0.619467 0.068926 0.130559
1.0 0.067533 0.954421 0.094036 0.091159
0.0 0.080589 0.941913 0.066413 0.107663
1.0 0.541842 0.954421 0.094036 0.091159
0.0 0.528786 0.941913 0.066413 0.107663
1.0 0.848783 0.954421 0.094036 0.091159
0.0 0.861839 0.941913 0.066413 0.107663
