1.0 0.064276 0.050000 0.035228 0.100000
1.0 0.017388 0.050000 0.034775 0.100000
1.0 0.059434 0.012085 0.016802 0.024171
1.0 0.030851 0.006952 0.015419 0.013903
1.0 0.148224 0.050000 0.035228 0.100000
1.0 0.196229 0.050000 0.037009 0.100000
1.0 0.153066 0.012085 0.016802 0.024171
1.0 0.181649 0.006952 0.015419 0.013903
1.0 0.289276 0.050000 0.035228 0.100000
1.0 0.241271 0.050000 0.037009 0.100000
1.0 0.284434 0.012085 0.016802 0.024171
1.0 0.255851 0.006952 0.015419 0.013903
1.0 0.373224 0.050000 0.035228 0.100000
1.0 0.421229 0.050000 0.037009 0.100000
1.0 0.378066 0.012085 0.016802 0.024171
1.0 0.406649 0.006952 0.015419 0.013903
1.0 0.514276 0.050000 0.035228 0.100000
1.0 0.466271 0.050000 0.037009 0.100000
1.0 0.509434 0.012085 0.016802 0.024171
1.0 0.480851 0.006952 0.015419 0.013903
1.0 0.598224 0.050000 0.035228 0.100000
1.0 0.646229 0.050000 0.037009 0.100000
1.0 0.603066 0.012085 0.016802 0.024171
1.0 0.631649 0.006952 0.015419 0.013903
1.0 0.739276 0.050000 0.035228 0.100000
1.0 0.691271 0.050000 0.037009 0.100000
1.0 0.734434 0.012085 0.016802 0.024171
1.0 0.705851 0.006952 0.015419 0.013903
1.0 0.823224 0.050000 0.035228 0.100000
1.0 0.871229 0.050000 0.037009 0.100000
1.0 0.828066 0.012085 0.016802 0.024171
1.0 0.856649 0.006952 0.015419 0.013903
1.0 0.964276 0.050000 0.035228 0.100000
1.0 0.916271 0.050000 0.037009 0.100000
1.0 0.959434 0.012085 0.016802 0.024171
1.0 0.930851 0.006952 0.015419 0.013903
1.0 0.064276 0.151431 0.035228 0.102861
1.0 0.017388 0.157370 0.034775 0.114740
1.0 0.059434 0.199909 0.016802 0.048159
1.0 0.030851 0.207988 0.015419 0.043781
1.0 0.067343 0.244775 0.002504 0.007588
1.0 0.064697 0.245972 0.002420 0.006463
0.0 0.064313 0.242057 0.002403 0.003882
1.0 0.148224 0.151431 0.035228 0.102861
1.0 0.196229 0.157370 0.037009 0.114740
1.0 0.153066 0.199909 0.016802 0.048159
1.0 0.181649 0.207988 0.015419 0.043781
1.0 0.145157 0.244775 0.002504 0.007588
1.0 0.147803 0.245972 0.002420 0.006463
0.0 0.148187 0.242057 0.002403 0.003882
1.0 0.289276 0.151431 0.035228 0.102861
1.0 0.241271 0.157370 0.037009 0.114740
1.0 0.284434 0.199909 0.016802 0.048159
1.0 0.255851 0.207988 0.015419 0.043781
1.0 0.292343 0.244775 0.002504 0.007588
1.0 0.289697 0.245972 0.002420 0.006463
0.0 0.289313 0.242057 0.002403 0.003882
1.0 0.373224 0.151431 0.035228 0.102861
1.0 0.421229 0.157370 0.037009 0.114740
1.0 0.378066 0.199909 0.016802 0.048159
1.0 0.406649 0.207988 0.015419 0.043781
1.0 0.370157 0.244775 0.002504 0.007588
1.0 0.372803 0.245972 0.002420 0.006463
0.0 0.373187 0.242057 0.002403 0.003882
1.0 0.514276 0.151431 0.035228 0.102861
1.0 0.466271 0.157370 0.037009 0.114740
1.0 0.509434 0.199909 0.016802 0.048159
1.0 0.480851 0.207988 0.015419 0.043781
1.0 0.517343 0.244775 0.002504 0.007588
1.0 0.514697 0.245972 0.002420 0.006463
0.0 0.514313 0.242057 0.002403 0.003882
1.0 0.598224 0.151431 0.035228 0.102861
1.0 0.646229 0.157370 0.037009 0.114740
1.0 0.603066 0.199909 0.016802 0.048159
1.0 0.631649 0.207988 0.015419 0.043781
1.0 0.595157 0.244775 0.002504 0.007588
1.0 0.597803 0.245972 0.002420 0.006463
0.0 0.598187 0.242057 0.002403 0.003882
1.0 0.739276 0.151431 0.035228 0.102861
1.0 0.691271 0.157370 0.037009 0.114740
1.0 0.734434 0.199909 0.016802 0.048159
1.0 0.705851 0.207988 0.015419 0.043781
1.0 0.742343 0.244775 0.002504 0.007588
1.0 0.739697 0.245972 0.002420 0.006463
0.0 0.739313 0.242057 0.002403 0.003882
1.0 0.823224 0.151431 0.035228 0.102861
1.0 0.871229 0.157370 0.037009 0.114740
1.0 0.828066 0.199909 0.016802 0.048159
1.0 0.856649 0.207988 0.015419 0.043781
1.0 0.820157 0.244775 0.002504 0.007588
1.0 0.822803 0.245972 0.002420 0.006463
0.0 0.823187 0.242057 0.002403 0.003882
1.0 0.964276 0.151431 0.035228 0.102861
1.0 0.916271 0.157370 0.037009 0.114740
1.0 0.959434 0.199909 0.016802 0.048159
1.0 0.930851 0.207988 0.015419 0.043781
1.0 0.967343 0.244775 0.002504 0.007588
1.0 0.964697 0.245972 0.002420 0.006463
0.0 0.964313 0.242057 0.002403 0.003882
1.0 0.064276 0.581903 0.035228 0.102861
1.0 0.017388 0.575963 0.034775 0.114740
1.0 0.059434 0.533425 0.016802 0.048159
1.0 0.030851 0.525346 0.015419 0.043781
1.0 0.067343 0.488558 0.002504 0.007588
1.0 0.064697 0.487361 0.002420 0.006463
0.0 0.064313 0.491277 0.002403 0.003882
1.0 0.148224 0.581903 0.035228 0.102861
1.0 0.196229 0.575963 0.037009 0.114740
1.0 0.153066 0.533425 0.016802 0.048159
1.0 0.181649 0.525346 0.015419 0.043781
1.0 0.145157 0.488558 0.002504 0.007588
1.0 0.147803 0.487361 0.002420 0.006463
0.0 0.148187 0.491277 0.002403 0.003882
1.0 0.289276 0.581903 0.035228 0.102861
1.0 0.241271 0.575963 0.037009 0.114740
1.0 0.284434 0.533425 0.016802 0.048159
1.0 0.255851 0.525346 0.015419 0.043781
1.0 0.292343 0.488558 0.002504 0.007588
1.0 0.289697 0.487361 0.002420 0.006463
0.0 0.289313 0.491277 0.002403 0.003882
1.0 0.373224 0.581903 0.035228 0.102861
1.0 0.421229 0.575963 0.037009 0.114740
1.0 0.378066 0.533425 0.016802 0.048159
1.0 0.406649 0.525346 0.015419 0.043781
1.0 0.370157 0.488558 0.002504 0.007588
1.0 0.372803 0.487361 0.002420 0.006463
0.0 0.373187 0.491277 0.002403 0.003882
1.0 0.514276 0.581903 0.035228 0.102861
1.0 0.466271 0.575963 0.037009 0.114740
1.0 0.509434 0.533425 0.016802 0.048159
1.0 0.480851 0.525346 0.015419 0.043781
1.0 0.517343 0.488558 0.002504 0.007588
1.0 0.514697 0.487361 0.002420 0.006463
0.0 0.514313 0.491277 0.002403 0.003882
1.0 0.598224 0.581903 0.035228 0.102861
1.0 0.646229 0.575963 0.037009 0.114740
1.0 0.603066 0.533425 0.016802 0.048159
1.0 0.631649 0.525346 0.015419 0.043781
1.0 0.595157 0.488558 0.002504 0.007588
1.0 0.597803 0.487361 0.002420 0.006463
0.0 0.598187 0.491277 0.002403 0.003882
1.0 0.739276 0.581903 0.035228 0.102861
1.0 0.691271 0.575963 0.037009 0.114740
1.0 0.734434 0.533425 0.016802 0.048159
1.0 0.705851 0.525346 0.015419 0.043781
1.0 0.742343 0.488558 0.002504 0.007588
1.0 0.739697 0.487361 0.002420 0.006463
0.0 0.739313 0.491277 0.002403 0.003882
1.0 0.823224 0.581903 0.035228 0.102861
1.0 0.871229 0.575963 0.037009 0.114740
1.0 0.828066 0.533425 0.016802 0.048159
1.0 0.856649 0.525346 0.015419 0.043781
1.0 0.820157 0.488558 0.002504 0.007588
1.0 0.822803 0.487361 0.002420 0.006463
0.0 0.823187 0.491277 0.002403 0.003882
1.0 0.964276 0.581903 0.035228 0.102861
1.0 0.916271 0.575963 0.037009 0.114740
1.0 0.959434 0.533425 0.016802 0.048159
1.0 0.930851 0.525346 0.015419 0.043781
1.0 0.967343 0.488558 0.002504 0.007588
1.0 0.964697 0.487361 0.002420 0.006463
0.0 0.964313 0.491277 0.002403 0.003882
1.0 0.064276 0.684764 0.035228 0.102861
1.0 0.017388 0.690703 0.034775 0.114740
1.0 0.059434 0.733242 0.016802 0.048159
1.0 0.030851 0.741321 0.015419 0.043781
1.0 0.067343 0.778109 0.002504 0.007588
1.0 0.064697 0.779305 0.002420 0.006463
0.0 0.064313 0.775390 0.002403 0.003882
1.0 0.148224 0.684764 0.035228 0.102861
1.0 0.196229 0.690703 0.037009 0.114740
1.0 0.153066 0.733242 0.016802 0.048159
1.0 0.181649 0.741321 0.015419 0.043781
1.0 0.145157 0.778109 0.002504 0.007588
1.0 0.147803 0.779305 0.002420 0.006463
0.0 0.148187 0.775390 0.002403 0.003882
1.0 0.289276 0.684764 0.035228 0.102861
1.0 0.241271 0.690703 0.037009 0.114740
1.0 0.284434 0.733242 0.016802 0.048159
1.0 0.255851 0.741321 0.015419 0.043781
1.0 0.292343 0.778109 0.002504 0.007588
1.0 0.289697 0.779305 0.002420 0.006463
0.0 0.289313 0.775390 0.002403 0.003882
1.0 0.373224 0.684764 0.035228 0.102861
1.0 0.421229 0.690703 0.037009 0.114740
1.0 0.378066 0.733242 0.016802 0.048159
1.0 0.406649 0.741321 0.015419 0.043781
1.0 0.370157 0.778109 0.002504 0.007588
1.0 0.372803 0.779305 0.002420 0.006463
0.0 0.373187 0.775390 0.002403 0.003882
1.0 0.514276 0.684764 0.035228 0.102861
1.0 0.466271 0.690703 0.037009 0.114740
1.0 0.509434 0.733242 0.016802 0.048159
1.0 0.480851 0.741321 0.015419 0.043781
1.0 0.517343 0.778109 0.002504 0.007588
1.0 0.514697 0.779305 0.002420 0.006463
0.0 0.514313 0.775390 0.002403 0.003882
1.0 0.598224 0.684764 0.035228 0.102861
1.0 0.646229 0.690703 0.037009 0.114740
1.0 0.603066 0.733242 0.016802 0.048159
1.0 0.631649 0.741321 0.015419 0.043781
1.0 0.595157 0.778109 0.002504 0.007588
1.0 0.597803 0.779305 0.002420 0.006463
0.0 0.598187 0.775390 0.002403 0.003882
1.0 0.739276 0.684764 0.035228 0.102861
1.0 0.691271 0.690703 0.037009 0.114740
1.0 0.734434 0.733242 0.016802 0.048159
1.0 0.705851 0.741321 0.015419 0.043781
1.0 0.742343 0.778109 0.002504 0.007588
1.0 0.739697 0.779305 0.002420 0.006463
0.0 0.739313 0.775390 0.002403 0.003882
1.0 0.823224 0.684764 0.035228 0.102861
1.0 0.871229 0.690703 0.037009 0.114740
1.0 0.828066 0.733242 0.016802 0.048159
1.0 0.856649 0.741321 0.015419 0.043781
1.0 0.820157 0.778109 0.002504 0.007588
1.0 0.822803 0.779305 0.002420 0.006463
0.0 0.823187 0.775390 0.002403 0.003882
1.0 0.964276 0.684764 0.035228 0.102861
1.0 0.916271 0.690703 0.037009 0.114740
1.0 0.959434 0.733242 0.016802 0.048159
1.0 0.930851 0.741321 0.015419 0.043781
1.0 0.967343 0.778109 0.002504 0.007588
1.0 0.964697 0.779305 0.002420 0.006463
0.0 0.964313 0.775390 0.002403 0.003882
