0.0 0.005859 0.110939 0.011719 0.221878
0.0 0.032269 0.110939 0.041101 0.221878
0.0 0.090265 0.138232 0.082658 0.238645
0.0 0.142531 0.264151 0.067699 0.119367
0.0 0.381793 0.110939 0.041101 0.221878
0.0 0.323798 0.138232 0.082658 0.238645
0.0 0.271532 0.264151 0.067699 0.119367
0.0 0.422894 0.110939 0.041101 0.221878
0.0 0.480890 0.138232 0.082658 0.238645
0.0 0.533156 0.264151 0.067699 0.119367
0.0 0.772418 0.110939 0.041101 0.221878
0.0 0.714423 0.138232 0.082658 0.238645
0.0 0.662157 0.264151 0.067699 0.119367
0.0 0.813519 0.110939 0.041101 0.221878
0.0 0.871515 0.138232 0.082658 0.238645
0.0 0.923781 0.264151 0.067699 0.119367
0.0 0.005859 0.550222 0.011719 0.238645
0.0 0.032269 0.550222 0.041101 0.238645
0.0 0.090265 0.514546 0.082658 0.238645
0.0 0.142531 0.388627 0.067699 0.119367
0.0 0.381793 0.550222 0.041101 0.238645
0.0 0.323798 0.514546 0.082658 0.238645
0.0 0.271532 0.388627 0.067699 0.119367
0.0 0.422894 0.550222 0.041101 0.238645
0.0 0.480890 0.514546 0.082658 0.238645
0.0 0.533156 0.388627 0.067699 0.119367
0.0 0.772418 0.550222 0.041101 0.238645
0.0 0.714423 0.514546 0.082658 0.238645
0.0 0.662157 0.388627 0.067699 0.119367
0.0 0.813519 0.550222 0.041101 0.238645
0.0 0.871515 0.514546 0.082658 0.238645
0.0 0.923781 0.388627 0.067699 0.119367
0.0 0.005859 0.797000 0.011719 0.238645
0.0 0.032269 0.797000 0.041101 0.238645
0.0 0.090265 0.832676 0.082658 0.238645
0.0 0.142531 0.949456 0.067699 0.101088
0.0 0.381793 0.797000 0.041101 0.238645
0.0 0.323798 0.832676 0.082658 0.238645
0.0 0.271532 0.949456 0.067699 0.101088
0.0 0.422894 0.797000 0.041101 0.238645
0.0 0.480890 0.832676 0.082658 0.238645
0.0 0.533156 0.949456 0.067699 0.101088
0.0 0.772418 0.797000 0.041101 0.238645
0.0 0.714423 0.832676 0.082658 0.238645
0.0 0.662157 0.949456 0.067699 0.101088
0.0 0.813519 0.797000 0.041101 0.238645
0.0 0.871515 0.832676 0.082658 0.238645
0.0 0.923781 0.949456 0.067699 0.101088
