1.0 0.017671 0.514604 0.035341 0.108607
1.0 0.094160 0.530018 0.054016 0.105241
1.0 0.537614 0.718810 0.169196 0.347374
1.0 0.753779 0.632870 0.074784 0.110256
1.0 0.862699 0.651583 0.059858 0.107023
1.0 0.301353 0.676150 0.163093 0.341915
1.0 0.124838 0.533189 0.037012 0.095744
1.0 0.730595 0.630030 0.032883 0.095083
1.0 0.830078 0.646368 0.045088 0.094492
1.0 0.029501 0.523149 0.041358 0.087964
1.0 0.621844 0.614812 0.036357 0.040557
1.0 0.467672 0.592332 0.030432 0.106555
1.0 0.428766 0.587412 0.110018 0.123516
1.0 0.384444 0.576425 0.023338 0.098642
1.0 0.910764 0.651032 0.054830 0.047747
1.0 0.685681 0.633253 0.019603 0.011608
0.0 0.537015 0.884291 0.156321 0.098835
0.0 0.277503 0.842187 0.158762 0.100437
0.0 0.265845 0.978023 0.158762 0.043954
