1.0 0.011432 0.150206 0.022863 0.157747
0.0 0.020265 0.096326 0.021970 0.052532
1.0 0.083032 0.150206 0.086791 0.157747
1.0 0.131776 0.157398 0.056661 0.153835
0.0 0.122091 0.087407 0.048521 0.056703
0.0 0.042235 0.096326 0.021970 0.052532
1.0 0.604468 0.150206 0.086791 0.157747
1.0 0.555724 0.157398 0.056661 0.153835
0.0 0.565409 0.087407 0.048521 0.056703
0.0 0.645265 0.096326 0.021970 0.052532
1.0 0.708032 0.150206 0.086791 0.157747
1.0 0.756776 0.157398 0.056661 0.153835
0.0 0.747091 0.087407 0.048521 0.056703
0.0 0.667235 0.096326 0.021970 0.052532
1.0 0.011432 0.506044 0.022863 0.157747
0.0 0.020265 0.559924 0.021970 0.052532
1.0 0.083032 0.506044 0.086791 0.157747
1.0 0.131776 0.498852 0.056661 0.153835
0.0 0.122091 0.568843 0.048521 0.056703
0.0 0.042235 0.559924 0.021970 0.052532
1.0 0.604468 0.506044 0.086791 0.157747
1.0 0.555724 0.498852 0.056661 0.153835
0.0 0.565409 0.568843 0.048521 0.056703
0.0 0.645265 0.559924 0.021970 0.052532
1.0 0.708032 0.506044 0.086791 0.157747
1.0 0.756776 0.498852 0.056661 0.153835
0.0 0.747091 0.568843 0.048521 0.056703
0.0 0.667235 0.559924 0.021970 0.052532
1.0 0.011432 0.837706 0.022863 0.157747
0.0 0.020265 0.783826 0.021970 0.052532
1.0 0.083032 0.837706 0.086791 0.157747
1.0 0.131776 0.844898 0.056661 0.153835
0.0 0.122091 0.774907 0.048521 0.056703
0.0 0.042235 0.783826 0.021970 0.052532
1.0 0.604468 0.837706 0.086791 0.157747
1.0 0.555724 0.844898 0.056661 0.153835
0.0 0.565409 0.774907 0.048521 0.056703
0.0 0.645265 0.783826 0.021970 0.052532
1.0 0.708032 0.837706 0.086791 0.157747
1.0 0.756776 0.844898 0.056661 0.153835
0.0 0.747091 0.774907 0.048521 0.056703
0.0 0.667235 0.783826 0.021970 0.052532
