1.0 0.008687 0.077306 0.006064 0.096196
1.0 0.005339 0.076342 0.010678 0.096026
1.0 0.003811 0.076736 0.007622 0.153472
1.0 0.014751 0.077306 0.006064 0.096196
1.0 0.020825 0.076342 0.016130 0.096026
1.0 0.107471 0.076736 0.142015 0.153472
0.0 0.166952 0.127599 0.029298 0.051746
1.0 0.043106 0.076736 0.054581 0.153472
1.0 0.399312 0.077306 0.006064 0.096196
1.0 0.393238 0.076342 0.016130 0.096026
1.0 0.306592 0.076736 0.142015 0.153472
0.0 0.247110 0.127599 0.029298 0.051746
1.0 0.370956 0.076736 0.054581 0.153472
1.0 0.405376 0.077306 0.006064 0.096196
1.0 0.411450 0.076342 0.016130 0.096026
1.0 0.498096 0.076736 0.142015 0.153472
0.0 0.557577 0.127599 0.029298 0.051746
1.0 0.433731 0.076736 0.054581 0.153472
1.0 0.789937 0.077306 0.006064 0.096196
1.0 0.783863 0.076342 0.016130 0.096026
1.0 0.697217 0.076736 0.142015 0.153472
0.0 0.637735 0.127599 0.029298 0.051746
1.0 0.761581 0.076736 0.054581 0.153472
1.0 0.796001 0.077306 0.006064 0.096196
1.0 0.802075 0.076342 0.016130 0.096026
1.0 0.888721 0.076736 0.142015 0.153472
0.0 0.948202 0.127599 0.029298 0.051746
1.0 0.824356 0.076736 0.054581 0.153472
1.0 0.008687 0.229638 0.006064 0.096196
1.0 0.005339 0.230603 0.010678 0.096026
1.0 0.003811 0.268924 0.007622 0.230903
1.0 0.014751 0.229638 0.006064 0.096196
1.0 0.020825 0.230603 0.016130 0.096026
1.0 0.107471 0.268924 0.142015 0.230903
0.0 0.166952 0.179345 0.029298 0.051746
1.0 0.043106 0.268924 0.054581 0.230903
1.0 0.399312 0.229638 0.006064 0.096196
1.0 0.393238 0.230603 0.016130 0.096026
1.0 0.306592 0.268924 0.142015 0.230903
0.0 0.247110 0.179345 0.029298 0.051746
1.0 0.370956 0.268924 0.054581 0.230903
1.0 0.405376 0.229638 0.006064 0.096196
1.0 0.411450 0.230603 0.016130 0.096026
1.0 0.498096 0.268924 0.142015 0.230903
0.0 0.557577 0.179345 0.029298 0.051746
1.0 0.433731 0.268924 0.054581 0.230903
1.0 0.789937 0.229638 0.006064 0.096196
1.0 0.783863 0.230603 0.016130 0.096026
1.0 0.697217 0.268924 0.142015 0.230903
0.0 0.637735 0.179345 0.029298 0.051746
1.0 0.761581 0.268924 0.054581 0.230903
1.0 0.796001 0.229638 0.006064 0.096196
1.0 0.802075 0.230603 0.016130 0.096026
1.0 0.888721 0.268924 0.142015 0.230903
0.0 0.948202 0.179345 0.029298 0.051746
1.0 0.824356 0.268924 0.054581 0.230903
1.0 0.008687 0.539112 0.006064 0.096196
1.0 0.005339 0.538147 0.010678 0.096026
1.0 0.003811 0.499826 0.007622 0.230903
1.0 0.014751 0.539112 0.006064 0.096196
1.0 0.020825 0.538147 0.016130 0.096026
1.0 0.107471 0.499826 0.142015 0.230903
0.0 0.166952 0.589405 0.029298 0.051746
1.0 0.043106 0.499826 0.054581 0.230903
1.0 0.399312 0.539112 0.006064 0.096196
1.0 0.393238 0.538147 0.016130 0.096026
1.0 0.306592 0.499826 0.142015 0.230903
0.0 0.247110 0.589405 0.029298 0.051746
1.0 0.370956 0.499826 0.054581 0.230903
1.0 0.405376 0.539112 0.006064 0.096196
1.0 0.411450 0.538147 0.016130 0.096026
1.0 0.498096 0.499826 0.142015 0.230903
0.0 0.557577 0.589405 0.029298 0.051746
1.0 0.433731 0.499826 0.054581 0.230903
1.0 0.789937 0.539112 0.006064 0.096196
1.0 0.783863 0.538147 0.016130 0.096026
1.0 0.697217 0.499826 0.142015 0.230903
0.0 0.637735 0.589405 0.029298 0.051746
1.0 0.761581 0.499826 0.054581 0.230903
1.0 0.796001 0.539112 0.006064 0.096196
1.0 0.802075 0.538147 0.016130 0.096026
1.0 0.888721 0.499826 0.142015 0.230903
0.0 0.948202 0.589405 0.029298 0.051746
1.0 0.824356 0.499826 0.054581 0.230903
1.0 0.008687 0.691444 0.006064 0.096196
1.0 0.005339 0.692408 0.010678 0.096026
1.0 0.003811 0.730729 0.007622 0.230903
1.0 0.014751 0.691444 0.006064 0.096196
1.0 0.020825 0.692408 0.016130 0.096026
1.0 0.107471 0.730729 0.142015 0.230903
0.0 0.166952 0.641151 0.029298 0.051746
1.0 0.043106 0.730729 0.054581 0.230903
1.0 0.399312 0.691444 0.006064 0.096196
1.0 0.393238 0.692408 0.016130 0.096026
1.0 0.306592 0.730729 0.142015 0.230903
0.0 0.247110 0.641151 0.029298 0.051746
1.0 0.370956 0.730729 0.054581 0.230903
1.0 0.405376 0.691444 0.006064 0.096196
1.0 0.411450 0.692408 0.016130 0.096026
1.0 0.498096 0.730729 0.142015 0.230903
0.0 0.557577 0.641151 0.029298 0.051746
1.0 0.433731 0.730729 0.054581 0.230903
1.0 0.789937 0.691444 0.006064 0.096196
1.0 0.783863 0.692408 0.016130 0.096026
1.0 0.697217 0.730729 0.142015 0.230903
0.0 0.637735 0.641151 0.029298 0.051746
1.0 0.761581 0.730729 0.054581 0.230903
1.0 0.796001 0.691444 0.006064 0.096196
1.0 0.802075 0.692408 0.016130 0.096026
1.0 0.888721 0.730729 0.142015 0.230903
0.0 0.948202 0.641151 0.029298 0.051746
1.0 0.824356 0.730729 0.054581 0.230903
1.0 0.008687 0.976410 0.006064 0.047181
1.0 0.005339 0.975970 0.010678 0.048060
1.0 0.003811 0.923090 0.007622 0.153819
1.0 0.014751 0.976410 0.006064 0.047181
1.0 0.020825 0.975970 0.016130 0.048060
1.0 0.107471 0.923090 0.142015 0.153819
1.0 0.043106 0.923090 0.054581 0.153819
1.0 0.399312 0.976410 0.006064 0.047181
1.0 0.393238 0.975970 0.016130 0.048060
1.0 0.306592 0.923090 0.142015 0.153819
1.0 0.370956 0.923090 0.054581 0.153819
1.0 0.405376 0.976410 0.006064 0.047181
1.0 0.411450 0.975970 0.016130 0.048060
1.0 0.498096 0.923090 0.142015 0.153819
1.0 0.433731 0.923090 0.054581 0.153819
1.0 0.789937 0.976410 0.006064 0.047181
1.0 0.783863 0.975970 0.016130 0.048060
1.0 0.697217 0.923090 0.142015 0.153819
1.0 0.761581 0.923090 0.054581 0.153819
1.0 0.796001 0.976410 0.006064 0.047181
1.0 0.802075 0.975970 0.016130 0.048060
1.0 0.888721 0.923090 0.142015 0.153819
1.0 0.824356 0.923090 0.054581 0.153819
