1.0 0.033008 0.035937 0.066016 0.071875
0.0 0.240430 0.072222 0.075391 0.144444
0.0 0.178711 0.042361 0.083984 0.084722
1.0 0.641113 0.029167 0.068945 0.058333
1.0 0.568848 0.035937 0.069727 0.071875
1.0 0.685254 0.215104 0.027148 0.036458
0.0 0.359570 0.072222 0.075391 0.144444
0.0 0.421289 0.042361 0.083984 0.084722
1.0 0.758887 0.029167 0.068945 0.058333
1.0 0.831152 0.035937 0.069727 0.071875
1.0 0.714746 0.215104 0.027148 0.036458
0.0 0.968359 0.042361 0.063281 0.084722
1.0 0.033008 0.539931 0.066016 0.290278
0.0 0.042773 0.709722 0.085547 0.100000
0.0 0.240430 0.406944 0.075391 0.169444
0.0 0.178711 0.450347 0.083984 0.136806
1.0 0.641113 0.571181 0.068945 0.325694
1.0 0.568848 0.539931 0.069727 0.290278
1.0 0.685254 0.251563 0.027148 0.036458
0.0 0.574219 0.709722 0.119531 0.100000
0.0 0.359570 0.406944 0.075391 0.169444
0.0 0.421289 0.450347 0.083984 0.136806
1.0 0.758887 0.571181 0.068945 0.325694
1.0 0.831152 0.539931 0.069727 0.290278
1.0 0.714746 0.251563 0.027148 0.036458
0.0 0.825781 0.709722 0.119531 0.100000
0.0 0.968359 0.450347 0.063281 0.136806
1.0 0.033008 0.924132 0.066016 0.151736
0.0 0.042773 0.823611 0.085547 0.100000
1.0 0.641113 0.899653 0.068945 0.200694
1.0 0.568848 0.924132 0.069727 0.151736
0.0 0.574219 0.823611 0.119531 0.100000
1.0 0.758887 0.899653 0.068945 0.200694
1.0 0.831152 0.924132 0.069727 0.151736
0.0 0.825781 0.823611 0.119531 0.100000
