1.0 0.057160 0.487163 0.050134 0.117319
1.0 0.034524 0.500204 0.037264 0.106192
0.0 0.048951 0.537465 0.023941 0.036085
0.0 0.075464 0.521147 0.020744 0.031067
1.0 0.252215 0.487163 0.050134 0.117319
1.0 0.274851 0.500204 0.037264 0.106192
1.0 0.343696 0.536000 0.046887 0.088090
1.0 0.353945 0.540506 0.027556 0.073830
0.0 0.260424 0.537465 0.023941 0.036085
0.0 0.233911 0.521147 0.020744 0.031067
1.0 0.517577 0.487163 0.050134 0.117319
1.0 0.494940 0.500204 0.037264 0.106192
1.0 0.426096 0.536000 0.046887 0.088090
1.0 0.415847 0.540506 0.027556 0.073830
0.0 0.509368 0.537465 0.023941 0.036085
0.0 0.535881 0.521147 0.020744 0.031067
1.0 0.712631 0.487163 0.050134 0.117319
1.0 0.735268 0.500204 0.037264 0.106192
1.0 0.804112 0.536000 0.046887 0.088090
1.0 0.814361 0.540506 0.027556 0.073830
0.0 0.720840 0.537465 0.023941 0.036085
0.0 0.694327 0.521147 0.020744 0.031067
1.0 0.976463 0.487163 0.047073 0.117319
1.0 0.955357 0.500204 0.037264 0.106192
1.0 0.886513 0.536000 0.046887 0.088090
1.0 0.876264 0.540506 0.027556 0.073830
0.0 0.969785 0.537465 0.023941 0.036085
0.0 0.992963 0.521147 0.014074 0.031067
