0.0 0.065698 0.019110 0.042151 0.038220
1.0 0.093935 0.008772 0.119818 0.017543
0.0 0.387666 0.026212 0.016335 0.052424
0.0 0.309302 0.019110 0.042151 0.038220
1.0 0.281065 0.008772 0.119818 0.017543
0.0 0.404001 0.026212 0.016335 0.052424
0.0 0.482364 0.019110 0.042151 0.038220
1.0 0.510602 0.008772 0.119818 0.017543
0.0 0.804333 0.026212 0.016335 0.052424
0.0 0.725969 0.019110 0.042151 0.038220
1.0 0.697732 0.008772 0.119818 0.017543
0.0 0.820667 0.026212 0.016335 0.052424
0.0 0.899031 0.019110 0.042151 0.038220
1.0 0.927268 0.008772 0.119818 0.017543
0.0 0.065698 0.165097 0.042151 0.073301
0.0 0.132360 0.212117 0.029405 0.055797
1.0 0.093935 0.234114 0.119818 0.169982
0.0 0.387666 0.150893 0.016335 0.073301
0.0 0.309302 0.165097 0.042151 0.073301
0.0 0.242640 0.212117 0.029405 0.055797
1.0 0.281065 0.234114 0.119818 0.169982
0.0 0.404001 0.150893 0.016335 0.073301
0.0 0.482364 0.165097 0.042151 0.073301
0.0 0.549027 0.212117 0.029405 0.055797
1.0 0.510602 0.234114 0.119818 0.169982
0.0 0.804333 0.150893 0.016335 0.073301
0.0 0.725969 0.165097 0.042151 0.073301
0.0 0.659306 0.212117 0.029405 0.055797
1.0 0.697732 0.234114 0.119818 0.169982
0.0 0.820667 0.150893 0.016335 0.073301
0.0 0.899031 0.165097 0.042151 0.073301
0.0 0.965694 0.212117 0.029405 0.055797
1.0 0.927268 0.234114 0.119818 0.169982
0.0 0.065698 0.557125 0.042151 0.073301
0.0 0.132360 0.510106 0.029405 0.055797
1.0 0.093935 0.488108 0.119818 0.169982
0.0 0.387666 0.571329 0.016335 0.073301
0.0 0.309302 0.557125 0.042151 0.073301
0.0 0.242640 0.510106 0.029405 0.055797
1.0 0.281065 0.488108 0.119818 0.169982
0.0 0.404001 0.571329 0.016335 0.073301
0.0 0.482364 0.557125 0.042151 0.073301
0.0 0.549027 0.510106 0.029405 0.055797
1.0 0.510602 0.488108 0.119818 0.169982
0.0 0.804333 0.571329 0.016335 0.073301
0.0 0.725969 0.557125 0.042151 0.073301
0.0 0.659306 0.510106 0.029405 0.055797
1.0 0.697732 0.488108 0.119818 0.169982
0.0 0.820667 0.571329 0.016335 0.073301
0.0 0.899031 0.557125 0.042151 0.073301
0.0 0.965694 0.510106 0.029405 0.055797
1.0 0.927268 0.488108 0.119818 0.169982
0.0 0.065698 0.720653 0.042151 0.073301
0.0 0.132360 0.767672 0.029405 0.055797
1.0 0.093935 0.789670 0.119818 0.169982
0.0 0.387666 0.706448 0.016335 0.073301
0.0 0.309302 0.720653 0.042151 0.073301
0.0 0.242640 0.767672 0.029405 0.055797
1.0 0.281065 0.789670 0.119818 0.169982
0.0 0.404001 0.706448 0.016335 0.073301
0.0 0.482364 0.720653 0.042151 0.073301
0.0 0.549027 0.767672 0.029405 0.055797
1.0 0.510602 0.789670 0.119818 0.169982
0.0 0.804333 0.706448 0.016335 0.073301
0.0 0.725969 0.720653 0.042151 0.073301
0.0 0.659306 0.767672 0.029405 0.055797
1.0 0.697732 0.789670 0.119818 0.169982
0.0 0.820667 0.706448 0.016335 0.073301
0.0 0.899031 0.720653 0.042151 0.073301
0.0 0.965694 0.767672 0.029405 0.055797
1.0 0.927268 0.789670 0.119818 0.169982
1.0 0.093935 0.979336 0.119818 0.041328
1.0 0.281065 0.979336 0.119818 0.041328
1.0 0.510602 0.979336 0.119818 0.041328
1.0 0.697732 0.979336 0.119818 0.041328
1.0 0.927268 0.979336 0.119818 0.041328
