0.0 0.010048 0.162422 0.020096 0.128234
0.0 0.014488 0.076571 0.028976 0.121774
0.0 0.015625 0.022128 0.031250 0.044256
1.0 0.193493 0.170329 0.179392 0.273772
0.0 0.257796 0.065560 0.146001 0.131120
0.0 0.094004 0.162422 0.103200 0.128234
0.0 0.122909 0.113232 0.095520 0.118723
0.0 0.081736 0.076571 0.096424 0.121774
0.0 0.075476 0.022128 0.088453 0.044256
1.0 0.494007 0.170329 0.179392 0.273772
0.0 0.429704 0.065560 0.146001 0.131120
0.0 0.593496 0.162422 0.103200 0.128234
0.0 0.564591 0.113232 0.095520 0.118723
0.0 0.605764 0.076571 0.096424 0.121774
0.0 0.612024 0.022128 0.088453 0.044256
1.0 0.818493 0.170329 0.179392 0.273772
0.0 0.882796 0.065560 0.146001 0.131120
0.0 0.719004 0.162422 0.103200 0.128234
0.0 0.747909 0.113232 0.095520 0.118723
0.0 0.706736 0.076571 0.096424 0.121774
0.0 0.700476 0.022128 0.088453 0.044256
0.0 0.990852 0.065560 0.018296 0.131120
0.0 0.010048 0.467207 0.020096 0.128234
0.0 0.014488 0.553059 0.028976 0.121774
0.0 0.004195 0.666803 0.008390 0.036765
0.0 0.015625 0.635280 0.031250 0.099811
1.0 0.193493 0.459301 0.179392 0.273772
0.0 0.257796 0.590591 0.146001 0.184162
0.0 0.094004 0.467207 0.103200 0.128234
0.0 0.122909 0.516397 0.095520 0.118723
0.0 0.081736 0.553059 0.096424 0.121774
0.0 0.101870 0.666803 0.095520 0.036765
0.0 0.075476 0.635280 0.088453 0.099811
1.0 0.494007 0.459301 0.179392 0.273772
0.0 0.429704 0.590591 0.146001 0.184162
0.0 0.593496 0.467207 0.103200 0.128234
0.0 0.564591 0.516397 0.095520 0.118723
0.0 0.605764 0.553059 0.096424 0.121774
0.0 0.585630 0.666803 0.095520 0.036765
0.0 0.612024 0.635280 0.088453 0.099811
1.0 0.818493 0.459301 0.179392 0.273772
0.0 0.882796 0.590591 0.146001 0.184162
0.0 0.719004 0.467207 0.103200 0.128234
0.0 0.747909 0.516397 0.095520 0.118723
0.0 0.706736 0.553059 0.096424 0.121774
0.0 0.726870 0.666803 0.095520 0.036765
0.0 0.700476 0.635280 0.088453 0.099811
0.0 0.990852 0.590591 0.018296 0.184162
0.0 0.010048 0.903163 0.020096 0.128234
0.0 0.014488 0.817311 0.028976 0.121774
0.0 0.004195 0.703568 0.008390 0.036765
0.0 0.015625 0.735091 0.031250 0.099811
1.0 0.193493 0.887092 0.179392 0.225817
0.0 0.257796 0.779780 0.146001 0.184162
0.0 0.094004 0.903163 0.103200 0.128234
0.0 0.122909 0.853973 0.095520 0.118723
0.0 0.081736 0.817311 0.096424 0.121774
0.0 0.101870 0.703568 0.095520 0.036765
0.0 0.075476 0.735091 0.088453 0.099811
1.0 0.494007 0.887092 0.179392 0.225817
0.0 0.429704 0.779780 0.146001 0.184162
0.0 0.593496 0.903163 0.103200 0.128234
0.0 0.564591 0.853973 0.095520 0.118723
0.0 0.605764 0.817311 0.096424 0.121774
0.0 0.585630 0.703568 0.095520 0.036765
0.0 0.612024 0.735091 0.088453 0.099811
1.0 0.818493 0.887092 0.179392 0.225817
0.0 0.882796 0.779780 0.146001 0.184162
0.0 0.719004 0.903163 0.103200 0.128234
0.0 0.747909 0.853973 0.095520 0.118723
0.0 0.706736 0.817311 0.096424 0.121774
0.0 0.726870 0.703568 0.095520 0.036765
0.0 0.700476 0.735091 0.088453 0.099811
0.0 0.990852 0.779780 0.018296 0.184162
