1.0 0.026774 0.084693 0.053547 0.169385
0.0 0.032340 0.020339 0.064679 0.040678
0.0 0.051185 0.024420 0.102369 0.048840
0.0 0.056825 0.024853 0.109232 0.049705
0.0 0.037396 0.106905 0.074791 0.093089
0.0 0.030457 0.096042 0.060914 0.091612
1.0 0.223783 0.084693 0.054660 0.169385
1.0 0.294168 0.098580 0.046869 0.165009
0.0 0.263645 0.020339 0.156648 0.040678
0.0 0.217022 0.024420 0.138783 0.048840
0.0 0.193175 0.024853 0.109232 0.049705
0.0 0.260394 0.106905 0.170370 0.093089
0.0 0.278321 0.096042 0.178470 0.091612
1.0 0.526217 0.084693 0.054660 0.169385
1.0 0.455832 0.098580 0.046869 0.165009
0.0 0.486355 0.020339 0.156648 0.040678
0.0 0.532978 0.024420 0.138783 0.048840
0.0 0.556825 0.024853 0.109232 0.049705
0.0 0.489606 0.106905 0.170370 0.093089
0.0 0.471679 0.096042 0.178470 0.091612
1.0 0.723783 0.084693 0.054660 0.169385
1.0 0.794168 0.098580 0.046869 0.165009
0.0 0.763645 0.020339 0.156648 0.040678
0.0 0.717022 0.024420 0.138783 0.048840
0.0 0.693175 0.024853 0.109232 0.049705
0.0 0.760394 0.106905 0.170370 0.093089
0.0 0.778321 0.096042 0.178470 0.091612
1.0 0.955832 0.098580 0.046869 0.165009
0.0 0.954015 0.020339 0.091969 0.040678
0.0 0.981793 0.024420 0.036414 0.048840
0.0 0.952211 0.106905 0.095579 0.093089
0.0 0.941222 0.096042 0.117556 0.091612
1.0 0.026774 0.581974 0.053547 0.169385
0.0 0.032340 0.646328 0.064679 0.040678
0.0 0.051185 0.642247 0.102369 0.048840
0.0 0.056825 0.641814 0.109232 0.049705
0.0 0.037396 0.559762 0.074791 0.093089
0.0 0.030457 0.570625 0.060914 0.091612
1.0 0.223783 0.581974 0.054660 0.169385
1.0 0.294168 0.568087 0.046869 0.165009
0.0 0.263645 0.646328 0.156648 0.040678
0.0 0.217022 0.642247 0.138783 0.048840
0.0 0.193175 0.641814 0.109232 0.049705
0.0 0.260394 0.559762 0.170370 0.093089
0.0 0.278321 0.570625 0.178470 0.091612
1.0 0.526217 0.581974 0.054660 0.169385
1.0 0.455832 0.568087 0.046869 0.165009
0.0 0.486355 0.646328 0.156648 0.040678
0.0 0.532978 0.642247 0.138783 0.048840
0.0 0.556825 0.641814 0.109232 0.049705
0.0 0.489606 0.559762 0.170370 0.093089
0.0 0.471679 0.570625 0.178470 0.091612
1.0 0.723783 0.581974 0.054660 0.169385
1.0 0.794168 0.568087 0.046869 0.165009
0.0 0.763645 0.646328 0.156648 0.040678
0.0 0.717022 0.642247 0.138783 0.048840
0.0 0.693175 0.641814 0.109232 0.049705
0.0 0.760394 0.559762 0.170370 0.093089
0.0 0.778321 0.570625 0.178470 0.091612
1.0 0.955832 0.568087 0.046869 0.165009
0.0 0.954015 0.646328 0.091969 0.040678
0.0 0.981793 0.642247 0.036414 0.048840
0.0 0.952211 0.559762 0.095579 0.093089
0.0 0.941222 0.570625 0.117556 0.091612
1.0 0.026774 0.751359 0.053547 0.169385
0.0 0.032340 0.687006 0.064679 0.040678
0.0 0.051185 0.691087 0.102369 0.048840
0.0 0.056825 0.691519 0.109232 0.049705
0.0 0.037396 0.773572 0.074791 0.093089
0.0 0.030457 0.762708 0.060914 0.091612
1.0 0.223783 0.751359 0.054660 0.169385
1.0 0.294168 0.765246 0.046869 0.165009
0.0 0.263645 0.687006 0.156648 0.040678
0.0 0.217022 0.691087 0.138783 0.048840
0.0 0.193175 0.691519 0.109232 0.049705
0.0 0.260394 0.773572 0.170370 0.093089
0.0 0.278321 0.762708 0.178470 0.091612
1.0 0.526217 0.751359 0.054660 0.169385
1.0 0.455832 0.765246 0.046869 0.165009
0.0 0.486355 0.687006 0.156648 0.040678
0.0 0.532978 0.691087 0.138783 0.048840
0.0 0.556825 0.691519 0.109232 0.049705
0.0 0.489606 0.773572 0.170370 0.093089
0.0 0.471679 0.762708 0.178470 0.091612
1.0 0.723783 0.751359 0.054660 0.169385
1.0 0.794168 0.765246 0.046869 0.165009
0.0 0.763645 0.687006 0.156648 0.040678
0.0 0.717022 0.691087 0.138783 0.048840
0.0 0.693175 0.691519 0.109232 0.049705
0.0 0.760394 0.773572 0.170370 0.093089
0.0 0.778321 0.762708 0.178470 0.091612
1.0 0.955832 0.765246 0.046869 0.165009
0.0 0.954015 0.687006 0.091969 0.040678
0.0 0.981793 0.691087 0.036414 0.048840
0.0 0.952211 0.773572 0.095579 0.093089
0.0 0.941222 0.762708 0.117556 0.091612
