1.0 0.056901 0.062037 0.057031 0.093519
1.0 0.081901 0.064583 0.037760 0.088426
1.0 0.107552 0.073380 0.014583 0.031019
0.0 0.001432 0.009259 0.002865 0.018519
0.0 0.084505 0.019213 0.015365 0.015278
1.0 0.279036 0.053009 0.064844 0.103241
1.0 0.174870 0.062037 0.057031 0.093519
1.0 0.252865 0.054398 0.046354 0.101389
1.0 0.149870 0.064583 0.037760 0.088426
1.0 0.353646 0.053009 0.036458 0.100463
1.0 0.279167 0.109722 0.021875 0.020370
1.0 0.124219 0.073380 0.014583 0.031019
1.0 0.340365 0.053241 0.037500 0.101852
0.0 0.237240 0.009259 0.016667 0.018519
0.0 0.147266 0.019213 0.015365 0.015278
1.0 0.464714 0.053009 0.064844 0.103241
1.0 0.568880 0.062037 0.057031 0.093519
1.0 0.490885 0.054398 0.046354 0.101389
1.0 0.593880 0.064583 0.037760 0.088426
1.0 0.390104 0.053009 0.036458 0.100463
1.0 0.464583 0.109722 0.021875 0.020370
1.0 0.619531 0.073380 0.014583 0.031019
1.0 0.403385 0.053241 0.037500 0.101852
0.0 0.506510 0.009259 0.016667 0.018519
0.0 0.596484 0.019213 0.015365 0.015278
1.0 0.791016 0.053009 0.064844 0.103241
1.0 0.686849 0.062037 0.057031 0.093519
1.0 0.764844 0.054398 0.046354 0.101389
1.0 0.661849 0.064583 0.037760 0.088426
1.0 0.865625 0.053009 0.036458 0.100463
1.0 0.791146 0.109722 0.021875 0.020370
1.0 0.636198 0.073380 0.014583 0.031019
1.0 0.852344 0.053241 0.037500 0.101852
0.0 0.749219 0.009259 0.016667 0.018519
0.0 0.659245 0.019213 0.015365 0.015278
1.0 0.972135 0.053009 0.055729 0.103241
1.0 0.989844 0.054398 0.020312 0.101389
1.0 0.902083 0.053009 0.036458 0.100463
1.0 0.976563 0.109722 0.021875 0.020370
1.0 0.915365 0.053241 0.037500 0.101852
1.0 0.056901 0.589815 0.057031 0.093519
1.0 0.081901 0.587269 0.037760 0.088426
1.0 0.107552 0.578472 0.014583 0.031019
0.0 0.001432 0.642824 0.002865 0.018981
0.0 0.084505 0.632639 0.015365 0.015278
1.0 0.279036 0.598843 0.064844 0.103241
1.0 0.174870 0.589815 0.057031 0.093519
1.0 0.252865 0.597454 0.046354 0.101389
1.0 0.149870 0.587269 0.037760 0.088426
1.0 0.353646 0.598843 0.036458 0.100463
1.0 0.279167 0.542130 0.021875 0.020370
1.0 0.124219 0.578472 0.014583 0.031019
1.0 0.340365 0.598611 0.037500 0.101852
0.0 0.237240 0.642824 0.016667 0.018981
0.0 0.147266 0.632639 0.015365 0.015278
1.0 0.464714 0.598843 0.064844 0.103241
1.0 0.568880 0.589815 0.057031 0.093519
1.0 0.490885 0.597454 0.046354 0.101389
1.0 0.593880 0.587269 0.037760 0.088426
1.0 0.390104 0.598843 0.036458 0.100463
1.0 0.464583 0.542130 0.021875 0.020370
1.0 0.619531 0.578472 0.014583 0.031019
1.0 0.403385 0.598611 0.037500 0.101852
0.0 0.506510 0.642824 0.016667 0.018981
0.0 0.596484 0.632639 0.015365 0.015278
1.0 0.791016 0.598843 0.064844 0.103241
1.0 0.686849 0.589815 0.057031 0.093519
1.0 0.764844 0.597454 0.046354 0.101389
1.0 0.661849 0.587269 0.037760 0.088426
1.0 0.865625 0.598843 0.036458 0.100463
1.0 0.791146 0.542130 0.021875 0.020370
1.0 0.636198 0.578472 0.014583 0.031019
1.0 0.852344 0.598611 0.037500 0.101852
0.0 0.749219 0.642824 0.016667 0.018981
0.0 0.659245 0.632639 0.015365 0.015278
1.0 0.972135 0.598843 0.055729 0.103241
1.0 0.989844 0.597454 0.020312 0.101389
1.0 0.902083 0.598843 0.036458 0.100463
1.0 0.976563 0.542130 0.021875 0.020370
1.0 0.915365 0.598611 0.037500 0.101852
1.0 0.056901 0.758333 0.057031 0.093519
1.0 0.081901 0.760880 0.037760 0.088426
1.0 0.107552 0.769676 0.014583 0.031019
0.0 0.001432 0.705324 0.002865 0.018981
0.0 0.084505 0.715509 0.015365 0.015278
1.0 0.279036 0.749306 0.064844 0.103241
1.0 0.174870 0.758333 0.057031 0.093519
1.0 0.252865 0.750694 0.046354 0.101389
1.0 0.149870 0.760880 0.037760 0.088426
1.0 0.353646 0.749306 0.036458 0.100463
1.0 0.279167 0.806019 0.021875 0.020370
1.0 0.124219 0.769676 0.014583 0.031019
1.0 0.340365 0.749537 0.037500 0.101852
0.0 0.237240 0.705324 0.016667 0.018981
0.0 0.147266 0.715509 0.015365 0.015278
1.0 0.464714 0.749306 0.064844 0.103241
1.0 0.568880 0.758333 0.057031 0.093519
1.0 0.490885 0.750694 0.046354 0.101389
1.0 0.593880 0.760880 0.037760 0.088426
1.0 0.390104 0.749306 0.036458 0.100463
1.0 0.464583 0.806019 0.021875 0.020370
1.0 0.619531 0.769676 0.014583 0.031019
1.0 0.403385 0.749537 0.037500 0.101852
0.0 0.506510 0.705324 0.016667 0.018981
0.0 0.596484 0.715509 0.015365 0.015278
1.0 0.791016 0.749306 0.064844 0.103241
1.0 0.686849 0.758333 0.057031 0.093519
1.0 0.764844 0.750694 0.046354 0.101389
1.0 0.661849 0.760880 0.037760 0.088426
1.0 0.865625 0.749306 0.036458 0.100463
1.0 0.791146 0.806019 0.021875 0.020370
1.0 0.636198 0.769676 0.014583 0.031019
1.0 0.852344 0.749537 0.037500 0.101852
0.0 0.749219 0.705324 0.016667 0.018981
0.0 0.659245 0.715509 0.015365 0.015278
1.0 0.972135 0.749306 0.055729 0.103241
1.0 0.989844 0.750694 0.020312 0.101389
1.0 0.902083 0.749306 0.036458 0.100463
1.0 0.976563 0.806019 0.021875 0.020370
1.0 0.915365 0.749537 0.037500 0.101852
