1.0 0.021042 0.158274 0.042084 0.093898
0.0 0.040943 0.178250 0.014246 0.027185
1.0 0.201746 0.158274 0.050160 0.093898
0.0 0.177807 0.178250 0.014246 0.027185
1.0 0.329504 0.158274 0.050160 0.093898
0.0 0.353443 0.178250 0.014246 0.027185
1.0 0.514246 0.158274 0.050160 0.093898
0.0 0.490307 0.178250 0.014246 0.027185
1.0 0.642004 0.158274 0.050160 0.093898
0.0 0.665943 0.178250 0.014246 0.027185
1.0 0.826746 0.158274 0.050160 0.093898
0.0 0.802807 0.178250 0.014246 0.027185
1.0 0.954504 0.158274 0.050160 0.093898
0.0 0.978443 0.178250 0.014246 0.027185
1.0 0.021042 0.285476 0.042084 0.093898
0.0 0.040943 0.265500 0.014246 0.027185
1.0 0.201746 0.285476 0.050160 0.093898
0.0 0.177807 0.265500 0.014246 0.027185
1.0 0.329504 0.285476 0.050160 0.093898
0.0 0.353443 0.265500 0.014246 0.027185
1.0 0.514246 0.285476 0.050160 0.093898
0.0 0.490307 0.265500 0.014246 0.027185
1.0 0.642004 0.285476 0.050160 0.093898
0.0 0.665943 0.265500 0.014246 0.027185
1.0 0.826746 0.285476 0.050160 0.093898
0.0 0.802807 0.265500 0.014246 0.027185
1.0 0.954504 0.285476 0.050160 0.093898
0.0 0.978443 0.265500 0.014246 0.027185
1.0 0.021042 0.529107 0.042084 0.093898
0.0 0.040943 0.549083 0.014246 0.027185
1.0 0.201746 0.529107 0.050160 0.093898
0.0 0.177807 0.549083 0.014246 0.027185
1.0 0.329504 0.529107 0.050160 0.093898
0.0 0.353443 0.549083 0.014246 0.027185
1.0 0.514246 0.529107 0.050160 0.093898
0.0 0.490307 0.549083 0.014246 0.027185
1.0 0.642004 0.529107 0.050160 0.093898
0.0 0.665943 0.549083 0.014246 0.027185
1.0 0.826746 0.529107 0.050160 0.093898
0.0 0.802807 0.549083 0.014246 0.027185
1.0 0.954504 0.529107 0.050160 0.093898
0.0 0.978443 0.549083 0.014246 0.027185
1.0 0.021042 0.656310 0.042084 0.093898
0.0 0.040943 0.636334 0.014246 0.027185
1.0 0.201746 0.656310 0.050160 0.093898
0.0 0.177807 0.636334 0.014246 0.027185
1.0 0.329504 0.656310 0.050160 0.093898
0.0 0.353443 0.636334 0.014246 0.027185
1.0 0.514246 0.656310 0.050160 0.093898
0.0 0.490307 0.636334 0.014246 0.027185
1.0 0.642004 0.656310 0.050160 0.093898
0.0 0.665943 0.636334 0.014246 0.027185
1.0 0.826746 0.656310 0.050160 0.093898
0.0 0.802807 0.636334 0.014246 0.027185
1.0 0.954504 0.656310 0.050160 0.093898
0.0 0.978443 0.636334 0.014246 0.027185
1.0 0.021042 0.899940 0.042084 0.093898
0.0 0.040943 0.919916 0.014246 0.027185
1.0 0.201746 0.899940 0.050160 0.093898
0.0 0.177807 0.919916 0.014246 0.027185
1.0 0.329504 0.899940 0.050160 0.093898
0.0 0.353443 0.919916 0.014246 0.027185
1.0 0.514246 0.899940 0.050160 0.093898
0.0 0.490307 0.919916 0.014246 0.027185
1.0 0.642004 0.899940 0.050160 0.093898
0.0 0.665943 0.919916 0.014246 0.027185
1.0 0.826746 0.899940 0.050160 0.093898
0.0 0.802807 0.919916 0.014246 0.027185
1.0 0.954504 0.899940 0.050160 0.093898
0.0 0.978443 0.919916 0.014246 0.027185
1.0 0.021042 0.990097 0.042084 0.019806
0.0 0.040943 0.996787 0.014246 0.006426
1.0 0.201746 0.990097 0.050160 0.019806
0.0 0.177807 0.996787 0.014246 0.006426
1.0 0.329504 0.990097 0.050160 0.019806
0.0 0.353443 0.996787 0.014246 0.006426
1.0 0.514246 0.990097 0.050160 0.019806
0.0 0.490307 0.996787 0.014246 0.006426
1.0 0.642004 0.990097 0.050160 0.019806
0.0 0.665943 0.996787 0.014246 0.006426
1.0 0.826746 0.990097 0.050160 0.019806
0.0 0.802807 0.996787 0.014246 0.006426
1.0 0.954504 0.990097 0.050160 0.019806
0.0 0.978443 0.996787 0.014246 0.006426
