1.0 0.008691 0.050694 0.017383 0.056944
0.0 0.013477 0.027778 0.013672 0.013194
1.0 0.133594 0.050694 0.028516 0.056944
1.0 0.150781 0.048958 0.019141 0.053472
1.0 0.201758 0.046007 0.026953 0.039931
1.0 0.209277 0.046007 0.013477 0.036458
0.0 0.143750 0.025347 0.015625 0.015278
0.0 0.123242 0.027778 0.013672 0.013194
1.0 0.348437 0.050694 0.028516 0.056944
1.0 0.331250 0.048958 0.019141 0.053472
1.0 0.280273 0.046007 0.026953 0.039931
1.0 0.272754 0.046007 0.013477 0.036458
0.0 0.338281 0.025347 0.015625 0.015278
0.0 0.358789 0.027778 0.013672 0.013194
1.0 0.478906 0.050694 0.028516 0.056944
1.0 0.496094 0.048958 0.019141 0.053472
1.0 0.547070 0.046007 0.026953 0.039931
1.0 0.554590 0.046007 0.013477 0.036458
0.0 0.489063 0.025347 0.015625 0.015278
0.0 0.468555 0.027778 0.013672 0.013194
1.0 0.693750 0.050694 0.028516 0.056944
1.0 0.676562 0.048958 0.019141 0.053472
1.0 0.625586 0.046007 0.026953 0.039931
1.0 0.618066 0.046007 0.013477 0.036458
0.0 0.683594 0.025347 0.015625 0.015278
0.0 0.704102 0.027778 0.013672 0.013194
1.0 0.824219 0.050694 0.028516 0.056944
1.0 0.841406 0.048958 0.019141 0.053472
1.0 0.892383 0.046007 0.026953 0.039931
1.0 0.899902 0.046007 0.013477 0.036458
0.0 0.834375 0.025347 0.015625 0.015278
0.0 0.813867 0.027778 0.013672 0.013194
1.0 0.970898 0.046007 0.026953 0.039931
1.0 0.963379 0.046007 0.013477 0.036458
1.0 0.008691 0.466667 0.017383 0.056944
0.0 0.013477 0.489583 0.013672 0.013194
1.0 0.133594 0.466667 0.028516 0.056944
1.0 0.150781 0.468403 0.019141 0.053472
1.0 0.201758 0.471354 0.026953 0.039931
1.0 0.209277 0.471354 0.013477 0.036458
0.0 0.143750 0.492014 0.015625 0.015278
0.0 0.123242 0.489583 0.013672 0.013194
1.0 0.348437 0.466667 0.028516 0.056944
1.0 0.331250 0.468403 0.019141 0.053472
1.0 0.280273 0.471354 0.026953 0.039931
1.0 0.272754 0.471354 0.013477 0.036458
0.0 0.338281 0.492014 0.015625 0.015278
0.0 0.358789 0.489583 0.013672 0.013194
1.0 0.478906 0.466667 0.028516 0.056944
1.0 0.496094 0.468403 0.019141 0.053472
1.0 0.547070 0.471354 0.026953 0.039931
1.0 0.554590 0.471354 0.013477 0.036458
0.0 0.489063 0.492014 0.015625 0.015278
0.0 0.468555 0.489583 0.013672 0.013194
1.0 0.693750 0.466667 0.028516 0.056944
1.0 0.676562 0.468403 0.019141 0.053472
1.0 0.625586 0.471354 0.026953 0.039931
1.0 0.618066 0.471354 0.013477 0.036458
0.0 0.683594 0.492014 0.015625 0.015278
0.0 0.704102 0.489583 0.013672 0.013194
1.0 0.824219 0.466667 0.028516 0.056944
1.0 0.841406 0.468403 0.019141 0.053472
1.0 0.892383 0.471354 0.026953 0.039931
1.0 0.899902 0.471354 0.013477 0.036458
0.0 0.834375 0.492014 0.015625 0.015278
0.0 0.813867 0.489583 0.013672 0.013194
1.0 0.970898 0.471354 0.026953 0.039931
1.0 0.963379 0.471354 0.013477 0.036458
1.0 0.008691 0.993750 0.017383 0.012500
0.0 0.013477 0.993056 0.013672 0.013194
1.0 0.133594 0.993750 0.028516 0.012500
1.0 0.150781 0.993750 0.019141 0.012500
1.0 0.201758 0.995660 0.026953 0.008681
1.0 0.209277 0.996528 0.013477 0.006944
0.0 0.143750 0.990625 0.015625 0.015278
0.0 0.123242 0.993056 0.013672 0.013194
1.0 0.348437 0.993750 0.028516 0.012500
1.0 0.331250 0.993750 0.019141 0.012500
1.0 0.280273 0.995660 0.026953 0.008681
1.0 0.272754 0.996528 0.013477 0.006944
0.0 0.338281 0.990625 0.015625 0.015278
0.0 0.358789 0.993056 0.013672 0.013194
1.0 0.478906 0.993750 0.028516 0.012500
1.0 0.496094 0.993750 0.019141 0.012500
1.0 0.547070 0.995660 0.026953 0.008681
1.0 0.554590 0.996528 0.013477 0.006944
0.0 0.489063 0.990625 0.015625 0.015278
0.0 0.468555 0.993056 0.013672 0.013194
1.0 0.693750 0.993750 0.028516 0.012500
1.0 0.676562 0.993750 0.019141 0.012500
1.0 0.625586 0.995660 0.026953 0.008681
1.0 0.618066 0.996528 0.013477 0.006944
0.0 0.683594 0.990625 0.015625 0.015278
0.0 0.704102 0.993056 0.013672 0.013194
1.0 0.824219 0.993750 0.028516 0.012500
1.0 0.841406 0.993750 0.019141 0.012500
1.0 0.892383 0.995660 0.026953 0.008681
1.0 0.899902 0.996528 0.013477 0.006944
0.0 0.834375 0.990625 0.015625 0.015278
0.0 0.813867 0.993056 0.013672 0.013194
1.0 0.970898 0.995660 0.026953 0.008681
1.0 0.963379 0.996528 0.013477 0.006944
