1.0 0.051711 0.011201 0.079114 0.022401
1.0 0.149225 0.024675 0.073663 0.049350
1.0 0.573289 0.011201 0.079114 0.022401
1.0 0.475775 0.024675 0.073663 0.049350
1.0 0.801711 0.011201 0.079114 0.022401
1.0 0.899225 0.024675 0.073663 0.049350
1.0 0.051711 0.567091 0.079114 0.178983
1.0 0.149225 0.539531 0.073663 0.177764
0.0 0.116010 0.647995 0.216700 0.099652
0.0 0.070226 0.639136 0.140451 0.088101
0.0 0.122491 0.719857 0.216700 0.060285
1.0 0.573289 0.567091 0.079114 0.178983
1.0 0.475775 0.539531 0.073663 0.177764
0.0 0.508990 0.647995 0.216700 0.099652
0.0 0.573300 0.639136 0.177503 0.088101
0.0 0.502509 0.719857 0.216700 0.060285
1.0 0.801711 0.567091 0.079114 0.178983
1.0 0.899225 0.539531 0.073663 0.177764
0.0 0.866010 0.647995 0.216700 0.099652
0.0 0.801700 0.639136 0.177503 0.088101
0.0 0.872491 0.719857 0.216700 0.060285
1.0 0.051711 0.921709 0.079114 0.156582
1.0 0.149225 0.935793 0.073663 0.128413
0.0 0.116010 0.852005 0.216700 0.099652
0.0 0.070226 0.860864 0.140451 0.088101
0.0 0.122491 0.780143 0.216700 0.060285
1.0 0.573289 0.921709 0.079114 0.156582
1.0 0.475775 0.935793 0.073663 0.128413
0.0 0.508990 0.852005 0.216700 0.099652
0.0 0.573300 0.860864 0.177503 0.088101
0.0 0.502509 0.780143 0.216700 0.060285
1.0 0.801711 0.921709 0.079114 0.156582
1.0 0.899225 0.935793 0.073663 0.128413
0.0 0.866010 0.852005 0.216700 0.099652
0.0 0.801700 0.860864 0.177503 0.088101
0.0 0.872491 0.780143 0.216700 0.060285
