1.0 0.206445 0.141146 0.109766 0.241319
0.0 0.246191 0.032292 0.049023 0.064583
1.0 0.268164 0.144618 0.040234 0.169097
0.0 0.152506 0.051622 0.037436 0.049767
1.0 0.500586 0.141146 0.109766 0.241319
0.0 0.460840 0.032292 0.049023 0.064583
1.0 0.438867 0.144618 0.040234 0.169097
0.0 0.554525 0.051622 0.037436 0.049767
1.0 0.792383 0.141146 0.109766 0.241319
0.0 0.832129 0.032292 0.049023 0.064583
1.0 0.854102 0.144618 0.040234 0.169097
0.0 0.738443 0.051622 0.037436 0.049767
1.0 0.206445 0.433160 0.109766 0.241319
0.0 0.246191 0.547917 0.049023 0.076389
1.0 0.268164 0.429688 0.040234 0.169097
0.0 0.152506 0.522684 0.037436 0.049767
1.0 0.500586 0.433160 0.109766 0.241319
0.0 0.460840 0.547917 0.049023 0.076389
1.0 0.438867 0.429688 0.040234 0.169097
0.0 0.554525 0.522684 0.037436 0.049767
1.0 0.792383 0.433160 0.109766 0.241319
0.0 0.832129 0.547917 0.049023 0.076389
1.0 0.854102 0.429688 0.040234 0.169097
0.0 0.738443 0.522684 0.037436 0.049767
1.0 0.206445 0.935590 0.109766 0.128819
0.0 0.246191 0.877083 0.049023 0.076389
1.0 0.268164 0.955382 0.040234 0.089236
0.0 0.152506 0.902316 0.037436 0.049767
1.0 0.500586 0.935590 0.109766 0.128819
0.0 0.460840 0.877083 0.049023 0.076389
1.0 0.438867 0.955382 0.040234 0.089236
0.0 0.554525 0.902316 0.037436 0.049767
1.0 0.792383 0.935590 0.109766 0.128819
0.0 0.832129 0.877083 0.049023 0.076389
1.0 0.854102 0.955382 0.040234 0.089236
0.0 0.738443 0.902316 0.037436 0.049767
