0.0 0.054718 0.110455 0.045533 0.044276
1.0 0.043608 0.069593 0.087216 0.106229
0.0 0.164032 0.110455 0.045533 0.044276
0.0 0.238768 0.075095 0.031674 0.033271
1.0 0.196619 0.069593 0.130170 0.106229
0.0 0.367218 0.110455 0.045533 0.044276
0.0 0.292482 0.075095 0.031674 0.033271
1.0 0.334631 0.069593 0.130170 0.106229
0.0 0.476532 0.110455 0.045533 0.044276
0.0 0.551268 0.075095 0.031674 0.033271
1.0 0.509119 0.069593 0.130170 0.106229
0.0 0.679718 0.110455 0.045533 0.044276
0.0 0.604982 0.075095 0.031674 0.033271
1.0 0.647131 0.069593 0.130170 0.106229
0.0 0.789032 0.110455 0.045533 0.044276
0.0 0.863768 0.075095 0.031674 0.033271
1.0 0.821619 0.069593 0.130170 0.106229
0.0 0.984726 0.110455 0.030548 0.044276
0.0 0.917482 0.075095 0.031674 0.033271
1.0 0.947273 0.069593 0.105454 0.106229
0.0 0.054718 0.264545 0.045533 0.044276
1.0 0.043608 0.305407 0.087216 0.106229
0.0 0.164032 0.264545 0.045533 0.044276
0.0 0.238768 0.299905 0.031674 0.033271
1.0 0.196619 0.305407 0.130170 0.106229
0.0 0.367218 0.264545 0.045533 0.044276
0.0 0.292482 0.299905 0.031674 0.033271
1.0 0.334631 0.305407 0.130170 0.106229
0.0 0.476532 0.264545 0.045533 0.044276
0.0 0.551268 0.299905 0.031674 0.033271
1.0 0.509119 0.305407 0.130170 0.106229
0.0 0.679718 0.264545 0.045533 0.044276
0.0 0.604982 0.299905 0.031674 0.033271
1.0 0.647131 0.305407 0.130170 0.106229
0.0 0.789032 0.264545 0.045533 0.044276
0.0 0.863768 0.299905 0.031674 0.033271
1.0 0.821619 0.305407 0.130170 0.106229
0.0 0.984726 0.264545 0.030548 0.044276
0.0 0.917482 0.299905 0.031674 0.033271
1.0 0.947273 0.305407 0.105454 0.106229
0.0 0.054718 0.527122 0.045533 0.044276
1.0 0.043608 0.486260 0.087216 0.106229
0.0 0.164032 0.527122 0.045533 0.044276
0.0 0.238768 0.491762 0.031674 0.033271
1.0 0.196619 0.486260 0.130170 0.106229
0.0 0.367218 0.527122 0.045533 0.044276
0.0 0.292482 0.491762 0.031674 0.033271
1.0 0.334631 0.486260 0.130170 0.106229
0.0 0.476532 0.527122 0.045533 0.044276
0.0 0.551268 0.491762 0.031674 0.033271
1.0 0.509119 0.486260 0.130170 0.106229
0.0 0.679718 0.527122 0.045533 0.044276
0.0 0.604982 0.491762 0.031674 0.033271
1.0 0.647131 0.486260 0.130170 0.106229
0.0 0.789032 0.527122 0.045533 0.044276
0.0 0.863768 0.491762 0.031674 0.033271
1.0 0.821619 0.486260 0.130170 0.106229
0.0 0.984726 0.527122 0.030548 0.044276
0.0 0.917482 0.491762 0.031674 0.033271
1.0 0.947273 0.486260 0.105454 0.106229
0.0 0.054718 0.681212 0.045533 0.044276
1.0 0.043608 0.722073 0.087216 0.106229
0.0 0.164032 0.681212 0.045533 0.044276
0.0 0.238768 0.716572 0.031674 0.033271
1.0 0.196619 0.722073 0.130170 0.106229
0.0 0.367218 0.681212 0.045533 0.044276
0.0 0.292482 0.716572 0.031674 0.033271
1.0 0.334631 0.722073 0.130170 0.106229
0.0 0.476532 0.681212 0.045533 0.044276
0.0 0.551268 0.716572 0.031674 0.033271
1.0 0.509119 0.722073 0.130170 0.106229
0.0 0.679718 0.681212 0.045533 0.044276
0.0 0.604982 0.716572 0.031674 0.033271
1.0 0.647131 0.722073 0.130170 0.106229
0.0 0.789032 0.681212 0.045533 0.044276
0.0 0.863768 0.716572 0.031674 0.033271
1.0 0.821619 0.722073 0.130170 0.106229
0.0 0.984726 0.681212 0.030548 0.044276
0.0 0.917482 0.716572 0.031674 0.033271
1.0 0.947273 0.722073 0.105454 0.106229
0.0 0.054718 0.943788 0.045533 0.044276
1.0 0.043608 0.902927 0.087216 0.106229
0.0 0.164032 0.943788 0.045533 0.044276
0.0 0.238768 0.908428 0.031674 0.033271
1.0 0.196619 0.902927 0.130170 0.106229
0.0 0.367218 0.943788 0.045533 0.044276
0.0 0.292482 0.908428 0.031674 0.033271
1.0 0.334631 0.902927 0.130170 0.106229
0.0 0.476532 0.943788 0.045533 0.044276
0.0 0.551268 0.908428 0.031674 0.033271
1.0 0.509119 0.902927 0.130170 0.106229
0.0 0.679718 0.943788 0.045533 0.044276
0.0 0.604982 0.908428 0.031674 0.033271
1.0 0.647131 0.902927 0.130170 0.106229
0.0 0.789032 0.943788 0.045533 0.044276
0.0 0.863768 0.908428 0.031674 0.033271
1.0 0.821619 0.902927 0.130170 0.106229
0.0 0.984726 0.943788 0.030548 0.044276
0.0 0.917482 0.908428 0.031674 0.033271
1.0 0.947273 0.902927 0.105454 0.106229
