0.0 0.166087 0.019975 0.061900 0.039950
0.0 0.011726 0.029448 0.023451 0.058896
0.0 0.006947 0.006895 0.013894 0.013790
0.0 0.223630 0.028819 0.057415 0.057638
0.0 0.211468 0.001170 0.025813 0.002340
0.0 0.069414 0.070483 0.074318 0.089153
0.0 0.155622 0.089482 0.061580 0.076669
1.0 0.170039 0.072924 0.035019 0.047740
0.0 0.495371 0.019975 0.061900 0.039950
0.0 0.653639 0.029448 0.031264 0.058896
0.0 0.658418 0.006895 0.021707 0.013790
0.0 0.437828 0.028819 0.057415 0.057638
0.0 0.449990 0.001170 0.025813 0.002340
0.0 0.592044 0.070483 0.074318 0.089153
0.0 0.505836 0.089482 0.061580 0.076669
1.0 0.491419 0.072924 0.035019 0.047740
0.0 0.843171 0.019975 0.061900 0.039950
0.0 0.684903 0.029448 0.031264 0.058896
0.0 0.680124 0.006895 0.021707 0.013790
0.0 0.900714 0.028819 0.057415 0.057638
0.0 0.888551 0.001170 0.025813 0.002340
0.0 0.746498 0.070483 0.074318 0.089153
0.0 0.832705 0.089482 0.061580 0.076669
1.0 0.847122 0.072924 0.035019 0.047740
0.0 0.166087 0.561407 0.061900 0.089751
0.0 0.011726 0.544851 0.023451 0.094532
0.0 0.006947 0.574334 0.013894 0.063286
0.0 0.146798 0.593619 0.054597 0.067098
0.0 0.223630 0.538967 0.057415 0.080245
0.0 0.211468 0.576388 0.025813 0.044492
0.0 0.069414 0.485998 0.074318 0.089153
0.0 0.155622 0.466999 0.061580 0.076669
1.0 0.170039 0.483558 0.035019 0.047740
0.0 0.495371 0.561407 0.061900 0.089751
0.0 0.653639 0.544851 0.031264 0.094532
0.0 0.658418 0.574334 0.021707 0.063286
0.0 0.514661 0.593619 0.054597 0.067098
0.0 0.437828 0.538967 0.057415 0.080245
0.0 0.449990 0.576388 0.025813 0.044492
0.0 0.592044 0.485998 0.074318 0.089153
0.0 0.505836 0.466999 0.061580 0.076669
1.0 0.491419 0.483558 0.035019 0.047740
0.0 0.843171 0.561407 0.061900 0.089751
0.0 0.684903 0.544851 0.031264 0.094532
0.0 0.680124 0.574334 0.021707 0.063286
0.0 0.823881 0.593619 0.054597 0.067098
0.0 0.900714 0.538967 0.057415 0.080245
0.0 0.888551 0.576388 0.025813 0.044492
0.0 0.746498 0.485998 0.074318 0.089153
0.0 0.832705 0.466999 0.061580 0.076669
1.0 0.847122 0.483558 0.035019 0.047740
0.0 0.166087 0.881185 0.061900 0.089751
0.0 0.011726 0.897741 0.023451 0.094532
0.0 0.006947 0.868259 0.013894 0.063286
0.0 0.146798 0.848973 0.054597 0.067098
0.0 0.223630 0.903626 0.057415 0.080245
0.0 0.211468 0.866205 0.025813 0.044492
0.0 0.069414 0.956009 0.074318 0.087982
0.0 0.155622 0.968630 0.061580 0.062741
1.0 0.170039 0.959035 0.035019 0.047740
0.0 0.495371 0.881185 0.061900 0.089751
0.0 0.653639 0.897741 0.031264 0.094532
0.0 0.658418 0.868259 0.021707 0.063286
0.0 0.514661 0.848973 0.054597 0.067098
0.0 0.437828 0.903626 0.057415 0.080245
0.0 0.449990 0.866205 0.025813 0.044492
0.0 0.592044 0.956009 0.074318 0.087982
0.0 0.505836 0.968630 0.061580 0.062741
1.0 0.491419 0.959035 0.035019 0.047740
0.0 0.843171 0.881185 0.061900 0.089751
0.0 0.684903 0.897741 0.031264 0.094532
0.0 0.680124 0.868259 0.021707 0.063286
0.0 0.823881 0.848973 0.054597 0.067098
0.0 0.900714 0.903626 0.057415 0.080245
0.0 0.888551 0.866205 0.025813 0.044492
0.0 0.746498 0.956009 0.074318 0.087982
0.0 0.832705 0.968630 0.061580 0.062741
1.0 0.847122 0.959035 0.035019 0.047740
