1.0 0.081431 0.096883 0.162862 0.193766
1.0 0.049192 0.104440 0.098385 0.208880
1.0 0.522620 0.096883 0.204297 0.193766
1.0 0.567719 0.104440 0.165541 0.208880
1.0 0.894047 0.096883 0.204297 0.193766
1.0 0.848947 0.104440 0.165541 0.208880
0.0 0.129134 0.646649 0.092377 0.118543
0.0 0.029665 0.662836 0.059330 0.122027
1.0 0.081431 0.512151 0.162862 0.397019
1.0 0.049192 0.487249 0.098385 0.377443
0.0 0.454199 0.646649 0.092377 0.118543
0.0 0.585700 0.662836 0.123394 0.122027
1.0 0.522620 0.512151 0.204297 0.397019
1.0 0.567719 0.487249 0.165541 0.377443
0.0 0.958139 0.646649 0.083721 0.118543
0.0 0.830966 0.662836 0.123394 0.122027
1.0 0.894047 0.512151 0.204297 0.397019
1.0 0.848947 0.487249 0.165541 0.377443
0.0 0.129134 0.845017 0.092377 0.118543
0.0 0.029665 0.828831 0.059330 0.122027
1.0 0.081431 0.890503 0.162862 0.218994
1.0 0.049192 0.907848 0.098385 0.184304
0.0 0.454199 0.845017 0.092377 0.118543
0.0 0.585700 0.828831 0.123394 0.122027
1.0 0.522620 0.890503 0.204297 0.218994
1.0 0.567719 0.907848 0.165541 0.184304
0.0 0.958139 0.845017 0.083721 0.118543
0.0 0.830966 0.828831 0.123394 0.122027
1.0 0.894047 0.890503 0.204297 0.218994
1.0 0.848947 0.907848 0.165541 0.184304
