1.0 0.002608 0.136408 0.005216 0.030203
1.0 0.079000 0.164098 0.009518 0.029627
1.0 0.089574 0.168361 0.009871 0.029395
1.0 0.035764 0.128671 0.011007 0.037968
1.0 0.050101 0.134055 0.010925 0.037228
0.0 0.037368 0.106108 0.015365 0.017207
0.0 0.052792 0.112554 0.013825 0.014697
0.0 0.092601 0.155444 0.008030 0.007934
0.0 0.067613 0.182140 0.036247 0.092037
0.0 0.105720 0.193083 0.038167 0.124703
0.0 0.176896 0.220859 0.021208 0.124703
1.0 0.392853 0.129402 0.005960 0.030203
1.0 0.386303 0.132609 0.005695 0.027583
1.0 0.374859 0.136408 0.010150 0.030203
1.0 0.296000 0.164098 0.009518 0.029627
1.0 0.285426 0.168361 0.009871 0.029395
1.0 0.339236 0.128671 0.011007 0.037968
1.0 0.324899 0.134055 0.010925 0.037228
1.0 0.383545 0.133571 0.005695 0.027583
0.0 0.337632 0.106108 0.015365 0.017207
0.0 0.322208 0.112554 0.013825 0.014697
0.0 0.282399 0.155444 0.008030 0.007934
0.0 0.307387 0.182140 0.036247 0.092037
0.0 0.269280 0.193083 0.038167 0.124703
0.0 0.198104 0.220859 0.021208 0.124703
1.0 0.398813 0.129402 0.005960 0.030203
1.0 0.405364 0.132609 0.005695 0.027583
1.0 0.416808 0.136408 0.010150 0.030203
1.0 0.495666 0.164098 0.009518 0.029627
1.0 0.506241 0.168361 0.009871 0.029395
1.0 0.452431 0.128671 0.011007 0.037968
1.0 0.466768 0.134055 0.010925 0.037228
1.0 0.408121 0.133571 0.005695 0.027583
0.0 0.454035 0.106108 0.015365 0.017207
0.0 0.469459 0.112554 0.013825 0.014697
0.0 0.509267 0.155444 0.008030 0.007934
0.0 0.484280 0.182140 0.036247 0.092037
0.0 0.522387 0.193083 0.038167 0.124703
0.0 0.593563 0.220859 0.021208 0.124703
1.0 0.809520 0.129402 0.005960 0.030203
1.0 0.802969 0.132609 0.005695 0.027583
1.0 0.791526 0.136408 0.010150 0.030203
1.0 0.712667 0.164098 0.009518 0.029627
1.0 0.702093 0.168361 0.009871 0.029395
1.0 0.755902 0.128671 0.011007 0.037968
1.0 0.741565 0.134055 0.010925 0.037228
1.0 0.800212 0.133571 0.005695 0.027583
0.0 0.754298 0.106108 0.015365 0.017207
0.0 0.738874 0.112554 0.013825 0.014697
0.0 0.699066 0.155444 0.008030 0.007934
0.0 0.724054 0.182140 0.036247 0.092037
0.0 0.685946 0.193083 0.038167 0.124703
0.0 0.614771 0.220859 0.021208 0.124703
1.0 0.815480 0.129402 0.005960 0.030203
1.0 0.822031 0.132609 0.005695 0.027583
1.0 0.833474 0.136408 0.010150 0.030203
1.0 0.912333 0.164098 0.009518 0.029627
1.0 0.922907 0.168361 0.009871 0.029395
1.0 0.869098 0.128671 0.011007 0.037968
1.0 0.883435 0.134055 0.010925 0.037228
1.0 0.824788 0.133571 0.005695 0.027583
0.0 0.870702 0.106108 0.015365 0.017207
0.0 0.886126 0.112554 0.013825 0.014697
0.0 0.925934 0.155444 0.008030 0.007934
0.0 0.900946 0.182140 0.036247 0.092037
0.0 0.939054 0.193083 0.038167 0.124703
1.0 0.002608 0.493222 0.005216 0.030203
1.0 0.079000 0.465531 0.009518 0.029627
1.0 0.089574 0.461268 0.009871 0.029395
1.0 0.035764 0.500958 0.011007 0.037968
1.0 0.050101 0.495575 0.010925 0.037228
0.0 0.037368 0.523521 0.015365 0.017207
0.0 0.052792 0.517076 0.013825 0.014697
0.0 0.092601 0.474185 0.008030 0.007934
0.0 0.067613 0.447489 0.036247 0.092037
0.0 0.105720 0.436547 0.038167 0.124703
0.0 0.176896 0.408771 0.021208 0.124703
1.0 0.392853 0.500227 0.005960 0.030203
1.0 0.386303 0.497020 0.005695 0.027583
1.0 0.374859 0.493222 0.010150 0.030203
1.0 0.296000 0.465531 0.009518 0.029627
1.0 0.285426 0.461268 0.009871 0.029395
1.0 0.339236 0.500958 0.011007 0.037968
1.0 0.324899 0.495575 0.010925 0.037228
1.0 0.383545 0.496059 0.005695 0.027583
0.0 0.337632 0.523521 0.015365 0.017207
0.0 0.322208 0.517076 0.013825 0.014697
0.0 0.282399 0.474185 0.008030 0.007934
0.0 0.307387 0.447489 0.036247 0.092037
0.0 0.269280 0.436547 0.038167 0.124703
0.0 0.198104 0.408771 0.021208 0.124703
1.0 0.398813 0.500227 0.005960 0.030203
1.0 0.405364 0.497020 0.005695 0.027583
1.0 0.416808 0.493222 0.010150 0.030203
1.0 0.495666 0.465531 0.009518 0.029627
1.0 0.506241 0.461268 0.009871 0.029395
1.0 0.452431 0.500958 0.011007 0.037968
1.0 0.466768 0.495575 0.010925 0.037228
1.0 0.408121 0.496059 0.005695 0.027583
0.0 0.454035 0.523521 0.015365 0.017207
0.0 0.469459 0.517076 0.013825 0.014697
0.0 0.509267 0.474185 0.008030 0.007934
0.0 0.484280 0.447489 0.036247 0.092037
0.0 0.522387 0.436547 0.038167 0.124703
0.0 0.593563 0.408771 0.021208 0.124703
1.0 0.809520 0.500227 0.005960 0.030203
1.0 0.802969 0.497020 0.005695 0.027583
1.0 0.791526 0.493222 0.010150 0.030203
1.0 0.712667 0.465531 0.009518 0.029627
1.0 0.702093 0.461268 0.009871 0.029395
1.0 0.755902 0.500958 0.011007 0.037968
1.0 0.741565 0.495575 0.010925 0.037228
1.0 0.800212 0.496059 0.005695 0.027583
0.0 0.754298 0.523521 0.015365 0.017207
0.0 0.738874 0.517076 0.013825 0.014697
0.0 0.699066 0.474185 0.008030 0.007934
0.0 0.724054 0.447489 0.036247 0.092037
0.0 0.685946 0.436547 0.038167 0.124703
0.0 0.614771 0.408771 0.021208 0.124703
1.0 0.815480 0.500227 0.005960 0.030203
1.0 0.822031 0.497020 0.005695 0.027583
1.0 0.833474 0.493222 0.010150 0.030203
1.0 0.912333 0.465531 0.009518 0.029627
1.0 0.922907 0.461268 0.009871 0.029395
1.0 0.869098 0.500958 0.011007 0.037968
1.0 0.883435 0.495575 0.010925 0.037228
1.0 0.824788 0.496059 0.005695 0.027583
0.0 0.870702 0.523521 0.015365 0.017207
0.0 0.886126 0.517076 0.013825 0.014697
0.0 0.925934 0.474185 0.008030 0.007934
0.0 0.900946 0.447489 0.036247 0.092037
0.0 0.939054 0.436547 0.038167 0.124703
1.0 0.002608 0.877148 0.005216 0.030203
1.0 0.079000 0.904839 0.009518 0.029627
1.0 0.089574 0.909102 0.009871 0.029395
1.0 0.035764 0.869412 0.011007 0.037968
1.0 0.050101 0.874795 0.010925 0.037228
0.0 0.037368 0.846849 0.015365 0.017207
0.0 0.052792 0.853295 0.013825 0.014697
0.0 0.092601 0.896185 0.008030 0.007934
0.0 0.067613 0.922881 0.036247 0.092037
0.0 0.105720 0.933823 0.038167 0.124703
0.0 0.176896 0.949624 0.021208 0.100752
1.0 0.392853 0.870143 0.005960 0.030203
1.0 0.386303 0.873350 0.005695 0.027583
1.0 0.374859 0.877148 0.010150 0.030203
1.0 0.296000 0.904839 0.009518 0.029627
1.0 0.285426 0.909102 0.009871 0.029395
1.0 0.339236 0.869412 0.011007 0.037968
1.0 0.324899 0.874795 0.010925 0.037228
1.0 0.383545 0.874311 0.005695 0.027583
0.0 0.337632 0.846849 0.015365 0.017207
0.0 0.322208 0.853295 0.013825 0.014697
0.0 0.282399 0.896185 0.008030 0.007934
0.0 0.307387 0.922881 0.036247 0.092037
0.0 0.269280 0.933823 0.038167 0.124703
0.0 0.198104 0.949624 0.021208 0.100752
1.0 0.398813 0.870143 0.005960 0.030203
1.0 0.405364 0.873350 0.005695 0.027583
1.0 0.416808 0.877148 0.010150 0.030203
1.0 0.495666 0.904839 0.009518 0.029627
1.0 0.506241 0.909102 0.009871 0.029395
1.0 0.452431 0.869412 0.011007 0.037968
1.0 0.466768 0.874795 0.010925 0.037228
1.0 0.408121 0.874311 0.005695 0.027583
0.0 0.454035 0.846849 0.015365 0.017207
0.0 0.469459 0.853295 0.013825 0.014697
0.0 0.509267 0.896185 0.008030 0.007934
0.0 0.484280 0.922881 0.036247 0.092037
0.0 0.522387 0.933823 0.038167 0.124703
0.0 0.593563 0.949624 0.021208 0.100752
1.0 0.809520 0.870143 0.005960 0.030203
1.0 0.802969 0.873350 0.005695 0.027583
1.0 0.791526 0.877148 0.010150 0.030203
1.0 0.712667 0.904839 0.009518 0.029627
1.0 0.702093 0.909102 0.009871 0.029395
1.0 0.755902 0.869412 0.011007 0.037968
1.0 0.741565 0.874795 0.010925 0.037228
1.0 0.800212 0.874311 0.005695 0.027583
0.0 0.754298 0.846849 0.015365 0.017207
0.0 0.738874 0.853295 0.013825 0.014697
0.0 0.699066 0.896185 0.008030 0.007934
0.0 0.724054 0.922881 0.036247 0.092037
0.0 0.685946 0.933823 0.038167 0.124703
0.0 0.614771 0.949624 0.021208 0.100752
1.0 0.815480 0.870143 0.005960 0.030203
1.0 0.822031 0.873350 0.005695 0.027583
1.0 0.833474 0.877148 0.010150 0.030203
1.0 0.912333 0.904839 0.009518 0.029627
1.0 0.922907 0.909102 0.009871 0.029395
1.0 0.869098 0.869412 0.011007 0.037968
1.0 0.883435 0.874795 0.010925 0.037228
1.0 0.824788 0.874311 0.005695 0.027583
0.0 0.870702 0.846849 0.015365 0.017207
0.0 0.886126 0.853295 0.013825 0.014697
0.0 0.925934 0.896185 0.008030 0.007934
0.0 0.900946 0.922881 0.036247 0.092037
0.0 0.939054 0.933823 0.038167 0.124703
