0.0 0.227678 0.137253 0.140066 0.223215
0.0 0.162248 0.195038 0.128068 0.191965
0.0 0.397322 0.137253 0.140066 0.223215
0.0 0.462752 0.195038 0.128068 0.191965
0.0 0.953822 0.137253 0.092355 0.223215
0.0 0.912248 0.195038 0.128068 0.191965
0.0 0.227678 0.502330 0.140066 0.223215
0.0 0.162248 0.444545 0.128068 0.191965
0.0 0.397322 0.502330 0.140066 0.223215
0.0 0.462752 0.444545 0.128068 0.191965
0.0 0.953822 0.502330 0.092355 0.223215
0.0 0.912248 0.444545 0.128068 0.191965
0.0 0.227678 0.858087 0.140066 0.223215
0.0 0.162248 0.909944 0.128068 0.180111
0.0 0.397322 0.858087 0.140066 0.223215
0.0 0.462752 0.909944 0.128068 0.180111
0.0 0.953822 0.858087 0.092355 0.223215
0.0 0.912248 0.909944 0.128068 0.180111
