1.0 0.121354 0.130821 0.180060 0.261641
0.0 0.055097 0.009458 0.110194 0.018917
0.0 0.218453 0.040873 0.125000 0.081745
1.0 0.478646 0.130821 0.180060 0.261641
0.0 0.555469 0.009458 0.131326 0.018917
0.0 0.381547 0.040873 0.125000 0.081745
1.0 0.915662 0.130821 0.168676 0.261641
0.0 0.844531 0.009458 0.131326 0.018917
0.0 0.977977 0.040873 0.044047 0.081745
1.0 0.121354 0.450463 0.180060 0.372356
0.0 0.055097 0.622023 0.110194 0.230028
0.0 0.218453 0.517593 0.125000 0.146824
1.0 0.478646 0.450463 0.180060 0.372356
0.0 0.555469 0.622023 0.131326 0.230028
0.0 0.381547 0.517593 0.125000 0.146824
1.0 0.915662 0.450463 0.168676 0.372356
0.0 0.844531 0.622023 0.131326 0.230028
0.0 0.977977 0.517593 0.044047 0.146824
1.0 0.121354 0.918716 0.180060 0.162567
0.0 0.055097 0.852051 0.110194 0.230028
0.0 0.218453 0.941535 0.125000 0.116931
1.0 0.478646 0.918716 0.180060 0.162567
0.0 0.555469 0.852051 0.131326 0.230028
0.0 0.381547 0.941535 0.125000 0.116931
1.0 0.915662 0.918716 0.168676 0.162567
0.0 0.844531 0.852051 0.131326 0.230028
0.0 0.977977 0.941535 0.044047 0.116931
