1.0 0.001953 0.014399 0.003906 0.004620
0.0 0.001953 0.102808 0.003906 0.014366
1.0 0.084860 0.023714 0.040421 0.047429
1.0 0.055241 0.028005 0.047284 0.056011
1.0 0.188198 0.005976 0.028292 0.011951
1.0 0.021656 0.010939 0.017299 0.021878
1.0 0.030915 0.005685 0.005331 0.005157
1.0 0.007655 0.014399 0.007498 0.004620
1.0 0.017497 0.015556 0.007606 0.010344
0.0 0.042361 0.052024 0.029416 0.013348
0.0 0.069451 0.050654 0.033089 0.014572
0.0 0.145119 0.067263 0.042424 0.018034
0.0 0.040985 0.036233 0.032085 0.014334
0.0 0.016466 0.102808 0.025119 0.014366
1.0 0.319827 0.023714 0.040421 0.047429
1.0 0.349447 0.028005 0.047284 0.056011
1.0 0.216490 0.005976 0.028292 0.011951
1.0 0.383032 0.010939 0.017299 0.021878
1.0 0.373772 0.005685 0.005331 0.005157
1.0 0.397032 0.014399 0.007498 0.004620
1.0 0.387191 0.015556 0.007606 0.010344
0.0 0.362327 0.052024 0.029416 0.013348
0.0 0.335237 0.050654 0.033089 0.014572
0.0 0.259568 0.067263 0.042424 0.018034
0.0 0.363702 0.036233 0.032085 0.014334
0.0 0.388222 0.102808 0.025119 0.014366
1.0 0.481735 0.023714 0.040421 0.047429
1.0 0.452116 0.028005 0.047284 0.056011
1.0 0.585073 0.005976 0.028292 0.011951
1.0 0.418531 0.010939 0.017299 0.021878
1.0 0.427790 0.005685 0.005331 0.005157
1.0 0.404530 0.014399 0.007498 0.004620
1.0 0.414372 0.015556 0.007606 0.010344
0.0 0.439236 0.052024 0.029416 0.013348
0.0 0.466326 0.050654 0.033089 0.014572
0.0 0.541994 0.067263 0.042424 0.018034
0.0 0.437860 0.036233 0.032085 0.014334
0.0 0.413341 0.102808 0.025119 0.014366
1.0 0.716702 0.023714 0.040421 0.047429
1.0 0.746322 0.028005 0.047284 0.056011
1.0 0.613365 0.005976 0.028292 0.011951
1.0 0.779907 0.010939 0.017299 0.021878
1.0 0.770647 0.005685 0.005331 0.005157
1.0 0.793907 0.014399 0.007498 0.004620
1.0 0.784066 0.015556 0.007606 0.010344
0.0 0.759202 0.052024 0.029416 0.013348
0.0 0.732112 0.050654 0.033089 0.014572
0.0 0.656443 0.067263 0.042424 0.018034
0.0 0.760577 0.036233 0.032085 0.014334
0.0 0.785097 0.102808 0.025119 0.014366
1.0 0.878610 0.023714 0.040421 0.047429
1.0 0.848991 0.028005 0.047284 0.056011
1.0 0.981948 0.005976 0.028292 0.011951
1.0 0.815406 0.010939 0.017299 0.021878
1.0 0.824665 0.005685 0.005331 0.005157
1.0 0.801405 0.014399 0.007498 0.004620
1.0 0.811247 0.015556 0.007606 0.010344
0.0 0.836111 0.052024 0.029416 0.013348
0.0 0.863201 0.050654 0.033089 0.014572
0.0 0.938869 0.067263 0.042424 0.018034
0.0 0.834735 0.036233 0.032085 0.014334
0.0 0.810216 0.102808 0.025119 0.014366
1.0 0.001953 0.281434 0.003906 0.004620
0.0 0.001953 0.193025 0.003906 0.014366
1.0 0.084860 0.281558 0.040421 0.066307
1.0 0.055241 0.274552 0.047284 0.069459
1.0 0.188198 0.310498 0.028292 0.053231
1.0 0.021656 0.285976 0.017299 0.024041
1.0 0.117131 0.303229 0.007160 0.006079
1.0 0.144542 0.306427 0.008169 0.007446
1.0 0.175900 0.314036 0.007034 0.013122
1.0 0.154158 0.308504 0.008103 0.006841
1.0 0.102371 0.300822 0.007795 0.007977
1.0 0.030915 0.290148 0.005331 0.005157
1.0 0.007655 0.281434 0.007498 0.004620
1.0 0.017497 0.280277 0.007606 0.010344
0.0 0.042361 0.243809 0.029416 0.013348
0.0 0.069451 0.245180 0.033089 0.014572
0.0 0.145119 0.228570 0.042424 0.018034
0.0 0.040985 0.259600 0.032085 0.014334
0.0 0.016466 0.193025 0.025119 0.014366
1.0 0.319827 0.281558 0.040421 0.066307
1.0 0.349447 0.274552 0.047284 0.069459
1.0 0.216490 0.310498 0.028292 0.053231
1.0 0.383032 0.285976 0.017299 0.024041
1.0 0.287556 0.303229 0.007160 0.006079
1.0 0.260145 0.306427 0.008169 0.007446
1.0 0.228788 0.314036 0.007034 0.013122
1.0 0.250530 0.308504 0.008103 0.006841
1.0 0.302316 0.300822 0.007795 0.007977
1.0 0.373772 0.290148 0.005331 0.005157
1.0 0.397032 0.281434 0.007498 0.004620
1.0 0.387191 0.280277 0.007606 0.010344
0.0 0.362327 0.243809 0.029416 0.013348
0.0 0.335237 0.245180 0.033089 0.014572
0.0 0.259568 0.228570 0.042424 0.018034
0.0 0.363702 0.259600 0.032085 0.014334
0.0 0.388222 0.193025 0.025119 0.014366
1.0 0.481735 0.281558 0.040421 0.066307
1.0 0.452116 0.274552 0.047284 0.069459
1.0 0.585073 0.310498 0.028292 0.053231
1.0 0.418531 0.285976 0.017299 0.024041
1.0 0.514006 0.303229 0.007160 0.006079
1.0 0.541417 0.306427 0.008169 0.007446
1.0 0.572775 0.314036 0.007034 0.013122
1.0 0.551033 0.308504 0.008103 0.006841
1.0 0.499246 0.300822 0.007795 0.007977
1.0 0.427790 0.290148 0.005331 0.005157
1.0 0.404530 0.281434 0.007498 0.004620
1.0 0.414372 0.280277 0.007606 0.010344
0.0 0.439236 0.243809 0.029416 0.013348
0.0 0.466326 0.245180 0.033089 0.014572
0.0 0.541994 0.228570 0.042424 0.018034
0.0 0.437860 0.259600 0.032085 0.014334
0.0 0.413341 0.193025 0.025119 0.014366
1.0 0.716702 0.281558 0.040421 0.066307
1.0 0.746322 0.274552 0.047284 0.069459
1.0 0.613365 0.310498 0.028292 0.053231
1.0 0.779907 0.285976 0.017299 0.024041
1.0 0.684431 0.303229 0.007160 0.006079
1.0 0.657020 0.306427 0.008169 0.007446
1.0 0.625663 0.314036 0.007034 0.013122
1.0 0.647405 0.308504 0.008103 0.006841
1.0 0.699191 0.300822 0.007795 0.007977
1.0 0.770647 0.290148 0.005331 0.005157
1.0 0.793907 0.281434 0.007498 0.004620
1.0 0.784066 0.280277 0.007606 0.010344
0.0 0.759202 0.243809 0.029416 0.013348
0.0 0.732112 0.245180 0.033089 0.014572
0.0 0.656443 0.228570 0.042424 0.018034
0.0 0.760577 0.259600 0.032085 0.014334
0.0 0.785097 0.193025 0.025119 0.014366
1.0 0.878610 0.281558 0.040421 0.066307
1.0 0.848991 0.274552 0.047284 0.069459
1.0 0.981948 0.310498 0.028292 0.053231
1.0 0.815406 0.285976 0.017299 0.024041
1.0 0.910881 0.303229 0.007160 0.006079
1.0 0.938292 0.306427 0.008169 0.007446
1.0 0.969650 0.314036 0.007034 0.013122
1.0 0.947908 0.308504 0.008103 0.006841
1.0 0.896121 0.300822 0.007795 0.007977
1.0 0.824665 0.290148 0.005331 0.005157
1.0 0.801405 0.281434 0.007498 0.004620
1.0 0.811247 0.280277 0.007606 0.010344
0.0 0.836111 0.243809 0.029416 0.013348
0.0 0.863201 0.245180 0.033089 0.014572
0.0 0.938869 0.228570 0.042424 0.018034
0.0 0.834735 0.259600 0.032085 0.014334
0.0 0.810216 0.193025 0.025119 0.014366
1.0 0.998047 0.310498 0.003906 0.053231
1.0 0.001953 0.483843 0.003906 0.004620
0.0 0.001953 0.572253 0.003906 0.014366
1.0 0.084860 0.483720 0.040421 0.066307
1.0 0.055241 0.490726 0.047284 0.069459
1.0 0.188198 0.454780 0.028292 0.053231
1.0 0.021656 0.479302 0.017299 0.024041
1.0 0.117131 0.462048 0.007160 0.006079
1.0 0.144542 0.458850 0.008169 0.007446
1.0 0.175900 0.451241 0.007034 0.013122
1.0 0.154158 0.456774 0.008103 0.006841
1.0 0.102371 0.464455 0.007795 0.007977
1.0 0.030915 0.475130 0.005331 0.005157
1.0 0.007655 0.483843 0.007498 0.004620
1.0 0.017497 0.485001 0.007606 0.010344
0.0 0.042361 0.521469 0.029416 0.013348
0.0 0.069451 0.520098 0.033089 0.014572
0.0 0.145119 0.536708 0.042424 0.018034
0.0 0.040985 0.505677 0.032085 0.014334
0.0 0.016466 0.572253 0.025119 0.014366
1.0 0.319827 0.483720 0.040421 0.066307
1.0 0.349447 0.490726 0.047284 0.069459
1.0 0.216490 0.454780 0.028292 0.053231
1.0 0.383032 0.479302 0.017299 0.024041
1.0 0.287556 0.462048 0.007160 0.006079
1.0 0.260145 0.458850 0.008169 0.007446
1.0 0.228788 0.451241 0.007034 0.013122
1.0 0.250530 0.456774 0.008103 0.006841
1.0 0.302316 0.464455 0.007795 0.007977
1.0 0.373772 0.475130 0.005331 0.005157
1.0 0.397032 0.483843 0.007498 0.004620
1.0 0.387191 0.485001 0.007606 0.010344
0.0 0.362327 0.521469 0.029416 0.013348
0.0 0.335237 0.520098 0.033089 0.014572
0.0 0.259568 0.536708 0.042424 0.018034
0.0 0.363702 0.505677 0.032085 0.014334
0.0 0.388222 0.572253 0.025119 0.014366
1.0 0.481735 0.483720 0.040421 0.066307
1.0 0.452116 0.490726 0.047284 0.069459
1.0 0.585073 0.454780 0.028292 0.053231
1.0 0.418531 0.479302 0.017299 0.024041
1.0 0.514006 0.462048 0.007160 0.006079
1.0 0.541417 0.458850 0.008169 0.007446
1.0 0.572775 0.451241 0.007034 0.013122
1.0 0.551033 0.456774 0.008103 0.006841
1.0 0.499246 0.464455 0.007795 0.007977
1.0 0.427790 0.475130 0.005331 0.005157
1.0 0.404530 0.483843 0.007498 0.004620
1.0 0.414372 0.485001 0.007606 0.010344
0.0 0.439236 0.521469 0.029416 0.013348
0.0 0.466326 0.520098 0.033089 0.014572
0.0 0.541994 0.536708 0.042424 0.018034
0.0 0.437860 0.505677 0.032085 0.014334
0.0 0.413341 0.572253 0.025119 0.014366
1.0 0.716702 0.483720 0.040421 0.066307
1.0 0.746322 0.490726 0.047284 0.069459
1.0 0.613365 0.454780 0.028292 0.053231
1.0 0.779907 0.479302 0.017299 0.024041
1.0 0.684431 0.462048 0.007160 0.006079
1.0 0.657020 0.458850 0.008169 0.007446
1.0 0.625663 0.451241 0.007034 0.013122
1.0 0.647405 0.456774 0.008103 0.006841
1.0 0.699191 0.464455 0.007795 0.007977
1.0 0.770647 0.475130 0.005331 0.005157
1.0 0.793907 0.483843 0.007498 0.004620
1.0 0.784066 0.485001 0.007606 0.010344
0.0 0.759202 0.521469 0.029416 0.013348
0.0 0.732112 0.520098 0.033089 0.014572
0.0 0.656443 0.536708 0.042424 0.018034
0.0 0.760577 0.505677 0.032085 0.014334
0.0 0.785097 0.572253 0.025119 0.014366
1.0 0.878610 0.483720 0.040421 0.066307
1.0 0.848991 0.490726 0.047284 0.069459
1.0 0.981948 0.454780 0.028292 0.053231
1.0 0.815406 0.479302 0.017299 0.024041
1.0 0.910881 0.462048 0.007160 0.006079
1.0 0.938292 0.458850 0.008169 0.007446
1.0 0.969650 0.451241 0.007034 0.013122
1.0 0.947908 0.456774 0.008103 0.006841
1.0 0.896121 0.464455 0.007795 0.007977
1.0 0.824665 0.475130 0.005331 0.005157
1.0 0.801405 0.483843 0.007498 0.004620
1.0 0.811247 0.485001 0.007606 0.010344
0.0 0.836111 0.521469 0.029416 0.013348
0.0 0.863201 0.520098 0.033089 0.014572
0.0 0.938869 0.536708 0.042424 0.018034
0.0 0.834735 0.505677 0.032085 0.014334
0.0 0.810216 0.572253 0.025119 0.014366
1.0 0.998047 0.454780 0.003906 0.053231
1.0 0.001953 0.750879 0.003906 0.004620
0.0 0.001953 0.662470 0.003906 0.014366
1.0 0.084860 0.751003 0.040421 0.066307
1.0 0.055241 0.743996 0.047284 0.069459
1.0 0.188198 0.779942 0.028292 0.053231
1.0 0.021656 0.755420 0.017299 0.024041
1.0 0.117131 0.772674 0.007160 0.006079
1.0 0.144542 0.775872 0.008169 0.007446
1.0 0.175900 0.783481 0.007034 0.013122
1.0 0.154158 0.777948 0.008103 0.006841
1.0 0.102371 0.770267 0.007795 0.007977
1.0 0.030915 0.759593 0.005331 0.005157
1.0 0.007655 0.750879 0.007498 0.004620
1.0 0.017497 0.749721 0.007606 0.010344
0.0 0.042361 0.713254 0.029416 0.013348
0.0 0.069451 0.714624 0.033089 0.014572
0.0 0.145119 0.698014 0.042424 0.018034
0.0 0.040985 0.729045 0.032085 0.014334
0.0 0.016466 0.662470 0.025119 0.014366
1.0 0.319827 0.751003 0.040421 0.066307
1.0 0.349447 0.743996 0.047284 0.069459
1.0 0.216490 0.779942 0.028292 0.053231
1.0 0.383032 0.755420 0.017299 0.024041
1.0 0.287556 0.772674 0.007160 0.006079
1.0 0.260145 0.775872 0.008169 0.007446
1.0 0.228788 0.783481 0.007034 0.013122
1.0 0.250530 0.777948 0.008103 0.006841
1.0 0.302316 0.770267 0.007795 0.007977
1.0 0.373772 0.759593 0.005331 0.005157
1.0 0.397032 0.750879 0.007498 0.004620
1.0 0.387191 0.749721 0.007606 0.010344
0.0 0.362327 0.713254 0.029416 0.013348
0.0 0.335237 0.714624 0.033089 0.014572
0.0 0.259568 0.698014 0.042424 0.018034
0.0 0.363702 0.729045 0.032085 0.014334
0.0 0.388222 0.662470 0.025119 0.014366
1.0 0.481735 0.751003 0.040421 0.066307
1.0 0.452116 0.743996 0.047284 0.069459
1.0 0.585073 0.779942 0.028292 0.053231
1.0 0.418531 0.755420 0.017299 0.024041
1.0 0.514006 0.772674 0.007160 0.006079
1.0 0.541417 0.775872 0.008169 0.007446
1.0 0.572775 0.783481 0.007034 0.013122
1.0 0.551033 0.777948 0.008103 0.006841
1.0 0.499246 0.770267 0.007795 0.007977
1.0 0.427790 0.759593 0.005331 0.005157
1.0 0.404530 0.750879 0.007498 0.004620
1.0 0.414372 0.749721 0.007606 0.010344
0.0 0.439236 0.713254 0.029416 0.013348
0.0 0.466326 0.714624 0.033089 0.014572
0.0 0.541994 0.698014 0.042424 0.018034
0.0 0.437860 0.729045 0.032085 0.014334
0.0 0.413341 0.662470 0.025119 0.014366
1.0 0.716702 0.751003 0.040421 0.066307
1.0 0.746322 0.743996 0.047284 0.069459
1.0 0.613365 0.779942 0.028292 0.053231
1.0 0.779907 0.755420 0.017299 0.024041
1.0 0.684431 0.772674 0.007160 0.006079
1.0 0.657020 0.775872 0.008169 0.007446
1.0 0.625663 0.783481 0.007034 0.013122
1.0 0.647405 0.777948 0.008103 0.006841
1.0 0.699191 0.770267 0.007795 0.007977
1.0 0.770647 0.759593 0.005331 0.005157
1.0 0.793907 0.750879 0.007498 0.004620
1.0 0.784066 0.749721 0.007606 0.010344
0.0 0.759202 0.713254 0.029416 0.013348
0.0 0.732112 0.714624 0.033089 0.014572
0.0 0.656443 0.698014 0.042424 0.018034
0.0 0.760577 0.729045 0.032085 0.014334
0.0 0.785097 0.662470 0.025119 0.014366
1.0 0.878610 0.751003 0.040421 0.066307
1.0 0.848991 0.743996 0.047284 0.069459
1.0 0.981948 0.779942 0.028292 0.053231
1.0 0.815406 0.755420 0.017299 0.024041
1.0 0.910881 0.772674 0.007160 0.006079
1.0 0.938292 0.775872 0.008169 0.007446
1.0 0.969650 0.783481 0.007034 0.013122
1.0 0.947908 0.777948 0.008103 0.006841
1.0 0.896121 0.770267 0.007795 0.007977
1.0 0.824665 0.759593 0.005331 0.005157
1.0 0.801405 0.750879 0.007498 0.004620
1.0 0.811247 0.749721 0.007606 0.010344
0.0 0.836111 0.713254 0.029416 0.013348
0.0 0.863201 0.714624 0.033089 0.014572
0.0 0.938869 0.698014 0.042424 0.018034
0.0 0.834735 0.729045 0.032085 0.014334
0.0 0.810216 0.662470 0.025119 0.014366
1.0 0.998047 0.779942 0.003906 0.053231
1.0 0.001953 0.953288 0.003906 0.004620
1.0 0.084860 0.953164 0.040421 0.066307
1.0 0.055241 0.960170 0.047284 0.069459
1.0 0.188198 0.924224 0.028292 0.053231
1.0 0.021656 0.948747 0.017299 0.024041
1.0 0.117131 0.931493 0.007160 0.006079
1.0 0.144542 0.928295 0.008169 0.007446
1.0 0.175900 0.920686 0.007034 0.013122
1.0 0.154158 0.926219 0.008103 0.006841
1.0 0.102371 0.933900 0.007795 0.007977
1.0 0.030915 0.944574 0.005331 0.005157
1.0 0.007655 0.953288 0.007498 0.004620
1.0 0.017497 0.954445 0.007606 0.010344
0.0 0.042361 0.990913 0.029416 0.013348
0.0 0.069451 0.989543 0.033089 0.014572
0.0 0.145119 0.998568 0.042424 0.002865
0.0 0.040985 0.975122 0.032085 0.014334
1.0 0.319827 0.953164 0.040421 0.066307
1.0 0.349447 0.960170 0.047284 0.069459
1.0 0.216490 0.924224 0.028292 0.053231
1.0 0.383032 0.948747 0.017299 0.024041
1.0 0.287556 0.931493 0.007160 0.006079
1.0 0.260145 0.928295 0.008169 0.007446
1.0 0.228788 0.920686 0.007034 0.013122
1.0 0.250530 0.926219 0.008103 0.006841
1.0 0.302316 0.933900 0.007795 0.007977
1.0 0.373772 0.944574 0.005331 0.005157
1.0 0.397032 0.953288 0.007498 0.004620
1.0 0.387191 0.954445 0.007606 0.010344
0.0 0.362327 0.990913 0.029416 0.013348
0.0 0.335237 0.989543 0.033089 0.014572
0.0 0.259568 0.998568 0.042424 0.002865
0.0 0.363702 0.975122 0.032085 0.014334
1.0 0.481735 0.953164 0.040421 0.066307
1.0 0.452116 0.960170 0.047284 0.069459
1.0 0.585073 0.924224 0.028292 0.053231
1.0 0.418531 0.948747 0.017299 0.024041
1.0 0.514006 0.931493 0.007160 0.006079
1.0 0.541417 0.928295 0.008169 0.007446
1.0 0.572775 0.920686 0.007034 0.013122
1.0 0.551033 0.926219 0.008103 0.006841
1.0 0.499246 0.933900 0.007795 0.007977
1.0 0.427790 0.944574 0.005331 0.005157
1.0 0.404530 0.953288 0.007498 0.004620
1.0 0.414372 0.954445 0.007606 0.010344
0.0 0.439236 0.990913 0.029416 0.013348
0.0 0.466326 0.989543 0.033089 0.014572
0.0 0.541994 0.998568 0.042424 0.002865
0.0 0.437860 0.975122 0.032085 0.014334
1.0 0.716702 0.953164 0.040421 0.066307
1.0 0.746322 0.960170 0.047284 0.069459
1.0 0.613365 0.924224 0.028292 0.053231
1.0 0.779907 0.948747 0.017299 0.024041
1.0 0.684431 0.931493 0.007160 0.006079
1.0 0.657020 0.928295 0.008169 0.007446
1.0 0.625663 0.920686 0.007034 0.013122
1.0 0.647405 0.926219 0.008103 0.006841
1.0 0.699191 0.933900 0.007795 0.007977
1.0 0.770647 0.944574 0.005331 0.005157
1.0 0.793907 0.953288 0.007498 0.004620
1.0 0.784066 0.954445 0.007606 0.010344
0.0 0.759202 0.990913 0.029416 0.013348
0.0 0.732112 0.989543 0.033089 0.014572
0.0 0.656443 0.998568 0.042424 0.002865
0.0 0.760577 0.975122 0.032085 0.014334
1.0 0.878610 0.953164 0.040421 0.066307
1.0 0.848991 0.960170 0.047284 0.069459
1.0 0.981948 0.924224 0.028292 0.053231
1.0 0.815406 0.948747 0.017299 0.024041
1.0 0.910881 0.931493 0.007160 0.006079
1.0 0.938292 0.928295 0.008169 0.007446
1.0 0.969650 0.920686 0.007034 0.013122
1.0 0.947908 0.926219 0.008103 0.006841
1.0 0.896121 0.933900 0.007795 0.007977
1.0 0.824665 0.944574 0.005331 0.005157
1.0 0.801405 0.953288 0.007498 0.004620
1.0 0.811247 0.954445 0.007606 0.010344
0.0 0.836111 0.990913 0.029416 0.013348
0.0 0.863201 0.989543 0.033089 0.014572
0.0 0.938869 0.998568 0.042424 0.002865
0.0 0.834735 0.975122 0.032085 0.014334
1.0 0.998047 0.924224 0.003906 0.053231
