1.0 0.044197 0.122396 0.088394 0.244792
1.0 0.588199 0.122396 0.135258 0.244792
1.0 0.435024 0.122396 0.131994 0.244792
0.0 0.522267 0.006811 0.320751 0.013621
1.0 0.943180 0.122396 0.113641 0.244792
1.0 0.044197 0.430824 0.088394 0.372065
0.0 0.063470 0.665724 0.126940 0.178969
0.0 0.047765 0.577597 0.095531 0.203269
1.0 0.588199 0.453483 0.135258 0.417382
1.0 0.435024 0.430824 0.131994 0.372065
0.0 0.511040 0.665724 0.361117 0.178969
0.0 0.522267 0.577597 0.320751 0.203269
1.0 0.943180 0.453483 0.113641 0.417382
0.0 0.925294 0.665724 0.149411 0.178969
0.0 0.929772 0.577597 0.140455 0.203269
1.0 0.044197 0.946780 0.088394 0.106440
0.0 0.063470 0.844693 0.126940 0.178969
0.0 0.047765 0.915593 0.095531 0.168814
1.0 0.588199 0.924121 0.135258 0.151757
1.0 0.435024 0.946780 0.131994 0.106440
0.0 0.511040 0.844693 0.361117 0.178969
0.0 0.522267 0.915593 0.320751 0.168814
1.0 0.943180 0.924121 0.113641 0.151757
0.0 0.925294 0.844693 0.149411 0.178969
0.0 0.929772 0.915593 0.140455 0.168814
