1.0 0.088021 0.097222 0.124479 0.194444
1.0 0.164453 0.094907 0.071094 0.189815
0.0 0.257682 0.009722 0.063802 0.019444
1.0 0.578646 0.097222 0.124479 0.194444
1.0 0.502214 0.094907 0.071094 0.189815
0.0 0.408984 0.009722 0.063802 0.019444
1.0 0.754688 0.097222 0.124479 0.194444
1.0 0.831120 0.094907 0.071094 0.189815
0.0 0.924349 0.009722 0.063802 0.019444
1.0 0.088021 0.531713 0.124479 0.261574
1.0 0.164453 0.520602 0.071094 0.230093
0.0 0.257682 0.638889 0.063802 0.125926
1.0 0.578646 0.531713 0.124479 0.261574
1.0 0.502214 0.520602 0.071094 0.230093
0.0 0.408984 0.638889 0.063802 0.125926
1.0 0.754688 0.531713 0.124479 0.261574
1.0 0.831120 0.520602 0.071094 0.230093
0.0 0.924349 0.638889 0.063802 0.125926
1.0 0.088021 0.870602 0.124479 0.258796
1.0 0.164453 0.883102 0.071094 0.230093
0.0 0.257682 0.764815 0.063802 0.125926
1.0 0.578646 0.870602 0.124479 0.258796
1.0 0.502214 0.883102 0.071094 0.230093
0.0 0.408984 0.764815 0.063802 0.125926
1.0 0.754688 0.870602 0.124479 0.258796
1.0 0.831120 0.883102 0.071094 0.230093
0.0 0.924349 0.764815 0.063802 0.125926
