0.0 0.006661 0.076683 0.013322 0.071755
1.0 0.191975 0.176850 0.088567 0.220013
0.0 0.162217 0.076683 0.108890 0.071755
0.0 0.227090 0.092396 0.075403 0.048819
1.0 0.515056 0.176850 0.088567 0.220013
0.0 0.544815 0.076683 0.108890 0.071755
0.0 0.479941 0.092396 0.075403 0.048819
1.0 0.777913 0.176850 0.088567 0.220013
0.0 0.748154 0.076683 0.108890 0.071755
0.0 0.813028 0.092396 0.075403 0.048819
0.0 0.006661 0.540679 0.013322 0.071755
0.0 0.010674 0.671100 0.021348 0.039744
1.0 0.191975 0.440511 0.088567 0.220013
0.0 0.162217 0.540679 0.108890 0.071755
0.0 0.227090 0.524965 0.075403 0.048819
0.0 0.154190 0.671100 0.108890 0.039744
1.0 0.515056 0.440511 0.088567 0.220013
0.0 0.544815 0.540679 0.108890 0.071755
0.0 0.479941 0.524965 0.075403 0.048819
0.0 0.552841 0.671100 0.108890 0.039744
1.0 0.777913 0.440511 0.088567 0.220013
0.0 0.748154 0.540679 0.108890 0.071755
0.0 0.813028 0.524965 0.075403 0.048819
0.0 0.740128 0.671100 0.108890 0.039744
0.0 0.006661 0.841266 0.013322 0.071755
0.0 0.010674 0.710844 0.021348 0.039744
1.0 0.191975 0.915713 0.088567 0.168573
0.0 0.162217 0.841266 0.108890 0.071755
0.0 0.227090 0.856979 0.075403 0.048819
0.0 0.154190 0.710844 0.108890 0.039744
1.0 0.515056 0.915713 0.088567 0.168573
0.0 0.544815 0.841266 0.108890 0.071755
0.0 0.479941 0.856979 0.075403 0.048819
0.0 0.552841 0.710844 0.108890 0.039744
1.0 0.777913 0.915713 0.088567 0.168573
0.0 0.748154 0.841266 0.108890 0.071755
0.0 0.813028 0.856979 0.075403 0.048819
0.0 0.740128 0.710844 0.108890 0.039744
