0.0 0.027623 0.038913 0.055245 0.077826
0.0 0.007534 0.056027 0.015067 0.112054
0.0 0.100168 0.038913 0.068639 0.077826
0.0 0.176199 0.056027 0.140346 0.112054
0.0 0.173549 0.008904 0.072545 0.017807
0.0 0.249861 0.028497 0.112443 0.056995
0.0 0.249805 0.024306 0.094922 0.048611
0.0 0.283984 0.025174 0.053516 0.050347
0.0 0.239648 0.066667 0.164453 0.133333
0.0 0.606863 0.038913 0.068639 0.077826
0.0 0.530832 0.056027 0.140346 0.112054
0.0 0.533482 0.008904 0.072545 0.017807
0.0 0.457170 0.028497 0.112443 0.056995
0.0 0.457227 0.024306 0.094922 0.048611
0.0 0.423047 0.025174 0.053516 0.050347
0.0 0.467383 0.066667 0.164453 0.133333
0.0 0.686105 0.038913 0.068639 0.077826
0.0 0.762137 0.056027 0.140346 0.112054
0.0 0.759486 0.008904 0.072545 0.017807
0.0 0.835799 0.028497 0.112443 0.056995
0.0 0.835742 0.024306 0.094922 0.048611
0.0 0.869922 0.025174 0.053516 0.050347
0.0 0.825586 0.066667 0.164453 0.133333
0.0 0.993443 0.028497 0.013114 0.056995
0.0 0.991113 0.025174 0.017773 0.050347
0.0 0.985547 0.066667 0.028906 0.133333
0.0 0.027623 0.586757 0.055245 0.111111
0.0 0.007534 0.561458 0.015067 0.128969
0.0 0.100168 0.586757 0.068639 0.111111
0.0 0.176199 0.561458 0.140346 0.128969
0.0 0.173549 0.636111 0.072545 0.089781
0.0 0.249861 0.600396 0.112443 0.096726
0.0 0.249805 0.601215 0.094922 0.081597
0.0 0.283984 0.602083 0.053516 0.086806
0.0 0.239648 0.551042 0.164453 0.150694
0.0 0.606863 0.586757 0.068639 0.111111
0.0 0.530832 0.561458 0.140346 0.128969
0.0 0.533482 0.636111 0.072545 0.089781
0.0 0.457170 0.600396 0.112443 0.096726
0.0 0.457227 0.601215 0.094922 0.081597
0.0 0.423047 0.602083 0.053516 0.086806
0.0 0.467383 0.551042 0.164453 0.150694
0.0 0.686105 0.586757 0.068639 0.111111
0.0 0.762137 0.561458 0.140346 0.128969
0.0 0.759486 0.636111 0.072545 0.089781
0.0 0.835799 0.600396 0.112443 0.096726
0.0 0.835742 0.601215 0.094922 0.081597
0.0 0.869922 0.602083 0.053516 0.086806
0.0 0.825586 0.551042 0.164453 0.150694
0.0 0.993443 0.600396 0.013114 0.096726
0.0 0.991113 0.602083 0.017773 0.086806
0.0 0.985547 0.551042 0.028906 0.150694
0.0 0.027623 0.803521 0.055245 0.111111
0.0 0.007534 0.828819 0.015067 0.128969
0.0 0.100168 0.803521 0.068639 0.111111
0.0 0.176199 0.828819 0.140346 0.128969
0.0 0.173549 0.754167 0.072545 0.089781
0.0 0.249861 0.789882 0.112443 0.096726
0.0 0.249805 0.789062 0.094922 0.081597
0.0 0.283984 0.788194 0.053516 0.086806
0.0 0.239648 0.839236 0.164453 0.150694
0.0 0.606863 0.803521 0.068639 0.111111
0.0 0.530832 0.828819 0.140346 0.128969
0.0 0.533482 0.754167 0.072545 0.089781
0.0 0.457170 0.789882 0.112443 0.096726
0.0 0.457227 0.789062 0.094922 0.081597
0.0 0.423047 0.788194 0.053516 0.086806
0.0 0.467383 0.839236 0.164453 0.150694
0.0 0.686105 0.803521 0.068639 0.111111
0.0 0.762137 0.828819 0.140346 0.128969
0.0 0.759486 0.754167 0.072545 0.089781
0.0 0.835799 0.789882 0.112443 0.096726
0.0 0.835742 0.789062 0.094922 0.081597
0.0 0.869922 0.788194 0.053516 0.086806
0.0 0.825586 0.839236 0.164453 0.150694
0.0 0.993443 0.789882 0.013114 0.096726
0.0 0.991113 0.788194 0.017773 0.086806
0.0 0.985547 0.839236 0.028906 0.150694
