0.0 0.276120 0.049306 0.138174 0.098611
0.0 0.324081 0.042891 0.086213 0.085782
0.0 0.458255 0.049306 0.138174 0.098611
0.0 0.410294 0.042891 0.086213 0.085782
0.0 0.807370 0.049306 0.138174 0.098611
0.0 0.855331 0.042891 0.086213 0.085782
0.0 0.960209 0.049306 0.079582 0.098611
0.0 0.941544 0.042891 0.086213 0.085782
0.0 0.259586 0.307380 0.119558 0.117185
0.0 0.276120 0.175178 0.138174 0.153133
0.0 0.324081 0.157394 0.086213 0.091907
0.0 0.474789 0.307380 0.119558 0.117185
0.0 0.458255 0.175178 0.138174 0.153133
0.0 0.410294 0.157394 0.086213 0.091907
0.0 0.790836 0.307380 0.119558 0.117185
0.0 0.807370 0.175178 0.138174 0.153133
0.0 0.855331 0.157394 0.086213 0.091907
0.0 0.973130 0.307380 0.053740 0.117185
0.0 0.960209 0.175178 0.079582 0.153133
0.0 0.941544 0.157394 0.086213 0.091907
0.0 0.259586 0.424565 0.119558 0.117185
0.0 0.276120 0.556767 0.138174 0.153133
0.0 0.324081 0.574551 0.086213 0.091907
0.0 0.474789 0.424565 0.119558 0.117185
0.0 0.458255 0.556767 0.138174 0.153133
0.0 0.410294 0.574551 0.086213 0.091907
0.0 0.790836 0.424565 0.119558 0.117185
0.0 0.807370 0.556767 0.138174 0.153133
0.0 0.855331 0.574551 0.086213 0.091907
0.0 0.973130 0.424565 0.053740 0.117185
0.0 0.960209 0.556767 0.079582 0.153133
0.0 0.941544 0.574551 0.086213 0.091907
0.0 0.259586 0.842102 0.119558 0.117185
0.0 0.276120 0.709900 0.138174 0.153133
0.0 0.324081 0.692116 0.086213 0.091907
0.0 0.474789 0.842102 0.119558 0.117185
0.0 0.458255 0.709900 0.138174 0.153133
0.0 0.410294 0.692116 0.086213 0.091907
0.0 0.790836 0.842102 0.119558 0.117185
0.0 0.807370 0.709900 0.138174 0.153133
0.0 0.855331 0.692116 0.086213 0.091907
0.0 0.973130 0.842102 0.053740 0.117185
0.0 0.960209 0.709900 0.079582 0.153133
0.0 0.941544 0.692116 0.086213 0.091907
0.0 0.259586 0.950347 0.119558 0.099306
0.0 0.474789 0.950347 0.119558 0.099306
0.0 0.790836 0.950347 0.119558 0.099306
0.0 0.973130 0.950347 0.053740 0.099306
