1.0 0.017882 0.060708 0.035763 0.121416
0.0 0.011041 0.116820 0.022082 0.033918
1.0 0.561459 0.430790 0.203539 0.370291
1.0 0.716883 0.540770 0.239341 0.430823
1.0 0.864594 0.558386 0.172906 0.338677
1.0 0.442778 0.255897 0.086778 0.151533
1.0 0.354699 0.225167 0.106589 0.171118
1.0 0.211806 0.146991 0.105488 0.154078
1.0 0.106301 0.107713 0.119562 0.167509
1.0 0.296393 0.190709 0.087962 0.155725
1.0 0.504153 0.308243 0.121146 0.210526
1.0 0.605172 0.304692 0.088897 0.090786
1.0 0.067113 0.082016 0.072571 0.137125
1.0 0.529732 0.251975 0.063750 0.067980
1.0 0.404233 0.233065 0.060081 0.130819
0.0 0.645704 0.701617 0.122564 0.135673
0.0 0.892021 0.681645 0.095925 0.086225
0.0 0.265968 0.238935 0.037957 0.037073
0.0 0.044156 0.132943 0.030641 0.033918
0.0 0.303383 0.709837 0.165070 0.182529
0.0 0.595587 0.814084 0.037270 0.035396
0.0 0.260829 0.965248 0.165070 0.069504
