1.0 0.087891 0.021528 0.030078 0.043056
1.0 0.034766 0.021701 0.027734 0.043403
0.0 0.089453 0.046007 0.019531 0.024653
0.0 0.051855 0.096181 0.006445 0.011806
0.0 0.043945 0.050521 0.007422 0.013542
1.0 0.162109 0.021528 0.030078 0.043056
1.0 0.279004 0.022222 0.043555 0.044444
1.0 0.328223 0.025521 0.043945 0.051042
1.0 0.215234 0.021701 0.027734 0.043403
0.0 0.160547 0.046007 0.019531 0.024653
0.0 0.317285 0.045139 0.019336 0.022222
0.0 0.346973 0.038368 0.009961 0.018403
0.0 0.198145 0.096181 0.006445 0.011806
0.0 0.206055 0.050521 0.007422 0.013542
1.0 0.587891 0.021528 0.030078 0.043056
1.0 0.470996 0.022222 0.043555 0.044444
1.0 0.421777 0.025521 0.043945 0.051042
1.0 0.534766 0.021701 0.027734 0.043403
0.0 0.589453 0.046007 0.019531 0.024653
0.0 0.432715 0.045139 0.019336 0.022222
0.0 0.403027 0.038368 0.009961 0.018403
0.0 0.551855 0.096181 0.006445 0.011806
0.0 0.543945 0.050521 0.007422 0.013542
1.0 0.662109 0.021528 0.030078 0.043056
1.0 0.779004 0.022222 0.043555 0.044444
1.0 0.828223 0.025521 0.043945 0.051042
1.0 0.715234 0.021701 0.027734 0.043403
0.0 0.660547 0.046007 0.019531 0.024653
0.0 0.817285 0.045139 0.019336 0.022222
0.0 0.846973 0.038368 0.009961 0.018403
0.0 0.698145 0.096181 0.006445 0.011806
0.0 0.706055 0.050521 0.007422 0.013542
1.0 0.970996 0.022222 0.043555 0.044444
1.0 0.921777 0.025521 0.043945 0.051042
0.0 0.932715 0.045139 0.019336 0.022222
0.0 0.903027 0.038368 0.009961 0.018403
1.0 0.087891 0.265972 0.030078 0.118056
1.0 0.034766 0.265278 0.027734 0.117361
0.0 0.089453 0.203993 0.019531 0.024653
0.0 0.051855 0.153819 0.006445 0.011806
0.0 0.043945 0.199479 0.007422 0.013542
1.0 0.162109 0.265972 0.030078 0.118056
1.0 0.279004 0.260069 0.043555 0.109028
1.0 0.328223 0.255556 0.043945 0.113194
1.0 0.215234 0.265278 0.027734 0.117361
1.0 0.284961 0.325521 0.017969 0.023958
0.0 0.160547 0.203993 0.019531 0.024653
0.0 0.317285 0.204861 0.019336 0.022222
0.0 0.346973 0.211632 0.009961 0.018403
0.0 0.198145 0.153819 0.006445 0.011806
0.0 0.206055 0.199479 0.007422 0.013542
1.0 0.587891 0.265972 0.030078 0.118056
1.0 0.470996 0.260069 0.043555 0.109028
1.0 0.421777 0.255556 0.043945 0.113194
1.0 0.534766 0.265278 0.027734 0.117361
1.0 0.465039 0.325521 0.017969 0.023958
0.0 0.589453 0.203993 0.019531 0.024653
0.0 0.432715 0.204861 0.019336 0.022222
0.0 0.403027 0.211632 0.009961 0.018403
0.0 0.551855 0.153819 0.006445 0.011806
0.0 0.543945 0.199479 0.007422 0.013542
1.0 0.662109 0.265972 0.030078 0.118056
1.0 0.779004 0.260069 0.043555 0.109028
1.0 0.828223 0.255556 0.043945 0.113194
1.0 0.715234 0.265278 0.027734 0.117361
1.0 0.784961 0.325521 0.017969 0.023958
0.0 0.660547 0.203993 0.019531 0.024653
0.0 0.817285 0.204861 0.019336 0.022222
0.0 0.846973 0.211632 0.009961 0.018403
0.0 0.698145 0.153819 0.006445 0.011806
0.0 0.706055 0.199479 0.007422 0.013542
1.0 0.970996 0.260069 0.043555 0.109028
1.0 0.921777 0.255556 0.043945 0.113194
1.0 0.965039 0.325521 0.017969 0.023958
0.0 0.932715 0.204861 0.019336 0.022222
0.0 0.903027 0.211632 0.009961 0.018403
1.0 0.087891 0.484028 0.030078 0.118056
1.0 0.034766 0.484722 0.027734 0.117361
0.0 0.089453 0.546007 0.019531 0.024653
0.0 0.051855 0.596181 0.006445 0.011806
0.0 0.043945 0.550521 0.007422 0.013542
1.0 0.162109 0.484028 0.030078 0.118056
1.0 0.279004 0.489931 0.043555 0.109028
1.0 0.328223 0.494444 0.043945 0.113194
1.0 0.215234 0.484722 0.027734 0.117361
1.0 0.284961 0.424479 0.017969 0.023958
0.0 0.160547 0.546007 0.019531 0.024653
0.0 0.317285 0.545139 0.019336 0.022222
0.0 0.346973 0.538368 0.009961 0.018403
0.0 0.198145 0.596181 0.006445 0.011806
0.0 0.206055 0.550521 0.007422 0.013542
1.0 0.587891 0.484028 0.030078 0.118056
1.0 0.470996 0.489931 0.043555 0.109028
1.0 0.421777 0.494444 0.043945 0.113194
1.0 0.534766 0.484722 0.027734 0.117361
1.0 0.465039 0.424479 0.017969 0.023958
0.0 0.589453 0.546007 0.019531 0.024653
0.0 0.432715 0.545139 0.019336 0.022222
0.0 0.403027 0.538368 0.009961 0.018403
0.0 0.551855 0.596181 0.006445 0.011806
0.0 0.543945 0.550521 0.007422 0.013542
1.0 0.662109 0.484028 0.030078 0.118056
1.0 0.779004 0.489931 0.043555 0.109028
1.0 0.828223 0.494444 0.043945 0.113194
1.0 0.715234 0.484722 0.027734 0.117361
1.0 0.784961 0.424479 0.017969 0.023958
0.0 0.660547 0.546007 0.019531 0.024653
0.0 0.817285 0.545139 0.019336 0.022222
0.0 0.846973 0.538368 0.009961 0.018403
0.0 0.698145 0.596181 0.006445 0.011806
0.0 0.706055 0.550521 0.007422 0.013542
1.0 0.970996 0.489931 0.043555 0.109028
1.0 0.921777 0.494444 0.043945 0.113194
1.0 0.965039 0.424479 0.017969 0.023958
0.0 0.932715 0.545139 0.019336 0.022222
0.0 0.903027 0.538368 0.009961 0.018403
1.0 0.087891 0.765972 0.030078 0.118056
1.0 0.034766 0.765278 0.027734 0.117361
0.0 0.089453 0.703993 0.019531 0.024653
0.0 0.051855 0.653819 0.006445 0.011806
0.0 0.043945 0.699479 0.007422 0.013542
1.0 0.162109 0.765972 0.030078 0.118056
1.0 0.279004 0.760069 0.043555 0.109028
1.0 0.328223 0.755556 0.043945 0.113194
1.0 0.215234 0.765278 0.027734 0.117361
1.0 0.284961 0.825521 0.017969 0.023958
0.0 0.160547 0.703993 0.019531 0.024653
0.0 0.317285 0.704861 0.019336 0.022222
0.0 0.346973 0.711632 0.009961 0.018403
0.0 0.198145 0.653819 0.006445 0.011806
0.0 0.206055 0.699479 0.007422 0.013542
1.0 0.587891 0.765972 0.030078 0.118056
1.0 0.470996 0.760069 0.043555 0.109028
1.0 0.421777 0.755556 0.043945 0.113194
1.0 0.534766 0.765278 0.027734 0.117361
1.0 0.465039 0.825521 0.017969 0.023958
0.0 0.589453 0.703993 0.019531 0.024653
0.0 0.432715 0.704861 0.019336 0.022222
0.0 0.403027 0.711632 0.009961 0.018403
0.0 0.551855 0.653819 0.006445 0.011806
0.0 0.543945 0.699479 0.007422 0.013542
1.0 0.662109 0.765972 0.030078 0.118056
1.0 0.779004 0.760069 0.043555 0.109028
1.0 0.828223 0.755556 0.043945 0.113194
1.0 0.715234 0.765278 0.027734 0.117361
1.0 0.784961 0.825521 0.017969 0.023958
0.0 0.660547 0.703993 0.019531 0.024653
0.0 0.817285 0.704861 0.019336 0.022222
0.0 0.846973 0.711632 0.009961 0.018403
0.0 0.698145 0.653819 0.006445 0.011806
0.0 0.706055 0.699479 0.007422 0.013542
1.0 0.970996 0.760069 0.043555 0.109028
1.0 0.921777 0.755556 0.043945 0.113194
1.0 0.965039 0.825521 0.017969 0.023958
0.0 0.932715 0.704861 0.019336 0.022222
0.0 0.903027 0.711632 0.009961 0.018403
1.0 0.087891 0.962500 0.030078 0.075000
1.0 0.034766 0.963021 0.027734 0.073958
1.0 0.162109 0.962500 0.030078 0.075000
1.0 0.279004 0.967708 0.043555 0.064583
1.0 0.328223 0.968924 0.043945 0.062153
1.0 0.215234 0.963021 0.027734 0.073958
1.0 0.284961 0.924479 0.017969 0.023958
1.0 0.587891 0.962500 0.030078 0.075000
1.0 0.470996 0.967708 0.043555 0.064583
1.0 0.421777 0.968924 0.043945 0.062153
1.0 0.534766 0.963021 0.027734 0.073958
1.0 0.465039 0.924479 0.017969 0.023958
1.0 0.662109 0.962500 0.030078 0.075000
1.0 0.779004 0.967708 0.043555 0.064583
1.0 0.828223 0.968924 0.043945 0.062153
1.0 0.715234 0.963021 0.027734 0.073958
1.0 0.784961 0.924479 0.017969 0.023958
1.0 0.970996 0.967708 0.043555 0.064583
1.0 0.921777 0.968924 0.043945 0.062153
1.0 0.965039 0.924479 0.017969 0.023958
