1.0 0.070645 0.006857 0.028655 0.013714
1.0 0.262949 0.006857 0.028655 0.013714
1.0 0.514786 0.006857 0.028655 0.013714
1.0 0.707089 0.006857 0.028655 0.013714
1.0 0.958926 0.006857 0.028655 0.013714
1.0 0.057722 0.628756 0.075277 0.183018
1.0 0.070645 0.447207 0.028655 0.095453
0.0 0.008802 0.670951 0.017605 0.107965
0.0 0.118822 0.684063 0.045258 0.104799
0.0 0.040656 0.473200 0.013384 0.045476
0.0 0.152373 0.688676 0.028848 0.104799
1.0 0.275872 0.628756 0.075277 0.183018
1.0 0.262949 0.447207 0.028655 0.095453
0.0 0.343234 0.670951 0.054490 0.107965
0.0 0.214772 0.684063 0.045258 0.104799
0.0 0.292938 0.473200 0.013384 0.045476
0.0 0.181221 0.688676 0.028848 0.104799
1.0 0.501862 0.628756 0.075277 0.183018
1.0 0.514786 0.447207 0.028655 0.095453
0.0 0.434501 0.670951 0.054490 0.107965
0.0 0.562963 0.684063 0.045258 0.104799
0.0 0.484797 0.473200 0.013384 0.045476
0.0 0.596513 0.688676 0.028848 0.104799
1.0 0.720013 0.628756 0.075277 0.183018
1.0 0.707089 0.447207 0.028655 0.095453
0.0 0.787374 0.670951 0.054490 0.107965
0.0 0.658912 0.684063 0.045258 0.104799
0.0 0.737078 0.473200 0.013384 0.045476
0.0 0.625362 0.688676 0.028848 0.104799
1.0 0.946003 0.628756 0.075277 0.183018
1.0 0.958926 0.447207 0.028655 0.095453
0.0 0.878641 0.670951 0.054490 0.107965
0.0 0.992237 0.684063 0.015526 0.104799
0.0 0.928937 0.473200 0.013384 0.045476
1.0 0.057722 0.933270 0.075277 0.133460
0.0 0.008802 0.915855 0.017605 0.107965
0.0 0.118822 0.902743 0.045258 0.104799
0.0 0.152373 0.898129 0.028848 0.104799
1.0 0.275872 0.933270 0.075277 0.133460
0.0 0.343234 0.915855 0.054490 0.107965
0.0 0.214772 0.902743 0.045258 0.104799
0.0 0.181221 0.898129 0.028848 0.104799
1.0 0.501862 0.933270 0.075277 0.133460
0.0 0.434501 0.915855 0.054490 0.107965
0.0 0.562963 0.902743 0.045258 0.104799
0.0 0.596513 0.898129 0.028848 0.104799
1.0 0.720013 0.933270 0.075277 0.133460
0.0 0.787374 0.915855 0.054490 0.107965
0.0 0.658912 0.902743 0.045258 0.104799
0.0 0.625362 0.898129 0.028848 0.104799
1.0 0.946003 0.933270 0.075277 0.133460
0.0 0.878641 0.915855 0.054490 0.107965
0.0 0.992237 0.902743 0.015526 0.104799
