1.0 0.020523 0.052283 0.041045 0.104565
1.0 0.090300 0.063469 0.069400 0.126939
1.0 0.014530 0.096801 0.029059 0.072932
1.0 0.062960 0.111480 0.029517 0.066996
1.0 0.000419 0.159823 0.000837 0.011006
1.0 0.003003 0.161847 0.004261 0.009455
0.0 0.003785 0.156435 0.004147 0.005948
1.0 0.241537 0.052283 0.065165 0.104565
1.0 0.159700 0.063469 0.069400 0.126939
1.0 0.236180 0.096801 0.030479 0.072932
1.0 0.187040 0.111480 0.029517 0.066996
1.0 0.251373 0.159823 0.004420 0.011006
1.0 0.246997 0.161847 0.004261 0.009455
0.0 0.246215 0.156435 0.004147 0.005948
1.0 0.308463 0.052283 0.065165 0.104565
1.0 0.390300 0.063469 0.069400 0.126939
1.0 0.313820 0.096801 0.030479 0.072932
1.0 0.362960 0.111480 0.029517 0.066996
1.0 0.298627 0.159823 0.004420 0.011006
1.0 0.303003 0.161847 0.004261 0.009455
0.0 0.303785 0.156435 0.004147 0.005948
1.0 0.541537 0.052283 0.065165 0.104565
1.0 0.459700 0.063469 0.069400 0.126939
1.0 0.536180 0.096801 0.030479 0.072932
1.0 0.487040 0.111480 0.029517 0.066996
1.0 0.551373 0.159823 0.004420 0.011006
1.0 0.546997 0.161847 0.004261 0.009455
0.0 0.546215 0.156435 0.004147 0.005948
1.0 0.608463 0.052283 0.065165 0.104565
1.0 0.690300 0.063469 0.069400 0.126939
1.0 0.613820 0.096801 0.030479 0.072932
1.0 0.662960 0.111480 0.029517 0.066996
1.0 0.598627 0.159823 0.004420 0.011006
1.0 0.603003 0.161847 0.004261 0.009455
0.0 0.603785 0.156435 0.004147 0.005948
1.0 0.841537 0.052283 0.065165 0.104565
1.0 0.759700 0.063469 0.069400 0.126939
1.0 0.836180 0.096801 0.030479 0.072932
1.0 0.787040 0.111480 0.029517 0.066996
1.0 0.851373 0.159823 0.004420 0.011006
1.0 0.846997 0.161847 0.004261 0.009455
0.0 0.846215 0.156435 0.004147 0.005948
1.0 0.908463 0.052283 0.065165 0.104565
1.0 0.977800 0.063469 0.044400 0.126939
1.0 0.913820 0.096801 0.030479 0.072932
1.0 0.962960 0.111480 0.029517 0.066996
1.0 0.898627 0.159823 0.004420 0.011006
1.0 0.903003 0.161847 0.004261 0.009455
0.0 0.903785 0.156435 0.004147 0.005948
1.0 0.020523 0.608829 0.041045 0.137898
1.0 0.090300 0.597642 0.069400 0.160272
1.0 0.014530 0.547643 0.029059 0.072932
1.0 0.062960 0.532964 0.029517 0.066996
1.0 0.000419 0.484621 0.000837 0.011006
1.0 0.003003 0.482598 0.004261 0.009455
0.0 0.003785 0.488010 0.004147 0.005948
1.0 0.241537 0.608829 0.065165 0.137898
1.0 0.159700 0.597642 0.069400 0.160272
1.0 0.236180 0.547643 0.030479 0.072932
1.0 0.187040 0.532964 0.029517 0.066996
1.0 0.251373 0.484621 0.004420 0.011006
1.0 0.246997 0.482598 0.004261 0.009455
0.0 0.246215 0.488010 0.004147 0.005948
1.0 0.308463 0.608829 0.065165 0.137898
1.0 0.390300 0.597642 0.069400 0.160272
1.0 0.313820 0.547643 0.030479 0.072932
1.0 0.362960 0.532964 0.029517 0.066996
1.0 0.298627 0.484621 0.004420 0.011006
1.0 0.303003 0.482598 0.004261 0.009455
0.0 0.303785 0.488010 0.004147 0.005948
1.0 0.541537 0.608829 0.065165 0.137898
1.0 0.459700 0.597642 0.069400 0.160272
1.0 0.536180 0.547643 0.030479 0.072932
1.0 0.487040 0.532964 0.029517 0.066996
1.0 0.551373 0.484621 0.004420 0.011006
1.0 0.546997 0.482598 0.004261 0.009455
0.0 0.546215 0.488010 0.004147 0.005948
1.0 0.608463 0.608829 0.065165 0.137898
1.0 0.690300 0.597642 0.069400 0.160272
1.0 0.613820 0.547643 0.030479 0.072932
1.0 0.662960 0.532964 0.029517 0.066996
1.0 0.598627 0.484621 0.004420 0.011006
1.0 0.603003 0.482598 0.004261 0.009455
0.0 0.603785 0.488010 0.004147 0.005948
1.0 0.841537 0.608829 0.065165 0.137898
1.0 0.759700 0.597642 0.069400 0.160272
1.0 0.836180 0.547643 0.030479 0.072932
1.0 0.787040 0.532964 0.029517 0.066996
1.0 0.851373 0.484621 0.004420 0.011006
1.0 0.846997 0.482598 0.004261 0.009455
0.0 0.846215 0.488010 0.004147 0.005948
1.0 0.908463 0.608829 0.065165 0.137898
1.0 0.977800 0.597642 0.044400 0.160272
1.0 0.913820 0.547643 0.030479 0.072932
1.0 0.962960 0.532964 0.029517 0.066996
1.0 0.898627 0.484621 0.004420 0.011006
1.0 0.903003 0.482598 0.004261 0.009455
0.0 0.903785 0.488010 0.004147 0.005948
1.0 0.020523 0.746727 0.041045 0.137898
1.0 0.090300 0.757914 0.069400 0.160272
1.0 0.014530 0.807912 0.029059 0.072932
1.0 0.062960 0.822591 0.029517 0.066996
1.0 0.000419 0.870935 0.000837 0.011006
1.0 0.003003 0.872958 0.004261 0.009455
0.0 0.003785 0.867546 0.004147 0.005948
1.0 0.241537 0.746727 0.065165 0.137898
1.0 0.159700 0.757914 0.069400 0.160272
1.0 0.236180 0.807912 0.030479 0.072932
1.0 0.187040 0.822591 0.029517 0.066996
1.0 0.251373 0.870935 0.004420 0.011006
1.0 0.246997 0.872958 0.004261 0.009455
0.0 0.246215 0.867546 0.004147 0.005948
1.0 0.308463 0.746727 0.065165 0.137898
1.0 0.390300 0.757914 0.069400 0.160272
1.0 0.313820 0.807912 0.030479 0.072932
1.0 0.362960 0.822591 0.029517 0.066996
1.0 0.298627 0.870935 0.004420 0.011006
1.0 0.303003 0.872958 0.004261 0.009455
0.0 0.303785 0.867546 0.004147 0.005948
1.0 0.541537 0.746727 0.065165 0.137898
1.0 0.459700 0.757914 0.069400 0.160272
1.0 0.536180 0.807912 0.030479 0.072932
1.0 0.487040 0.822591 0.029517 0.066996
1.0 0.551373 0.870935 0.004420 0.011006
1.0 0.546997 0.872958 0.004261 0.009455
0.0 0.546215 0.867546 0.004147 0.005948
1.0 0.608463 0.746727 0.065165 0.137898
1.0 0.690300 0.757914 0.069400 0.160272
1.0 0.613820 0.807912 0.030479 0.072932
1.0 0.662960 0.822591 0.029517 0.066996
1.0 0.598627 0.870935 0.004420 0.011006
1.0 0.603003 0.872958 0.004261 0.009455
0.0 0.603785 0.867546 0.004147 0.005948
1.0 0.841537 0.746727 0.065165 0.137898
1.0 0.759700 0.757914 0.069400 0.160272
1.0 0.836180 0.807912 0.030479 0.072932
1.0 0.787040 0.822591 0.029517 0.066996
1.0 0.851373 0.870935 0.004420 0.011006
1.0 0.846997 0.872958 0.004261 0.009455
0.0 0.846215 0.867546 0.004147 0.005948
1.0 0.908463 0.746727 0.065165 0.137898
1.0 0.977800 0.757914 0.044400 0.160272
1.0 0.913820 0.807912 0.030479 0.072932
1.0 0.962960 0.822591 0.029517 0.066996
1.0 0.898627 0.870935 0.004420 0.011006
1.0 0.903003 0.872958 0.004261 0.009455
0.0 0.903785 0.867546 0.004147 0.005948
