1.0 0.966300 0.496355 0.062033 0.090721
1.0 0.396831 0.577065 0.201631 0.303048
1.0 0.128809 0.457276 0.092908 0.095485
1.0 0.012118 0.452256 0.024235 0.094187
1.0 0.696762 0.585098 0.189608 0.296371
1.0 0.928272 0.493159 0.041378 0.083724
1.0 0.158839 0.459420 0.038837 0.085169
1.0 0.029622 0.454143 0.055279 0.083780
1.0 0.298951 0.467566 0.045223 0.034153
1.0 0.496009 0.478105 0.034011 0.095192
1.0 0.545224 0.481365 0.134723 0.103378
1.0 0.601927 0.480412 0.024992 0.088333
1.0 0.216084 0.471424 0.024940 0.008948
0.0 0.384338 0.725921 0.195867 0.074951
0.0 0.712383 0.737706 0.195338 0.075495
1.0 0.398787 0.935991 0.195876 0.128017
1.0 0.696536 0.944324 0.184596 0.111351
0.0 0.385694 0.873074 0.195312 0.073855
0.0 0.712822 0.884743 0.194789 0.074391
