1.0 0.107536 0.684380 0.026748 0.055461
0.0 0.116777 0.577402 0.044747 0.091687
0.0 0.069741 0.585311 0.049757 0.094500
0.0 0.130833 0.528520 0.042410 0.061209
0.0 0.071666 0.546655 0.034340 0.062468
0.0 0.012679 0.647295 0.025359 0.085399
1.0 0.384652 0.684380 0.026748 0.055461
0.0 0.375411 0.577402 0.044747 0.091687
0.0 0.574980 0.524619 0.050503 0.095328
0.0 0.422447 0.585311 0.049757 0.094500
0.0 0.361354 0.528520 0.042410 0.061209
0.0 0.420522 0.546655 0.034340 0.062468
0.0 0.554081 0.484765 0.045089 0.065734
0.0 0.631313 0.542471 0.049379 0.085073
0.0 0.615735 0.492789 0.021054 0.050977
0.0 0.496014 0.647295 0.058370 0.085399
0.0 0.574653 0.656843 0.051347 0.076312
1.0 0.586119 0.631235 0.029066 0.049666
0.0 0.932833 0.524619 0.050503 0.095328
0.0 0.953731 0.484765 0.045089 0.065734
0.0 0.876499 0.542471 0.049379 0.085073
0.0 0.892078 0.492789 0.021054 0.050977
0.0 0.991307 0.647295 0.017386 0.085399
0.0 0.933160 0.656843 0.051347 0.076312
1.0 0.921694 0.631235 0.029066 0.049666
1.0 0.107536 0.975889 0.026748 0.048222
0.0 0.012679 0.986947 0.025359 0.026105
1.0 0.384652 0.975889 0.026748 0.048222
0.0 0.496014 0.986947 0.058370 0.026105
0.0 0.574653 0.984445 0.051347 0.031110
0.0 0.933160 0.984445 0.051347 0.031110
