1.0 0.088842 0.021284 0.007212 0.015825
1.0 0.082763 0.024075 0.008397 0.015825
1.0 0.096054 0.021284 0.007212 0.015825
1.0 0.220411 0.026742 0.040581 0.053483
1.0 0.198999 0.023583 0.029908 0.047167
1.0 0.102133 0.024075 0.008397 0.015825
0.0 0.240609 0.005131 0.020604 0.010262
1.0 0.414884 0.021284 0.007212 0.015825
1.0 0.290526 0.026742 0.040581 0.053483
1.0 0.311938 0.023583 0.029908 0.047167
1.0 0.408805 0.024075 0.008397 0.015825
0.0 0.270329 0.005131 0.020604 0.010262
1.0 0.422096 0.021284 0.007212 0.015825
1.0 0.546453 0.026742 0.040581 0.053483
1.0 0.525041 0.023583 0.029908 0.047167
1.0 0.428175 0.024075 0.008397 0.015825
0.0 0.566650 0.005131 0.020604 0.010262
1.0 0.740925 0.021284 0.007212 0.015825
1.0 0.616568 0.026742 0.040581 0.053483
1.0 0.637980 0.023583 0.029908 0.047167
1.0 0.734846 0.024075 0.008397 0.015825
0.0 0.596371 0.005131 0.020604 0.010262
1.0 0.748137 0.021284 0.007212 0.015825
1.0 0.872494 0.026742 0.040581 0.053483
1.0 0.851083 0.023583 0.029908 0.047167
1.0 0.754216 0.024075 0.008397 0.015825
0.0 0.892692 0.005131 0.020604 0.010262
1.0 0.942610 0.026742 0.040581 0.053483
1.0 0.964021 0.023583 0.029908 0.047167
0.0 0.922412 0.005131 0.020604 0.010262
1.0 0.088842 0.163901 0.007212 0.015825
1.0 0.082763 0.161110 0.008397 0.015825
1.0 0.096054 0.163901 0.007212 0.015825
1.0 0.220411 0.171681 0.040581 0.079958
1.0 0.198999 0.174818 0.029908 0.073600
1.0 0.102133 0.161110 0.008397 0.015825
0.0 0.207950 0.204442 0.022062 0.031552
0.0 0.240609 0.189267 0.020604 0.028688
1.0 0.414884 0.163901 0.007212 0.015825
1.0 0.290526 0.171681 0.040581 0.079958
1.0 0.311938 0.174818 0.029908 0.073600
1.0 0.408805 0.161110 0.008397 0.015825
0.0 0.302987 0.204442 0.022062 0.031552
0.0 0.270329 0.189267 0.020604 0.028688
1.0 0.422096 0.163901 0.007212 0.015825
1.0 0.546453 0.171681 0.040581 0.079958
1.0 0.525041 0.174818 0.029908 0.073600
1.0 0.428175 0.161110 0.008397 0.015825
0.0 0.533992 0.204442 0.022062 0.031552
0.0 0.566650 0.189267 0.020604 0.028688
1.0 0.740925 0.163901 0.007212 0.015825
1.0 0.616568 0.171681 0.040581 0.079958
1.0 0.637980 0.174818 0.029908 0.073600
1.0 0.734846 0.161110 0.008397 0.015825
0.0 0.629029 0.204442 0.022062 0.031552
0.0 0.596371 0.189267 0.020604 0.028688
1.0 0.748137 0.163901 0.007212 0.015825
1.0 0.872494 0.171681 0.040581 0.079958
1.0 0.851083 0.174818 0.029908 0.073600
1.0 0.754216 0.161110 0.008397 0.015825
0.0 0.860034 0.204442 0.022062 0.031552
0.0 0.892692 0.189267 0.020604 0.028688
1.0 0.942610 0.171681 0.040581 0.079958
1.0 0.964021 0.174818 0.029908 0.073600
0.0 0.955070 0.204442 0.022062 0.031552
0.0 0.922412 0.189267 0.020604 0.028688
1.0 0.088842 0.347210 0.007212 0.015825
1.0 0.082763 0.350001 0.008397 0.015825
1.0 0.096054 0.347210 0.007212 0.015825
1.0 0.220411 0.339430 0.040581 0.079958
1.0 0.198999 0.336293 0.029908 0.073600
1.0 0.102133 0.350001 0.008397 0.015825
0.0 0.207950 0.306669 0.022062 0.031552
0.0 0.240609 0.321844 0.020604 0.028688
1.0 0.414884 0.347210 0.007212 0.015825
1.0 0.290526 0.339430 0.040581 0.079958
1.0 0.311938 0.336293 0.029908 0.073600
1.0 0.408805 0.350001 0.008397 0.015825
0.0 0.302987 0.306669 0.022062 0.031552
0.0 0.270329 0.321844 0.020604 0.028688
1.0 0.422096 0.347210 0.007212 0.015825
1.0 0.546453 0.339430 0.040581 0.079958
1.0 0.525041 0.336293 0.029908 0.073600
1.0 0.428175 0.350001 0.008397 0.015825
0.0 0.533992 0.306669 0.022062 0.031552
0.0 0.566650 0.321844 0.020604 0.028688
1.0 0.740925 0.347210 0.007212 0.015825
1.0 0.616568 0.339430 0.040581 0.079958
1.0 0.637980 0.336293 0.029908 0.073600
1.0 0.734846 0.350001 0.008397 0.015825
0.0 0.629029 0.306669 0.022062 0.031552
0.0 0.596371 0.321844 0.020604 0.028688
1.0 0.748137 0.347210 0.007212 0.015825
1.0 0.872494 0.339430 0.040581 0.079958
1.0 0.851083 0.336293 0.029908 0.073600
1.0 0.754216 0.350001 0.008397 0.015825
0.0 0.860034 0.306669 0.022062 0.031552
0.0 0.892692 0.321844 0.020604 0.028688
1.0 0.942610 0.339430 0.040581 0.079958
1.0 0.964021 0.336293 0.029908 0.073600
0.0 0.955070 0.306669 0.022062 0.031552
0.0 0.922412 0.321844 0.020604 0.028688
1.0 0.088842 0.489827 0.007212 0.015825
1.0 0.082763 0.487036 0.008397 0.015825
1.0 0.096054 0.489827 0.007212 0.015825
1.0 0.220411 0.497607 0.040581 0.079958
1.0 0.198999 0.500744 0.029908 0.073600
1.0 0.102133 0.487036 0.008397 0.015825
0.0 0.207950 0.530368 0.022062 0.031552
0.0 0.240609 0.515193 0.020604 0.028688
1.0 0.414884 0.489827 0.007212 0.015825
1.0 0.290526 0.497607 0.040581 0.079958
1.0 0.311938 0.500744 0.029908 0.073600
1.0 0.408805 0.487036 0.008397 0.015825
0.0 0.302987 0.530368 0.022062 0.031552
0.0 0.270329 0.515193 0.020604 0.028688
1.0 0.422096 0.489827 0.007212 0.015825
1.0 0.546453 0.497607 0.040581 0.079958
1.0 0.525041 0.500744 0.029908 0.073600
1.0 0.428175 0.487036 0.008397 0.015825
0.0 0.533992 0.530368 0.022062 0.031552
0.0 0.566650 0.515193 0.020604 0.028688
1.0 0.740925 0.489827 0.007212 0.015825
1.0 0.616568 0.497607 0.040581 0.079958
1.0 0.637980 0.500744 0.029908 0.073600
1.0 0.734846 0.487036 0.008397 0.015825
0.0 0.629029 0.530368 0.022062 0.031552
0.0 0.596371 0.515193 0.020604 0.028688
1.0 0.748137 0.489827 0.007212 0.015825
1.0 0.872494 0.497607 0.040581 0.079958
1.0 0.851083 0.500744 0.029908 0.073600
1.0 0.754216 0.487036 0.008397 0.015825
0.0 0.860034 0.530368 0.022062 0.031552
0.0 0.892692 0.515193 0.020604 0.028688
1.0 0.942610 0.497607 0.040581 0.079958
1.0 0.964021 0.500744 0.029908 0.073600
0.0 0.955070 0.530368 0.022062 0.031552
0.0 0.922412 0.515193 0.020604 0.028688
1.0 0.088842 0.673136 0.007212 0.015825
1.0 0.082763 0.675927 0.008397 0.015825
1.0 0.096054 0.673136 0.007212 0.015825
1.0 0.220411 0.665356 0.040581 0.079958
1.0 0.198999 0.662219 0.029908 0.073600
1.0 0.102133 0.675927 0.008397 0.015825
0.0 0.207950 0.632595 0.022062 0.031552
0.0 0.240609 0.647770 0.020604 0.028688
1.0 0.414884 0.673136 0.007212 0.015825
1.0 0.290526 0.665356 0.040581 0.079958
1.0 0.311938 0.662219 0.029908 0.073600
1.0 0.408805 0.675927 0.008397 0.015825
0.0 0.302987 0.632595 0.022062 0.031552
0.0 0.270329 0.647770 0.020604 0.028688
1.0 0.422096 0.673136 0.007212 0.015825
1.0 0.546453 0.665356 0.040581 0.079958
1.0 0.525041 0.662219 0.029908 0.073600
1.0 0.428175 0.675927 0.008397 0.015825
0.0 0.533992 0.632595 0.022062 0.031552
0.0 0.566650 0.647770 0.020604 0.028688
1.0 0.740925 0.673136 0.007212 0.015825
1.0 0.616568 0.665356 0.040581 0.079958
1.0 0.637980 0.662219 0.029908 0.073600
1.0 0.734846 0.675927 0.008397 0.015825
0.0 0.629029 0.632595 0.022062 0.031552
0.0 0.596371 0.647770 0.020604 0.028688
1.0 0.748137 0.673136 0.007212 0.015825
1.0 0.872494 0.665356 0.040581 0.079958
1.0 0.851083 0.662219 0.029908 0.073600
1.0 0.754216 0.675927 0.008397 0.015825
0.0 0.860034 0.632595 0.022062 0.031552
0.0 0.892692 0.647770 0.020604 0.028688
1.0 0.942610 0.665356 0.040581 0.079958
1.0 0.964021 0.662219 0.029908 0.073600
0.0 0.955070 0.632595 0.022062 0.031552
0.0 0.922412 0.647770 0.020604 0.028688
1.0 0.088842 0.815753 0.007212 0.015825
1.0 0.082763 0.812962 0.008397 0.015825
1.0 0.096054 0.815753 0.007212 0.015825
1.0 0.220411 0.823533 0.040581 0.079958
1.0 0.198999 0.826670 0.029908 0.073600
1.0 0.102133 0.812962 0.008397 0.015825
0.0 0.207950 0.856294 0.022062 0.031552
0.0 0.240609 0.841119 0.020604 0.028688
1.0 0.414884 0.815753 0.007212 0.015825
1.0 0.290526 0.823533 0.040581 0.079958
1.0 0.311938 0.826670 0.029908 0.073600
1.0 0.408805 0.812962 0.008397 0.015825
0.0 0.302987 0.856294 0.022062 0.031552
0.0 0.270329 0.841119 0.020604 0.028688
1.0 0.422096 0.815753 0.007212 0.015825
1.0 0.546453 0.823533 0.040581 0.079958
1.0 0.525041 0.826670 0.029908 0.073600
1.0 0.428175 0.812962 0.008397 0.015825
0.0 0.533992 0.856294 0.022062 0.031552
0.0 0.566650 0.841119 0.020604 0.028688
1.0 0.740925 0.815753 0.007212 0.015825
1.0 0.616568 0.823533 0.040581 0.079958
1.0 0.637980 0.826670 0.029908 0.073600
1.0 0.734846 0.812962 0.008397 0.015825
0.0 0.629029 0.856294 0.022062 0.031552
0.0 0.596371 0.841119 0.020604 0.028688
1.0 0.748137 0.815753 0.007212 0.015825
1.0 0.872494 0.823533 0.040581 0.079958
1.0 0.851083 0.826670 0.029908 0.073600
1.0 0.754216 0.812962 0.008397 0.015825
0.0 0.860034 0.856294 0.022062 0.031552
0.0 0.892692 0.841119 0.020604 0.028688
1.0 0.942610 0.823533 0.040581 0.079958
1.0 0.964021 0.826670 0.029908 0.073600
0.0 0.955070 0.856294 0.022062 0.031552
0.0 0.922412 0.841119 0.020604 0.028688
1.0 0.088842 0.995575 0.007212 0.008851
1.0 0.082763 0.996970 0.008397 0.006060
1.0 0.096054 0.995575 0.007212 0.008851
1.0 0.220411 0.975651 0.040581 0.048697
1.0 0.198999 0.975672 0.029908 0.048655
1.0 0.102133 0.996970 0.008397 0.006060
0.0 0.207950 0.958521 0.022062 0.031552
0.0 0.240609 0.973696 0.020604 0.028688
1.0 0.414884 0.995575 0.007212 0.008851
1.0 0.290526 0.975651 0.040581 0.048697
1.0 0.311938 0.975672 0.029908 0.048655
1.0 0.408805 0.996970 0.008397 0.006060
0.0 0.302987 0.958521 0.022062 0.031552
0.0 0.270329 0.973696 0.020604 0.028688
1.0 0.422096 0.995575 0.007212 0.008851
1.0 0.546453 0.975651 0.040581 0.048697
1.0 0.525041 0.975672 0.029908 0.048655
1.0 0.428175 0.996970 0.008397 0.006060
0.0 0.533992 0.958521 0.022062 0.031552
0.0 0.566650 0.973696 0.020604 0.028688
1.0 0.740925 0.995575 0.007212 0.008851
1.0 0.616568 0.975651 0.040581 0.048697
1.0 0.637980 0.975672 0.029908 0.048655
1.0 0.734846 0.996970 0.008397 0.006060
0.0 0.629029 0.958521 0.022062 0.031552
0.0 0.596371 0.973696 0.020604 0.028688
1.0 0.748137 0.995575 0.007212 0.008851
1.0 0.872494 0.975651 0.040581 0.048697
1.0 0.851083 0.975672 0.029908 0.048655
1.0 0.754216 0.996970 0.008397 0.006060
0.0 0.860034 0.958521 0.022062 0.031552
0.0 0.892692 0.973696 0.020604 0.028688
1.0 0.942610 0.975651 0.040581 0.048697
1.0 0.964021 0.975672 0.029908 0.048655
0.0 0.955070 0.958521 0.022062 0.031552
0.0 0.922412 0.973696 0.020604 0.028688
