1.0 0.133080 0.547047 0.130403 0.228959
0.0 0.183885 0.668965 0.117282 0.074074
0.0 0.079694 0.647002 0.099778 0.055415
0.0 0.064277 0.558154 0.128554 0.099290
0.0 0.038894 0.698955 0.077788 0.092133
1.0 0.476295 0.547047 0.130403 0.228959
0.0 0.425490 0.668965 0.117282 0.074074
0.0 0.529681 0.647002 0.099778 0.055415
0.0 0.559482 0.558154 0.157323 0.099290
0.0 0.604902 0.698955 0.146629 0.092133
1.0 0.914330 0.547047 0.130403 0.228959
0.0 0.953247 0.668965 0.093506 0.074074
0.0 0.860944 0.647002 0.099778 0.055415
0.0 0.831143 0.558154 0.157323 0.099290
0.0 0.785723 0.698955 0.146629 0.092133
0.0 0.183885 0.994221 0.117282 0.011557
0.0 0.038894 0.974712 0.077788 0.050577
0.0 0.425490 0.994221 0.117282 0.011557
0.0 0.604902 0.974712 0.146629 0.050577
0.0 0.953247 0.994221 0.093506 0.011557
0.0 0.785723 0.974712 0.146629 0.050577
