0.0 0.168919 0.007488 0.085816 0.014977
0.0 0.299831 0.007488 0.085816 0.014977
0.0 0.523086 0.007488 0.085816 0.014977
0.0 0.653997 0.007488 0.085816 0.014977
0.0 0.877253 0.007488 0.085816 0.014977
0.0 0.982628 0.007488 0.034744 0.014977
0.0 0.168919 0.120378 0.085816 0.054042
0.0 0.165268 0.201076 0.097668 0.062662
0.0 0.299831 0.120378 0.085816 0.054042
0.0 0.303482 0.201076 0.097668 0.062662
0.0 0.523086 0.120378 0.085816 0.054042
0.0 0.519435 0.201076 0.097668 0.062662
0.0 0.653997 0.120378 0.085816 0.054042
0.0 0.657648 0.201076 0.097668 0.062662
0.0 0.877253 0.120378 0.085816 0.054042
0.0 0.873602 0.201076 0.097668 0.062662
0.0 0.982628 0.120378 0.034744 0.054042
0.0 0.981491 0.201076 0.037019 0.062662
0.0 0.168919 0.344437 0.085816 0.054042
0.0 0.165268 0.263739 0.097668 0.062662
0.0 0.299831 0.344437 0.085816 0.054042
0.0 0.303482 0.263739 0.097668 0.062662
0.0 0.523086 0.344437 0.085816 0.054042
0.0 0.519435 0.263739 0.097668 0.062662
0.0 0.653997 0.344437 0.085816 0.054042
0.0 0.657648 0.263739 0.097668 0.062662
0.0 0.877253 0.344437 0.085816 0.054042
0.0 0.873602 0.263739 0.097668 0.062662
0.0 0.982628 0.344437 0.034744 0.054042
0.0 0.981491 0.263739 0.037019 0.062662
0.0 0.168919 0.476859 0.085816 0.054042
0.0 0.165268 0.557558 0.097668 0.062662
0.0 0.299831 0.476859 0.085816 0.054042
0.0 0.303482 0.557558 0.097668 0.062662
0.0 0.523086 0.476859 0.085816 0.054042
0.0 0.519435 0.557558 0.097668 0.062662
0.0 0.653997 0.476859 0.085816 0.054042
0.0 0.657648 0.557558 0.097668 0.062662
0.0 0.877253 0.476859 0.085816 0.054042
0.0 0.873602 0.557558 0.097668 0.062662
0.0 0.982628 0.476859 0.034744 0.054042
0.0 0.981491 0.557558 0.037019 0.062662
0.0 0.168919 0.700918 0.085816 0.054042
0.0 0.165268 0.620220 0.097668 0.062662
0.0 0.299831 0.700918 0.085816 0.054042
0.0 0.303482 0.620220 0.097668 0.062662
0.0 0.523086 0.700918 0.085816 0.054042
0.0 0.519435 0.620220 0.097668 0.062662
0.0 0.653997 0.700918 0.085816 0.054042
0.0 0.657648 0.620220 0.097668 0.062662
0.0 0.877253 0.700918 0.085816 0.054042
0.0 0.873602 0.620220 0.097668 0.062662
0.0 0.982628 0.700918 0.034744 0.054042
0.0 0.981491 0.620220 0.037019 0.062662
0.0 0.168919 0.833341 0.085816 0.054042
0.0 0.165268 0.914039 0.097668 0.062662
0.0 0.299831 0.833341 0.085816 0.054042
0.0 0.303482 0.914039 0.097668 0.062662
0.0 0.523086 0.833341 0.085816 0.054042
0.0 0.519435 0.914039 0.097668 0.062662
0.0 0.653997 0.833341 0.085816 0.054042
0.0 0.657648 0.914039 0.097668 0.062662
0.0 0.877253 0.833341 0.085816 0.054042
0.0 0.873602 0.914039 0.097668 0.062662
0.0 0.982628 0.833341 0.034744 0.054042
0.0 0.981491 0.914039 0.037019 0.062662
0.0 0.165268 0.972685 0.097668 0.054630
0.0 0.303482 0.972685 0.097668 0.054630
0.0 0.519435 0.972685 0.097668 0.054630
0.0 0.657648 0.972685 0.097668 0.054630
0.0 0.873602 0.972685 0.097668 0.054630
0.0 0.981491 0.972685 0.037019 0.054630
