1.0 0.242717 0.083681 0.085485 0.167361
1.0 0.159559 0.076350 0.044190 0.064316
0.0 0.270836 0.232592 0.050804 0.124387
0.0 0.175309 0.142458 0.021043 0.030015
1.0 0.427205 0.083681 0.085485 0.167361
1.0 0.510363 0.076350 0.044190 0.064316
0.0 0.399085 0.232592 0.050804 0.124387
0.0 0.494613 0.142458 0.021043 0.030015
1.0 0.902873 0.083681 0.085485 0.167361
1.0 0.819715 0.076350 0.044190 0.064316
0.0 0.930993 0.232592 0.050804 0.124387
0.0 0.835466 0.142458 0.021043 0.030015
1.0 0.242717 0.522938 0.085485 0.170877
1.0 0.159559 0.528511 0.044190 0.064316
0.0 0.270836 0.372269 0.050804 0.124387
0.0 0.259164 0.658986 0.049030 0.076472
0.0 0.175309 0.462403 0.021043 0.030015
1.0 0.427205 0.522938 0.085485 0.170877
1.0 0.510363 0.528511 0.044190 0.064316
0.0 0.399085 0.372269 0.050804 0.124387
0.0 0.410757 0.658986 0.049030 0.076472
0.0 0.494613 0.462403 0.021043 0.030015
1.0 0.902873 0.522938 0.085485 0.170877
1.0 0.819715 0.528511 0.044190 0.064316
0.0 0.930993 0.372269 0.050804 0.124387
0.0 0.919321 0.658986 0.049030 0.076472
0.0 0.835466 0.462403 0.021043 0.030015
1.0 0.242717 0.871506 0.085485 0.170877
1.0 0.159559 0.865934 0.044190 0.064316
0.0 0.270836 0.979991 0.050804 0.040018
0.0 0.259164 0.735458 0.049030 0.076472
0.0 0.175309 0.932042 0.021043 0.030015
1.0 0.427205 0.871506 0.085485 0.170877
1.0 0.510363 0.865934 0.044190 0.064316
0.0 0.399085 0.979991 0.050804 0.040018
0.0 0.410757 0.735458 0.049030 0.076472
0.0 0.494613 0.932042 0.021043 0.030015
1.0 0.902873 0.871506 0.085485 0.170877
1.0 0.819715 0.865934 0.044190 0.064316
0.0 0.930993 0.979991 0.050804 0.040018
0.0 0.919321 0.735458 0.049030 0.076472
0.0 0.835466 0.932042 0.021043 0.030015
