1.0 0.095996 0.085938 0.191992 0.171875
1.0 0.176465 0.106424 0.117773 0.212847
1.0 0.512793 0.085938 0.209570 0.171875
1.0 0.423535 0.106424 0.117773 0.212847
1.0 0.887207 0.085938 0.209570 0.171875
1.0 0.958789 0.106424 0.082422 0.212847
1.0 0.095996 0.482118 0.191992 0.374653
1.0 0.176465 0.403472 0.117773 0.299306
0.0 0.198047 0.612153 0.125000 0.196528
0.0 0.036914 0.586458 0.073828 0.146528
1.0 0.512793 0.482118 0.209570 0.374653
1.0 0.423535 0.403472 0.117773 0.299306
0.0 0.401953 0.612153 0.125000 0.196528
0.0 0.577734 0.586458 0.103125 0.146528
1.0 0.887207 0.482118 0.209570 0.374653
1.0 0.958789 0.403472 0.082422 0.299306
0.0 0.967773 0.612153 0.064453 0.196528
0.0 0.822266 0.586458 0.103125 0.146528
1.0 0.095996 0.931944 0.191992 0.136111
1.0 0.176465 0.990104 0.117773 0.019792
0.0 0.198047 0.911458 0.125000 0.177083
0.0 0.036914 0.936806 0.073828 0.126389
1.0 0.512793 0.931944 0.209570 0.136111
1.0 0.423535 0.990104 0.117773 0.019792
0.0 0.401953 0.911458 0.125000 0.177083
0.0 0.577734 0.936806 0.103125 0.126389
1.0 0.887207 0.931944 0.209570 0.136111
0.0 0.967773 0.911458 0.064453 0.177083
0.0 0.822266 0.936806 0.103125 0.126389
