1.0 0.027768 0.022282 0.047273 0.044565
1.0 0.068289 0.017251 0.048043 0.034502
0.0 0.064903 0.025828 0.018141 0.025505
0.0 0.088312 0.010395 0.010101 0.019173
1.0 0.367331 0.051364 0.015338 0.102729
0.0 0.368010 0.099944 0.013981 0.027677
1.0 0.317945 0.039415 0.037293 0.078830
1.0 0.222232 0.022282 0.047273 0.044565
1.0 0.181711 0.017251 0.048043 0.034502
1.0 0.274662 0.030824 0.035311 0.061648
0.0 0.312480 0.077051 0.018564 0.027677
0.0 0.185097 0.025828 0.018141 0.025505
0.0 0.161688 0.010395 0.010101 0.019173
1.0 0.382669 0.051364 0.015338 0.102729
0.0 0.381990 0.099944 0.013981 0.027677
1.0 0.432055 0.039415 0.037293 0.078830
1.0 0.527768 0.022282 0.047273 0.044565
1.0 0.568289 0.017251 0.048043 0.034502
1.0 0.475338 0.030824 0.035311 0.061648
0.0 0.437520 0.077051 0.018564 0.027677
0.0 0.564903 0.025828 0.018141 0.025505
0.0 0.588312 0.010395 0.010101 0.019173
1.0 0.867331 0.051364 0.015338 0.102729
0.0 0.868010 0.099944 0.013981 0.027677
1.0 0.817945 0.039415 0.037293 0.078830
1.0 0.722232 0.022282 0.047273 0.044565
1.0 0.681711 0.017251 0.048043 0.034502
1.0 0.774662 0.030824 0.035311 0.061648
0.0 0.812480 0.077051 0.018564 0.027677
0.0 0.685097 0.025828 0.018141 0.025505
0.0 0.661688 0.010395 0.010101 0.019173
1.0 0.882669 0.051364 0.015338 0.102729
0.0 0.881990 0.099944 0.013981 0.027677
1.0 0.932055 0.039415 0.037293 0.078830
1.0 0.975338 0.030824 0.035311 0.061648
0.0 0.937520 0.077051 0.018564 0.027677
1.0 0.027768 0.259742 0.047273 0.108613
1.0 0.068289 0.271674 0.048043 0.112354
1.0 0.025500 0.318443 0.017218 0.026571
0.0 0.064903 0.224172 0.018141 0.025505
0.0 0.088312 0.239605 0.010101 0.019173
1.0 0.367331 0.203324 0.015338 0.112106
0.0 0.368010 0.150056 0.013981 0.027677
1.0 0.317945 0.227223 0.037293 0.112106
1.0 0.222232 0.259742 0.047273 0.108613
1.0 0.181711 0.271674 0.048043 0.112354
1.0 0.274662 0.243726 0.035311 0.110749
1.0 0.224500 0.318443 0.017218 0.026571
0.0 0.312480 0.172949 0.018564 0.027677
0.0 0.185097 0.224172 0.018141 0.025505
0.0 0.161688 0.239605 0.010101 0.019173
1.0 0.382669 0.203324 0.015338 0.112106
0.0 0.381990 0.150056 0.013981 0.027677
1.0 0.432055 0.227223 0.037293 0.112106
1.0 0.527768 0.259742 0.047273 0.108613
1.0 0.568289 0.271674 0.048043 0.112354
1.0 0.475338 0.243726 0.035311 0.110749
1.0 0.525500 0.318443 0.017218 0.026571
0.0 0.437520 0.172949 0.018564 0.027677
0.0 0.564903 0.224172 0.018141 0.025505
0.0 0.588312 0.239605 0.010101 0.019173
1.0 0.867331 0.203324 0.015338 0.112106
0.0 0.868010 0.150056 0.013981 0.027677
1.0 0.817945 0.227223 0.037293 0.112106
1.0 0.722232 0.259742 0.047273 0.108613
1.0 0.681711 0.271674 0.048043 0.112354
1.0 0.774662 0.243726 0.035311 0.110749
1.0 0.724500 0.318443 0.017218 0.026571
0.0 0.812480 0.172949 0.018564 0.027677
0.0 0.685097 0.224172 0.018141 0.025505
0.0 0.661688 0.239605 0.010101 0.019173
1.0 0.882669 0.203324 0.015338 0.112106
0.0 0.881990 0.150056 0.013981 0.027677
1.0 0.932055 0.227223 0.037293 0.112106
1.0 0.975338 0.243726 0.035311 0.110749
0.0 0.937520 0.172949 0.018564 0.027677
1.0 0.027768 0.490258 0.047273 0.108613
1.0 0.068289 0.478326 0.048043 0.112354
1.0 0.025500 0.431557 0.017218 0.026571
0.0 0.064903 0.525828 0.018141 0.025505
0.0 0.088312 0.510395 0.010101 0.019173
1.0 0.367331 0.546676 0.015338 0.112106
0.0 0.368010 0.599944 0.013981 0.027677
1.0 0.317945 0.522777 0.037293 0.112106
1.0 0.222232 0.490258 0.047273 0.108613
1.0 0.181711 0.478326 0.048043 0.112354
1.0 0.274662 0.506274 0.035311 0.110749
1.0 0.224500 0.431557 0.017218 0.026571
0.0 0.312480 0.577051 0.018564 0.027677
0.0 0.185097 0.525828 0.018141 0.025505
0.0 0.161688 0.510395 0.010101 0.019173
1.0 0.382669 0.546676 0.015338 0.112106
0.0 0.381990 0.599944 0.013981 0.027677
1.0 0.432055 0.522777 0.037293 0.112106
1.0 0.527768 0.490258 0.047273 0.108613
1.0 0.568289 0.478326 0.048043 0.112354
1.0 0.475338 0.506274 0.035311 0.110749
1.0 0.525500 0.431557 0.017218 0.026571
0.0 0.437520 0.577051 0.018564 0.027677
0.0 0.564903 0.525828 0.018141 0.025505
0.0 0.588312 0.510395 0.010101 0.019173
1.0 0.867331 0.546676 0.015338 0.112106
0.0 0.868010 0.599944 0.013981 0.027677
1.0 0.817945 0.522777 0.037293 0.112106
1.0 0.722232 0.490258 0.047273 0.108613
1.0 0.681711 0.478326 0.048043 0.112354
1.0 0.774662 0.506274 0.035311 0.110749
1.0 0.724500 0.431557 0.017218 0.026571
0.0 0.812480 0.577051 0.018564 0.027677
0.0 0.685097 0.525828 0.018141 0.025505
0.0 0.661688 0.510395 0.010101 0.019173
1.0 0.882669 0.546676 0.015338 0.112106
0.0 0.881990 0.599944 0.013981 0.027677
1.0 0.932055 0.522777 0.037293 0.112106
1.0 0.975338 0.506274 0.035311 0.110749
0.0 0.937520 0.577051 0.018564 0.027677
1.0 0.027768 0.759742 0.047273 0.108613
1.0 0.068289 0.771674 0.048043 0.112354
1.0 0.025500 0.818443 0.017218 0.026571
0.0 0.064903 0.724172 0.018141 0.025505
0.0 0.088312 0.739605 0.010101 0.019173
1.0 0.367331 0.703324 0.015338 0.112106
0.0 0.368010 0.650056 0.013981 0.027677
1.0 0.317945 0.727223 0.037293 0.112106
1.0 0.222232 0.759742 0.047273 0.108613
1.0 0.181711 0.771674 0.048043 0.112354
1.0 0.274662 0.743726 0.035311 0.110749
1.0 0.224500 0.818443 0.017218 0.026571
0.0 0.312480 0.672949 0.018564 0.027677
0.0 0.185097 0.724172 0.018141 0.025505
0.0 0.161688 0.739605 0.010101 0.019173
1.0 0.382669 0.703324 0.015338 0.112106
0.0 0.381990 0.650056 0.013981 0.027677
1.0 0.432055 0.727223 0.037293 0.112106
1.0 0.527768 0.759742 0.047273 0.108613
1.0 0.568289 0.771674 0.048043 0.112354
1.0 0.475338 0.743726 0.035311 0.110749
1.0 0.525500 0.818443 0.017218 0.026571
0.0 0.437520 0.672949 0.018564 0.027677
0.0 0.564903 0.724172 0.018141 0.025505
0.0 0.588312 0.739605 0.010101 0.019173
1.0 0.867331 0.703324 0.015338 0.112106
0.0 0.868010 0.650056 0.013981 0.027677
1.0 0.817945 0.727223 0.037293 0.112106
1.0 0.722232 0.759742 0.047273 0.108613
1.0 0.681711 0.771674 0.048043 0.112354
1.0 0.774662 0.743726 0.035311 0.110749
1.0 0.724500 0.818443 0.017218 0.026571
0.0 0.812480 0.672949 0.018564 0.027677
0.0 0.685097 0.724172 0.018141 0.025505
0.0 0.661688 0.739605 0.010101 0.019173
1.0 0.882669 0.703324 0.015338 0.112106
0.0 0.881990 0.650056 0.013981 0.027677
1.0 0.932055 0.727223 0.037293 0.112106
1.0 0.975338 0.743726 0.035311 0.110749
0.0 0.937520 0.672949 0.018564 0.027677
1.0 0.027768 0.967976 0.047273 0.064048
1.0 0.068289 0.961074 0.048043 0.077851
1.0 0.025500 0.931557 0.017218 0.026571
1.0 0.367331 0.995312 0.015338 0.009377
1.0 0.317945 0.983362 0.037293 0.033275
1.0 0.222232 0.967976 0.047273 0.064048
1.0 0.181711 0.961074 0.048043 0.077851
1.0 0.274662 0.975450 0.035311 0.049101
1.0 0.224500 0.931557 0.017218 0.026571
1.0 0.382669 0.995312 0.015338 0.009377
1.0 0.432055 0.983362 0.037293 0.033275
1.0 0.527768 0.967976 0.047273 0.064048
1.0 0.568289 0.961074 0.048043 0.077851
1.0 0.475338 0.975450 0.035311 0.049101
1.0 0.525500 0.931557 0.017218 0.026571
1.0 0.867331 0.995312 0.015338 0.009377
1.0 0.817945 0.983362 0.037293 0.033275
1.0 0.722232 0.967976 0.047273 0.064048
1.0 0.681711 0.961074 0.048043 0.077851
1.0 0.774662 0.975450 0.035311 0.049101
1.0 0.724500 0.931557 0.017218 0.026571
1.0 0.882669 0.995312 0.015338 0.009377
1.0 0.932055 0.983362 0.037293 0.033275
1.0 0.975338 0.975450 0.035311 0.049101
