1.0 0.038525 0.112153 0.077050 0.224306
1.0 0.614059 0.112153 0.151029 0.224306
1.0 0.415745 0.112153 0.157464 0.224306
1.0 0.948182 0.112153 0.103636 0.224306
1.0 0.038525 0.453854 0.077050 0.459097
0.0 0.036204 0.669796 0.072408 0.211798
0.0 0.029400 0.584452 0.058800 0.236296
1.0 0.614059 0.434080 0.151029 0.419549
1.0 0.415745 0.453854 0.157464 0.459097
0.0 0.567312 0.669796 0.451314 0.211798
0.0 0.560199 0.584452 0.409873 0.236296
1.0 0.948182 0.434080 0.103636 0.419549
0.0 0.896484 0.669796 0.207031 0.211798
0.0 0.910401 0.584452 0.179198 0.236296
1.0 0.038525 0.933993 0.077050 0.132013
0.0 0.036204 0.881593 0.072408 0.211798
1.0 0.614059 0.953767 0.151029 0.092466
1.0 0.415745 0.933993 0.157464 0.132013
0.0 0.567312 0.881593 0.451314 0.211798
0.0 0.560199 0.924395 0.409873 0.151211
1.0 0.948182 0.953767 0.103636 0.092466
0.0 0.896484 0.881593 0.207031 0.211798
0.0 0.910401 0.924395 0.179198 0.151211
