1.0 0.049479 0.168981 0.018229 0.070370
1.0 0.039193 0.144213 0.002865 0.021759
1.0 0.075260 0.143519 0.008333 0.021296
1.0 0.018620 0.171991 0.017969 0.077315
1.0 0.087370 0.143519 0.009635 0.021296
1.0 0.072266 0.143519 0.003385 0.019444
1.0 0.058594 0.143981 0.004167 0.007407
1.0 0.084635 0.143648 0.004167 0.019185
1.0 0.028906 0.143981 0.002604 0.021296
1.0 0.095052 0.143005 0.007234 0.011315
0.0 0.050635 0.204218 0.019677 0.015944
0.0 0.017651 0.203704 0.018229 0.015431
0.0 0.089482 0.153421 0.006510 0.003856
1.0 0.169271 0.168981 0.018229 0.070370
1.0 0.238411 0.143981 0.008073 0.021296
1.0 0.179557 0.144213 0.002865 0.021759
1.0 0.143490 0.143519 0.008333 0.021296
1.0 0.200130 0.171991 0.017969 0.077315
1.0 0.131380 0.143519 0.009635 0.021296
1.0 0.225130 0.143750 0.008073 0.020833
1.0 0.222786 0.143519 0.003906 0.019444
1.0 0.146484 0.143519 0.003385 0.019444
1.0 0.235026 0.144213 0.004948 0.018981
1.0 0.160156 0.143981 0.004167 0.007407
1.0 0.134115 0.143648 0.004167 0.019185
1.0 0.189844 0.143981 0.002604 0.021296
1.0 0.123698 0.143005 0.007234 0.011315
0.0 0.168115 0.204218 0.019677 0.015944
0.0 0.201099 0.203704 0.018229 0.015431
0.0 0.129268 0.153421 0.006510 0.003856
0.0 0.240523 0.153806 0.007089 0.004630
1.0 0.361979 0.168981 0.018229 0.070370
1.0 0.292839 0.143981 0.008073 0.021296
1.0 0.351693 0.144213 0.002865 0.021759
1.0 0.387760 0.143519 0.008333 0.021296
1.0 0.331120 0.171991 0.017969 0.077315
1.0 0.399870 0.143519 0.009635 0.021296
1.0 0.306120 0.143750 0.008073 0.020833
1.0 0.308464 0.143519 0.003906 0.019444
1.0 0.384766 0.143519 0.003385 0.019444
1.0 0.296224 0.144213 0.004948 0.018981
1.0 0.371094 0.143981 0.004167 0.007407
1.0 0.397135 0.143648 0.004167 0.019185
1.0 0.341406 0.143981 0.002604 0.021296
1.0 0.407552 0.143005 0.007234 0.011315
0.0 0.363135 0.204218 0.019677 0.015944
0.0 0.330151 0.203704 0.018229 0.015431
0.0 0.401982 0.153421 0.006510 0.003856
0.0 0.290727 0.153806 0.007089 0.004630
1.0 0.481771 0.168981 0.018229 0.070370
1.0 0.550911 0.143981 0.008073 0.021296
1.0 0.492057 0.144213 0.002865 0.021759
1.0 0.455990 0.143519 0.008333 0.021296
1.0 0.512630 0.171991 0.017969 0.077315
1.0 0.443880 0.143519 0.009635 0.021296
1.0 0.537630 0.143750 0.008073 0.020833
1.0 0.535286 0.143519 0.003906 0.019444
1.0 0.458984 0.143519 0.003385 0.019444
1.0 0.547526 0.144213 0.004948 0.018981
1.0 0.472656 0.143981 0.004167 0.007407
1.0 0.446615 0.143648 0.004167 0.019185
1.0 0.502344 0.143981 0.002604 0.021296
1.0 0.436198 0.143005 0.007234 0.011315
0.0 0.480615 0.204218 0.019677 0.015944
0.0 0.513599 0.203704 0.018229 0.015431
0.0 0.441768 0.153421 0.006510 0.003856
0.0 0.553023 0.153806 0.007089 0.004630
1.0 0.674479 0.168981 0.018229 0.070370
1.0 0.605339 0.143981 0.008073 0.021296
1.0 0.664193 0.144213 0.002865 0.021759
1.0 0.700260 0.143519 0.008333 0.021296
1.0 0.643620 0.171991 0.017969 0.077315
1.0 0.712370 0.143519 0.009635 0.021296
1.0 0.618620 0.143750 0.008073 0.020833
1.0 0.620964 0.143519 0.003906 0.019444
1.0 0.697266 0.143519 0.003385 0.019444
1.0 0.608724 0.144213 0.004948 0.018981
1.0 0.683594 0.143981 0.004167 0.007407
1.0 0.709635 0.143648 0.004167 0.019185
1.0 0.653906 0.143981 0.002604 0.021296
1.0 0.720052 0.143005 0.007234 0.011315
0.0 0.675635 0.204218 0.019677 0.015944
0.0 0.642651 0.203704 0.018229 0.015431
0.0 0.714482 0.153421 0.006510 0.003856
0.0 0.603227 0.153806 0.007089 0.004630
1.0 0.794271 0.168981 0.018229 0.070370
1.0 0.863411 0.143981 0.008073 0.021296
1.0 0.804557 0.144213 0.002865 0.021759
1.0 0.768490 0.143519 0.008333 0.021296
1.0 0.825130 0.171991 0.017969 0.077315
1.0 0.756380 0.143519 0.009635 0.021296
1.0 0.850130 0.143750 0.008073 0.020833
1.0 0.847786 0.143519 0.003906 0.019444
1.0 0.771484 0.143519 0.003385 0.019444
1.0 0.860026 0.144213 0.004948 0.018981
1.0 0.785156 0.143981 0.004167 0.007407
1.0 0.759115 0.143648 0.004167 0.019185
1.0 0.814844 0.143981 0.002604 0.021296
1.0 0.748698 0.143005 0.007234 0.011315
0.0 0.793115 0.204218 0.019677 0.015944
0.0 0.826099 0.203704 0.018229 0.015431
0.0 0.754268 0.153421 0.006510 0.003856
0.0 0.865523 0.153806 0.007089 0.004630
1.0 0.986979 0.168981 0.018229 0.070370
1.0 0.917839 0.143981 0.008073 0.021296
1.0 0.976693 0.144213 0.002865 0.021759
1.0 0.956120 0.171991 0.017969 0.077315
1.0 0.931120 0.143750 0.008073 0.020833
1.0 0.933464 0.143519 0.003906 0.019444
1.0 0.921224 0.144213 0.004948 0.018981
1.0 0.996094 0.143981 0.004167 0.007407
1.0 0.966406 0.143981 0.002604 0.021296
0.0 0.988135 0.204218 0.019677 0.015944
0.0 0.955151 0.203704 0.018229 0.015431
0.0 0.915727 0.153806 0.007089 0.004630
1.0 0.049479 0.275463 0.018229 0.070370
1.0 0.039193 0.300231 0.002865 0.021759
1.0 0.075260 0.300926 0.008333 0.021296
1.0 0.018620 0.272454 0.017969 0.077315
1.0 0.087370 0.300926 0.009635 0.021296
1.0 0.072266 0.300926 0.003385 0.019444
1.0 0.058594 0.300463 0.004167 0.007407
1.0 0.084635 0.300796 0.004167 0.019185
1.0 0.028906 0.300463 0.002604 0.021296
1.0 0.095052 0.301440 0.007234 0.011315
0.0 0.050635 0.240227 0.019677 0.015944
0.0 0.017651 0.240741 0.018229 0.015431
0.0 0.089482 0.291023 0.006510 0.003856
1.0 0.169271 0.275463 0.018229 0.070370
1.0 0.238411 0.300463 0.008073 0.021296
1.0 0.179557 0.300231 0.002865 0.021759
1.0 0.143490 0.300926 0.008333 0.021296
1.0 0.200130 0.272454 0.017969 0.077315
1.0 0.131380 0.300926 0.009635 0.021296
1.0 0.225130 0.300694 0.008073 0.020833
1.0 0.222786 0.300926 0.003906 0.019444
1.0 0.146484 0.300926 0.003385 0.019444
1.0 0.235026 0.300231 0.004948 0.018981
1.0 0.160156 0.300463 0.004167 0.007407
1.0 0.134115 0.300796 0.004167 0.019185
1.0 0.189844 0.300463 0.002604 0.021296
1.0 0.123698 0.301440 0.007234 0.011315
0.0 0.168115 0.240227 0.019677 0.015944
0.0 0.201099 0.240741 0.018229 0.015431
0.0 0.129268 0.291023 0.006510 0.003856
0.0 0.240523 0.290639 0.007089 0.004630
1.0 0.361979 0.275463 0.018229 0.070370
1.0 0.292839 0.300463 0.008073 0.021296
1.0 0.351693 0.300231 0.002865 0.021759
1.0 0.387760 0.300926 0.008333 0.021296
1.0 0.331120 0.272454 0.017969 0.077315
1.0 0.399870 0.300926 0.009635 0.021296
1.0 0.306120 0.300694 0.008073 0.020833
1.0 0.308464 0.300926 0.003906 0.019444
1.0 0.384766 0.300926 0.003385 0.019444
1.0 0.296224 0.300231 0.004948 0.018981
1.0 0.371094 0.300463 0.004167 0.007407
1.0 0.397135 0.300796 0.004167 0.019185
1.0 0.341406 0.300463 0.002604 0.021296
1.0 0.407552 0.301440 0.007234 0.011315
0.0 0.363135 0.240227 0.019677 0.015944
0.0 0.330151 0.240741 0.018229 0.015431
0.0 0.401982 0.291023 0.006510 0.003856
0.0 0.290727 0.290639 0.007089 0.004630
1.0 0.481771 0.275463 0.018229 0.070370
1.0 0.550911 0.300463 0.008073 0.021296
1.0 0.492057 0.300231 0.002865 0.021759
1.0 0.455990 0.300926 0.008333 0.021296
1.0 0.512630 0.272454 0.017969 0.077315
1.0 0.443880 0.300926 0.009635 0.021296
1.0 0.537630 0.300694 0.008073 0.020833
1.0 0.535286 0.300926 0.003906 0.019444
1.0 0.458984 0.300926 0.003385 0.019444
1.0 0.547526 0.300231 0.004948 0.018981
1.0 0.472656 0.300463 0.004167 0.007407
1.0 0.446615 0.300796 0.004167 0.019185
1.0 0.502344 0.300463 0.002604 0.021296
1.0 0.436198 0.301440 0.007234 0.011315
0.0 0.480615 0.240227 0.019677 0.015944
0.0 0.513599 0.240741 0.018229 0.015431
0.0 0.441768 0.291023 0.006510 0.003856
0.0 0.553023 0.290639 0.007089 0.004630
1.0 0.674479 0.275463 0.018229 0.070370
1.0 0.605339 0.300463 0.008073 0.021296
1.0 0.664193 0.300231 0.002865 0.021759
1.0 0.700260 0.300926 0.008333 0.021296
1.0 0.643620 0.272454 0.017969 0.077315
1.0 0.712370 0.300926 0.009635 0.021296
1.0 0.618620 0.300694 0.008073 0.020833
1.0 0.620964 0.300926 0.003906 0.019444
1.0 0.697266 0.300926 0.003385 0.019444
1.0 0.608724 0.300231 0.004948 0.018981
1.0 0.683594 0.300463 0.004167 0.007407
1.0 0.709635 0.300796 0.004167 0.019185
1.0 0.653906 0.300463 0.002604 0.021296
1.0 0.720052 0.301440 0.007234 0.011315
0.0 0.675635 0.240227 0.019677 0.015944
0.0 0.642651 0.240741 0.018229 0.015431
0.0 0.714482 0.291023 0.006510 0.003856
0.0 0.603227 0.290639 0.007089 0.004630
1.0 0.794271 0.275463 0.018229 0.070370
1.0 0.863411 0.300463 0.008073 0.021296
1.0 0.804557 0.300231 0.002865 0.021759
1.0 0.768490 0.300926 0.008333 0.021296
1.0 0.825130 0.272454 0.017969 0.077315
1.0 0.756380 0.300926 0.009635 0.021296
1.0 0.850130 0.300694 0.008073 0.020833
1.0 0.847786 0.300926 0.003906 0.019444
1.0 0.771484 0.300926 0.003385 0.019444
1.0 0.860026 0.300231 0.004948 0.018981
1.0 0.785156 0.300463 0.004167 0.007407
1.0 0.759115 0.300796 0.004167 0.019185
1.0 0.814844 0.300463 0.002604 0.021296
1.0 0.748698 0.301440 0.007234 0.011315
0.0 0.793115 0.240227 0.019677 0.015944
0.0 0.826099 0.240741 0.018229 0.015431
0.0 0.754268 0.291023 0.006510 0.003856
0.0 0.865523 0.290639 0.007089 0.004630
1.0 0.986979 0.275463 0.018229 0.070370
1.0 0.917839 0.300463 0.008073 0.021296
1.0 0.976693 0.300231 0.002865 0.021759
1.0 0.956120 0.272454 0.017969 0.077315
1.0 0.931120 0.300694 0.008073 0.020833
1.0 0.933464 0.300926 0.003906 0.019444
1.0 0.921224 0.300231 0.004948 0.018981
1.0 0.996094 0.300463 0.004167 0.007407
1.0 0.966406 0.300463 0.002604 0.021296
0.0 0.988135 0.240227 0.019677 0.015944
0.0 0.955151 0.240741 0.018229 0.015431
0.0 0.915727 0.290639 0.007089 0.004630
1.0 0.049479 0.539352 0.018229 0.070370
1.0 0.039193 0.514583 0.002865 0.021759
1.0 0.075260 0.513889 0.008333 0.021296
1.0 0.018620 0.542361 0.017969 0.077315
1.0 0.087370 0.513889 0.009635 0.021296
1.0 0.072266 0.513889 0.003385 0.019444
1.0 0.058594 0.514352 0.004167 0.007407
1.0 0.084635 0.514019 0.004167 0.019185
1.0 0.028906 0.514352 0.002604 0.021296
1.0 0.095052 0.513375 0.007234 0.011315
0.0 0.050635 0.574588 0.019677 0.015944
0.0 0.017651 0.574074 0.018229 0.015431
0.0 0.089482 0.523792 0.006510 0.003856
1.0 0.169271 0.539352 0.018229 0.070370
1.0 0.238411 0.514352 0.008073 0.021296
1.0 0.179557 0.514583 0.002865 0.021759
1.0 0.143490 0.513889 0.008333 0.021296
1.0 0.200130 0.542361 0.017969 0.077315
1.0 0.131380 0.513889 0.009635 0.021296
1.0 0.225130 0.514120 0.008073 0.020833
1.0 0.222786 0.513889 0.003906 0.019444
1.0 0.146484 0.513889 0.003385 0.019444
1.0 0.235026 0.514583 0.004948 0.018981
1.0 0.160156 0.514352 0.004167 0.007407
1.0 0.134115 0.514019 0.004167 0.019185
1.0 0.189844 0.514352 0.002604 0.021296
1.0 0.123698 0.513375 0.007234 0.011315
0.0 0.168115 0.574588 0.019677 0.015944
0.0 0.201099 0.574074 0.018229 0.015431
0.0 0.129268 0.523792 0.006510 0.003856
0.0 0.240523 0.524176 0.007089 0.004630
1.0 0.361979 0.539352 0.018229 0.070370
1.0 0.292839 0.514352 0.008073 0.021296
1.0 0.351693 0.514583 0.002865 0.021759
1.0 0.387760 0.513889 0.008333 0.021296
1.0 0.331120 0.542361 0.017969 0.077315
1.0 0.399870 0.513889 0.009635 0.021296
1.0 0.306120 0.514120 0.008073 0.020833
1.0 0.308464 0.513889 0.003906 0.019444
1.0 0.384766 0.513889 0.003385 0.019444
1.0 0.296224 0.514583 0.004948 0.018981
1.0 0.371094 0.514352 0.004167 0.007407
1.0 0.397135 0.514019 0.004167 0.019185
1.0 0.341406 0.514352 0.002604 0.021296
1.0 0.407552 0.513375 0.007234 0.011315
0.0 0.363135 0.574588 0.019677 0.015944
0.0 0.330151 0.574074 0.018229 0.015431
0.0 0.401982 0.523792 0.006510 0.003856
0.0 0.290727 0.524176 0.007089 0.004630
1.0 0.481771 0.539352 0.018229 0.070370
1.0 0.550911 0.514352 0.008073 0.021296
1.0 0.492057 0.514583 0.002865 0.021759
1.0 0.455990 0.513889 0.008333 0.021296
1.0 0.512630 0.542361 0.017969 0.077315
1.0 0.443880 0.513889 0.009635 0.021296
1.0 0.537630 0.514120 0.008073 0.020833
1.0 0.535286 0.513889 0.003906 0.019444
1.0 0.458984 0.513889 0.003385 0.019444
1.0 0.547526 0.514583 0.004948 0.018981
1.0 0.472656 0.514352 0.004167 0.007407
1.0 0.446615 0.514019 0.004167 0.019185
1.0 0.502344 0.514352 0.002604 0.021296
1.0 0.436198 0.513375 0.007234 0.011315
0.0 0.480615 0.574588 0.019677 0.015944
0.0 0.513599 0.574074 0.018229 0.015431
0.0 0.441768 0.523792 0.006510 0.003856
0.0 0.553023 0.524176 0.007089 0.004630
1.0 0.674479 0.539352 0.018229 0.070370
1.0 0.605339 0.514352 0.008073 0.021296
1.0 0.664193 0.514583 0.002865 0.021759
1.0 0.700260 0.513889 0.008333 0.021296
1.0 0.643620 0.542361 0.017969 0.077315
1.0 0.712370 0.513889 0.009635 0.021296
1.0 0.618620 0.514120 0.008073 0.020833
1.0 0.620964 0.513889 0.003906 0.019444
1.0 0.697266 0.513889 0.003385 0.019444
1.0 0.608724 0.514583 0.004948 0.018981
1.0 0.683594 0.514352 0.004167 0.007407
1.0 0.709635 0.514019 0.004167 0.019185
1.0 0.653906 0.514352 0.002604 0.021296
1.0 0.720052 0.513375 0.007234 0.011315
0.0 0.675635 0.574588 0.019677 0.015944
0.0 0.642651 0.574074 0.018229 0.015431
0.0 0.714482 0.523792 0.006510 0.003856
0.0 0.603227 0.524176 0.007089 0.004630
1.0 0.794271 0.539352 0.018229 0.070370
1.0 0.863411 0.514352 0.008073 0.021296
1.0 0.804557 0.514583 0.002865 0.021759
1.0 0.768490 0.513889 0.008333 0.021296
1.0 0.825130 0.542361 0.017969 0.077315
1.0 0.756380 0.513889 0.009635 0.021296
1.0 0.850130 0.514120 0.008073 0.020833
1.0 0.847786 0.513889 0.003906 0.019444
1.0 0.771484 0.513889 0.003385 0.019444
1.0 0.860026 0.514583 0.004948 0.018981
1.0 0.785156 0.514352 0.004167 0.007407
1.0 0.759115 0.514019 0.004167 0.019185
1.0 0.814844 0.514352 0.002604 0.021296
1.0 0.748698 0.513375 0.007234 0.011315
0.0 0.793115 0.574588 0.019677 0.015944
0.0 0.826099 0.574074 0.018229 0.015431
0.0 0.754268 0.523792 0.006510 0.003856
0.0 0.865523 0.524176 0.007089 0.004630
1.0 0.986979 0.539352 0.018229 0.070370
1.0 0.917839 0.514352 0.008073 0.021296
1.0 0.976693 0.514583 0.002865 0.021759
1.0 0.956120 0.542361 0.017969 0.077315
1.0 0.931120 0.514120 0.008073 0.020833
1.0 0.933464 0.513889 0.003906 0.019444
1.0 0.921224 0.514583 0.004948 0.018981
1.0 0.996094 0.514352 0.004167 0.007407
1.0 0.966406 0.514352 0.002604 0.021296
0.0 0.988135 0.574588 0.019677 0.015944
0.0 0.955151 0.574074 0.018229 0.015431
0.0 0.915727 0.524176 0.007089 0.004630
1.0 0.049479 0.645833 0.018229 0.070370
1.0 0.039193 0.670602 0.002865 0.021759
1.0 0.075260 0.671296 0.008333 0.021296
1.0 0.018620 0.642824 0.017969 0.077315
1.0 0.087370 0.671296 0.009635 0.021296
1.0 0.072266 0.671296 0.003385 0.019444
1.0 0.058594 0.670833 0.004167 0.007407
1.0 0.084635 0.671167 0.004167 0.019185
1.0 0.028906 0.670833 0.002604 0.021296
1.0 0.095052 0.671810 0.007234 0.011315
0.0 0.050635 0.610597 0.019677 0.015944
0.0 0.017651 0.611111 0.018229 0.015431
0.0 0.089482 0.661394 0.006510 0.003856
1.0 0.169271 0.645833 0.018229 0.070370
1.0 0.238411 0.670833 0.008073 0.021296
1.0 0.179557 0.670602 0.002865 0.021759
1.0 0.143490 0.671296 0.008333 0.021296
1.0 0.200130 0.642824 0.017969 0.077315
1.0 0.131380 0.671296 0.009635 0.021296
1.0 0.225130 0.671065 0.008073 0.020833
1.0 0.222786 0.671296 0.003906 0.019444
1.0 0.146484 0.671296 0.003385 0.019444
1.0 0.235026 0.670602 0.004948 0.018981
1.0 0.160156 0.670833 0.004167 0.007407
1.0 0.134115 0.671167 0.004167 0.019185
1.0 0.189844 0.670833 0.002604 0.021296
1.0 0.123698 0.671810 0.007234 0.011315
0.0 0.168115 0.610597 0.019677 0.015944
0.0 0.201099 0.611111 0.018229 0.015431
0.0 0.129268 0.661394 0.006510 0.003856
0.0 0.240523 0.661009 0.007089 0.004630
1.0 0.361979 0.645833 0.018229 0.070370
1.0 0.292839 0.670833 0.008073 0.021296
1.0 0.351693 0.670602 0.002865 0.021759
1.0 0.387760 0.671296 0.008333 0.021296
1.0 0.331120 0.642824 0.017969 0.077315
1.0 0.399870 0.671296 0.009635 0.021296
1.0 0.306120 0.671065 0.008073 0.020833
1.0 0.308464 0.671296 0.003906 0.019444
1.0 0.384766 0.671296 0.003385 0.019444
1.0 0.296224 0.670602 0.004948 0.018981
1.0 0.371094 0.670833 0.004167 0.007407
1.0 0.397135 0.671167 0.004167 0.019185
1.0 0.341406 0.670833 0.002604 0.021296
1.0 0.407552 0.671810 0.007234 0.011315
0.0 0.363135 0.610597 0.019677 0.015944
0.0 0.330151 0.611111 0.018229 0.015431
0.0 0.401982 0.661394 0.006510 0.003856
0.0 0.290727 0.661009 0.007089 0.004630
1.0 0.481771 0.645833 0.018229 0.070370
1.0 0.550911 0.670833 0.008073 0.021296
1.0 0.492057 0.670602 0.002865 0.021759
1.0 0.455990 0.671296 0.008333 0.021296
1.0 0.512630 0.642824 0.017969 0.077315
1.0 0.443880 0.671296 0.009635 0.021296
1.0 0.537630 0.671065 0.008073 0.020833
1.0 0.535286 0.671296 0.003906 0.019444
1.0 0.458984 0.671296 0.003385 0.019444
1.0 0.547526 0.670602 0.004948 0.018981
1.0 0.472656 0.670833 0.004167 0.007407
1.0 0.446615 0.671167 0.004167 0.019185
1.0 0.502344 0.670833 0.002604 0.021296
1.0 0.436198 0.671810 0.007234 0.011315
0.0 0.480615 0.610597 0.019677 0.015944
0.0 0.513599 0.611111 0.018229 0.015431
0.0 0.441768 0.661394 0.006510 0.003856
0.0 0.553023 0.661009 0.007089 0.004630
1.0 0.674479 0.645833 0.018229 0.070370
1.0 0.605339 0.670833 0.008073 0.021296
1.0 0.664193 0.670602 0.002865 0.021759
1.0 0.700260 0.671296 0.008333 0.021296
1.0 0.643620 0.642824 0.017969 0.077315
1.0 0.712370 0.671296 0.009635 0.021296
1.0 0.618620 0.671065 0.008073 0.020833
1.0 0.620964 0.671296 0.003906 0.019444
1.0 0.697266 0.671296 0.003385 0.019444
1.0 0.608724 0.670602 0.004948 0.018981
1.0 0.683594 0.670833 0.004167 0.007407
1.0 0.709635 0.671167 0.004167 0.019185
1.0 0.653906 0.670833 0.002604 0.021296
1.0 0.720052 0.671810 0.007234 0.011315
0.0 0.675635 0.610597 0.019677 0.015944
0.0 0.642651 0.611111 0.018229 0.015431
0.0 0.714482 0.661394 0.006510 0.003856
0.0 0.603227 0.661009 0.007089 0.004630
1.0 0.794271 0.645833 0.018229 0.070370
1.0 0.863411 0.670833 0.008073 0.021296
1.0 0.804557 0.670602 0.002865 0.021759
1.0 0.768490 0.671296 0.008333 0.021296
1.0 0.825130 0.642824 0.017969 0.077315
1.0 0.756380 0.671296 0.009635 0.021296
1.0 0.850130 0.671065 0.008073 0.020833
1.0 0.847786 0.671296 0.003906 0.019444
1.0 0.771484 0.671296 0.003385 0.019444
1.0 0.860026 0.670602 0.004948 0.018981
1.0 0.785156 0.670833 0.004167 0.007407
1.0 0.759115 0.671167 0.004167 0.019185
1.0 0.814844 0.670833 0.002604 0.021296
1.0 0.748698 0.671810 0.007234 0.011315
0.0 0.793115 0.610597 0.019677 0.015944
0.0 0.826099 0.611111 0.018229 0.015431
0.0 0.754268 0.661394 0.006510 0.003856
0.0 0.865523 0.661009 0.007089 0.004630
1.0 0.986979 0.645833 0.018229 0.070370
1.0 0.917839 0.670833 0.008073 0.021296
1.0 0.976693 0.670602 0.002865 0.021759
1.0 0.956120 0.642824 0.017969 0.077315
1.0 0.931120 0.671065 0.008073 0.020833
1.0 0.933464 0.671296 0.003906 0.019444
1.0 0.921224 0.670602 0.004948 0.018981
1.0 0.996094 0.670833 0.004167 0.007407
1.0 0.966406 0.670833 0.002604 0.021296
0.0 0.988135 0.610597 0.019677 0.015944
0.0 0.955151 0.611111 0.018229 0.015431
0.0 0.915727 0.661009 0.007089 0.004630
1.0 0.049479 0.909722 0.018229 0.070370
1.0 0.039193 0.884954 0.002865 0.021759
1.0 0.075260 0.884259 0.008333 0.021296
1.0 0.018620 0.912731 0.017969 0.077315
1.0 0.087370 0.884259 0.009635 0.021296
1.0 0.072266 0.884259 0.003385 0.019444
1.0 0.058594 0.884722 0.004167 0.007407
1.0 0.084635 0.884389 0.004167 0.019185
1.0 0.028906 0.884722 0.002604 0.021296
1.0 0.095052 0.883745 0.007234 0.011315
0.0 0.050635 0.944958 0.019677 0.015944
0.0 0.017651 0.944444 0.018229 0.015431
0.0 0.089482 0.894162 0.006510 0.003856
1.0 0.169271 0.909722 0.018229 0.070370
1.0 0.238411 0.884722 0.008073 0.021296
1.0 0.179557 0.884954 0.002865 0.021759
1.0 0.143490 0.884259 0.008333 0.021296
1.0 0.200130 0.912731 0.017969 0.077315
1.0 0.131380 0.884259 0.009635 0.021296
1.0 0.225130 0.884491 0.008073 0.020833
1.0 0.222786 0.884259 0.003906 0.019444
1.0 0.146484 0.884259 0.003385 0.019444
1.0 0.235026 0.884954 0.004948 0.018981
1.0 0.160156 0.884722 0.004167 0.007407
1.0 0.134115 0.884389 0.004167 0.019185
1.0 0.189844 0.884722 0.002604 0.021296
1.0 0.123698 0.883745 0.007234 0.011315
0.0 0.168115 0.944958 0.019677 0.015944
0.0 0.201099 0.944444 0.018229 0.015431
0.0 0.129268 0.894162 0.006510 0.003856
0.0 0.240523 0.894546 0.007089 0.004630
1.0 0.361979 0.909722 0.018229 0.070370
1.0 0.292839 0.884722 0.008073 0.021296
1.0 0.351693 0.884954 0.002865 0.021759
1.0 0.387760 0.884259 0.008333 0.021296
1.0 0.331120 0.912731 0.017969 0.077315
1.0 0.399870 0.884259 0.009635 0.021296
1.0 0.306120 0.884491 0.008073 0.020833
1.0 0.308464 0.884259 0.003906 0.019444
1.0 0.384766 0.884259 0.003385 0.019444
1.0 0.296224 0.884954 0.004948 0.018981
1.0 0.371094 0.884722 0.004167 0.007407
1.0 0.397135 0.884389 0.004167 0.019185
1.0 0.341406 0.884722 0.002604 0.021296
1.0 0.407552 0.883745 0.007234 0.011315
0.0 0.363135 0.944958 0.019677 0.015944
0.0 0.330151 0.944444 0.018229 0.015431
0.0 0.401982 0.894162 0.006510 0.003856
0.0 0.290727 0.894546 0.007089 0.004630
1.0 0.481771 0.909722 0.018229 0.070370
1.0 0.550911 0.884722 0.008073 0.021296
1.0 0.492057 0.884954 0.002865 0.021759
1.0 0.455990 0.884259 0.008333 0.021296
1.0 0.512630 0.912731 0.017969 0.077315
1.0 0.443880 0.884259 0.009635 0.021296
1.0 0.537630 0.884491 0.008073 0.020833
1.0 0.535286 0.884259 0.003906 0.019444
1.0 0.458984 0.884259 0.003385 0.019444
1.0 0.547526 0.884954 0.004948 0.018981
1.0 0.472656 0.884722 0.004167 0.007407
1.0 0.446615 0.884389 0.004167 0.019185
1.0 0.502344 0.884722 0.002604 0.021296
1.0 0.436198 0.883745 0.007234 0.011315
0.0 0.480615 0.944958 0.019677 0.015944
0.0 0.513599 0.944444 0.018229 0.015431
0.0 0.441768 0.894162 0.006510 0.003856
0.0 0.553023 0.894546 0.007089 0.004630
1.0 0.674479 0.909722 0.018229 0.070370
1.0 0.605339 0.884722 0.008073 0.021296
1.0 0.664193 0.884954 0.002865 0.021759
1.0 0.700260 0.884259 0.008333 0.021296
1.0 0.643620 0.912731 0.017969 0.077315
1.0 0.712370 0.884259 0.009635 0.021296
1.0 0.618620 0.884491 0.008073 0.020833
1.0 0.620964 0.884259 0.003906 0.019444
1.0 0.697266 0.884259 0.003385 0.019444
1.0 0.608724 0.884954 0.004948 0.018981
1.0 0.683594 0.884722 0.004167 0.007407
1.0 0.709635 0.884389 0.004167 0.019185
1.0 0.653906 0.884722 0.002604 0.021296
1.0 0.720052 0.883745 0.007234 0.011315
0.0 0.675635 0.944958 0.019677 0.015944
0.0 0.642651 0.944444 0.018229 0.015431
0.0 0.714482 0.894162 0.006510 0.003856
0.0 0.603227 0.894546 0.007089 0.004630
1.0 0.794271 0.909722 0.018229 0.070370
1.0 0.863411 0.884722 0.008073 0.021296
1.0 0.804557 0.884954 0.002865 0.021759
1.0 0.768490 0.884259 0.008333 0.021296
1.0 0.825130 0.912731 0.017969 0.077315
1.0 0.756380 0.884259 0.009635 0.021296
1.0 0.850130 0.884491 0.008073 0.020833
1.0 0.847786 0.884259 0.003906 0.019444
1.0 0.771484 0.884259 0.003385 0.019444
1.0 0.860026 0.884954 0.004948 0.018981
1.0 0.785156 0.884722 0.004167 0.007407
1.0 0.759115 0.884389 0.004167 0.019185
1.0 0.814844 0.884722 0.002604 0.021296
1.0 0.748698 0.883745 0.007234 0.011315
0.0 0.793115 0.944958 0.019677 0.015944
0.0 0.826099 0.944444 0.018229 0.015431
0.0 0.754268 0.894162 0.006510 0.003856
0.0 0.865523 0.894546 0.007089 0.004630
1.0 0.986979 0.909722 0.018229 0.070370
1.0 0.917839 0.884722 0.008073 0.021296
1.0 0.976693 0.884954 0.002865 0.021759
1.0 0.956120 0.912731 0.017969 0.077315
1.0 0.931120 0.884491 0.008073 0.020833
1.0 0.933464 0.884259 0.003906 0.019444
1.0 0.921224 0.884954 0.004948 0.018981
1.0 0.996094 0.884722 0.004167 0.007407
1.0 0.966406 0.884722 0.002604 0.021296
0.0 0.988135 0.944958 0.019677 0.015944
0.0 0.955151 0.944444 0.018229 0.015431
0.0 0.915727 0.894546 0.007089 0.004630
1.0 0.049479 0.990509 0.018229 0.018981
1.0 0.018620 0.987269 0.017969 0.025463
0.0 0.050635 0.980968 0.019677 0.015944
0.0 0.017651 0.981481 0.018229 0.015431
1.0 0.169271 0.990509 0.018229 0.018981
1.0 0.200130 0.987269 0.017969 0.025463
0.0 0.168115 0.980968 0.019677 0.015944
0.0 0.201099 0.981481 0.018229 0.015431
1.0 0.361979 0.990509 0.018229 0.018981
1.0 0.331120 0.987269 0.017969 0.025463
0.0 0.363135 0.980968 0.019677 0.015944
0.0 0.330151 0.981481 0.018229 0.015431
1.0 0.481771 0.990509 0.018229 0.018981
1.0 0.512630 0.987269 0.017969 0.025463
0.0 0.480615 0.980968 0.019677 0.015944
0.0 0.513599 0.981481 0.018229 0.015431
1.0 0.674479 0.990509 0.018229 0.018981
1.0 0.643620 0.987269 0.017969 0.025463
0.0 0.675635 0.980968 0.019677 0.015944
0.0 0.642651 0.981481 0.018229 0.015431
1.0 0.794271 0.990509 0.018229 0.018981
1.0 0.825130 0.987269 0.017969 0.025463
0.0 0.793115 0.980968 0.019677 0.015944
0.0 0.826099 0.981481 0.018229 0.015431
1.0 0.986979 0.990509 0.018229 0.018981
1.0 0.956120 0.987269 0.017969 0.025463
0.0 0.988135 0.980968 0.019677 0.015944
0.0 0.955151 0.981481 0.018229 0.015431
