1.0 0.505046 0.027115 0.150061 0.054230
1.0 0.114260 0.579219 0.228521 0.447118
1.0 0.034993 0.556382 0.069985 0.435111
1.0 0.390158 0.579219 0.237357 0.447118
1.0 0.505046 0.556382 0.150061 0.435111
0.0 0.668869 0.696328 0.120195 0.212900
1.0 0.959962 0.556382 0.080076 0.435111
0.0 0.831131 0.696328 0.120195 0.212900
1.0 0.114260 0.901389 0.228521 0.197222
1.0 0.034993 0.915809 0.069985 0.168382
1.0 0.390158 0.901389 0.237357 0.197222
1.0 0.505046 0.915809 0.150061 0.168382
0.0 0.668869 0.901389 0.120195 0.197222
1.0 0.959962 0.915809 0.080076 0.168382
0.0 0.831131 0.901389 0.120195 0.197222
