1.0 0.085601 0.070276 0.047549 0.140552
1.0 0.133149 0.070276 0.047549 0.140552
1.0 0.606434 0.070276 0.047549 0.140552
1.0 0.653983 0.070276 0.047549 0.140552
1.0 0.085601 0.508909 0.047549 0.224847
0.0 0.066409 0.584092 0.085932 0.066990
1.0 0.133149 0.508909 0.047549 0.224847
0.0 0.152341 0.584092 0.085932 0.066990
1.0 0.606434 0.508909 0.047549 0.224847
0.0 0.587242 0.584092 0.085932 0.066990
1.0 0.653983 0.508909 0.047549 0.224847
0.0 0.673174 0.584092 0.085932 0.066990
1.0 0.085601 0.920815 0.047549 0.158369
0.0 0.066409 0.878871 0.085932 0.066990
1.0 0.133149 0.920815 0.047549 0.158369
0.0 0.152341 0.878871 0.085932 0.066990
1.0 0.606434 0.920815 0.047549 0.158369
0.0 0.587242 0.878871 0.085932 0.066990
1.0 0.653983 0.920815 0.047549 0.158369
0.0 0.673174 0.878871 0.085932 0.066990
