1.0 0.024089 0.048148 0.048177 0.096296
1.0 0.154160 0.048148 0.082229 0.096296
1.0 0.082358 0.048148 0.068362 0.096296
1.0 0.303653 0.048148 0.082229 0.096296
1.0 0.375455 0.048148 0.068362 0.096296
1.0 0.515618 0.048148 0.082229 0.096296
1.0 0.443816 0.048148 0.068362 0.096296
1.0 0.665111 0.048148 0.082229 0.096296
1.0 0.736913 0.048148 0.068362 0.096296
1.0 0.877076 0.048148 0.082229 0.096296
1.0 0.805275 0.048148 0.068362 0.096296
1.0 0.992727 0.048148 0.014545 0.096296
1.0 0.024089 0.171744 0.048177 0.150896
1.0 0.154160 0.178803 0.082229 0.165013
1.0 0.082358 0.171744 0.068362 0.150896
1.0 0.303653 0.178803 0.082229 0.165013
1.0 0.375455 0.171744 0.068362 0.150896
1.0 0.515618 0.178803 0.082229 0.165013
1.0 0.443816 0.171744 0.068362 0.150896
1.0 0.665111 0.178803 0.082229 0.165013
1.0 0.736913 0.171744 0.068362 0.150896
1.0 0.877076 0.178803 0.082229 0.165013
1.0 0.805275 0.171744 0.068362 0.150896
1.0 0.992727 0.178803 0.014545 0.165013
1.0 0.024089 0.558811 0.048177 0.150896
1.0 0.154160 0.551753 0.082229 0.165013
1.0 0.082358 0.558811 0.068362 0.150896
1.0 0.303653 0.551753 0.082229 0.165013
1.0 0.375455 0.558811 0.068362 0.150896
1.0 0.515618 0.551753 0.082229 0.165013
1.0 0.443816 0.558811 0.068362 0.150896
1.0 0.665111 0.551753 0.082229 0.165013
1.0 0.736913 0.558811 0.068362 0.150896
1.0 0.877076 0.551753 0.082229 0.165013
1.0 0.805275 0.558811 0.068362 0.150896
1.0 0.992727 0.551753 0.014545 0.165013
1.0 0.024089 0.709707 0.048177 0.150896
1.0 0.154160 0.716766 0.082229 0.165013
1.0 0.082358 0.709707 0.068362 0.150896
1.0 0.303653 0.716766 0.082229 0.165013
1.0 0.375455 0.709707 0.068362 0.150896
1.0 0.515618 0.716766 0.082229 0.165013
1.0 0.443816 0.709707 0.068362 0.150896
1.0 0.665111 0.716766 0.082229 0.165013
1.0 0.736913 0.709707 0.068362 0.150896
1.0 0.877076 0.716766 0.082229 0.165013
1.0 0.805275 0.709707 0.068362 0.150896
1.0 0.992727 0.716766 0.014545 0.165013
