1.0 0.146890 0.148751 0.080213 0.164312
1.0 0.186797 0.165137 0.055211 0.155850
0.0 0.183503 0.095187 0.042288 0.057456
0.0 0.110733 0.084606 0.031922 0.053531
1.0 0.540610 0.148751 0.080213 0.164312
1.0 0.500703 0.165137 0.055211 0.155850
0.0 0.503997 0.095187 0.042288 0.057456
0.0 0.576767 0.084606 0.031922 0.053531
1.0 0.771890 0.148751 0.080213 0.164312
1.0 0.811797 0.165137 0.055211 0.155850
0.0 0.808503 0.095187 0.042288 0.057456
0.0 0.735733 0.084606 0.031922 0.053531
1.0 0.146890 0.507499 0.080213 0.164312
1.0 0.186797 0.491113 0.055211 0.155850
0.0 0.183503 0.561063 0.042288 0.057456
0.0 0.110733 0.571644 0.031922 0.053531
1.0 0.540610 0.507499 0.080213 0.164312
1.0 0.500703 0.491113 0.055211 0.155850
0.0 0.503997 0.561063 0.042288 0.057456
0.0 0.576767 0.571644 0.031922 0.053531
1.0 0.771890 0.507499 0.080213 0.164312
1.0 0.811797 0.491113 0.055211 0.155850
0.0 0.808503 0.561063 0.042288 0.057456
0.0 0.735733 0.571644 0.031922 0.053531
1.0 0.146890 0.836251 0.080213 0.164312
1.0 0.186797 0.852637 0.055211 0.155850
0.0 0.183503 0.782687 0.042288 0.057456
0.0 0.110733 0.772106 0.031922 0.053531
1.0 0.540610 0.836251 0.080213 0.164312
1.0 0.500703 0.852637 0.055211 0.155850
0.0 0.503997 0.782687 0.042288 0.057456
0.0 0.576767 0.772106 0.031922 0.053531
1.0 0.771890 0.836251 0.080213 0.164312
1.0 0.811797 0.852637 0.055211 0.155850
0.0 0.808503 0.782687 0.042288 0.057456
0.0 0.735733 0.772106 0.031922 0.053531
