1.0 0.024204 0.110063 0.048407 0.173377
0.0 0.026096 0.031737 0.052192 0.063475
0.0 0.042975 0.039057 0.085951 0.073541
1.0 0.231293 0.110063 0.059401 0.173377
1.0 0.303318 0.124324 0.054945 0.170763
0.0 0.276969 0.031737 0.158322 0.063475
0.0 0.230085 0.039057 0.132071 0.073541
1.0 0.518707 0.110063 0.059401 0.173377
1.0 0.446682 0.124324 0.054945 0.170763
0.0 0.473031 0.031737 0.158322 0.063475
0.0 0.519915 0.039057 0.132071 0.073541
1.0 0.731293 0.110063 0.059401 0.173377
1.0 0.803318 0.124324 0.054945 0.170763
0.0 0.776969 0.031737 0.158322 0.063475
0.0 0.730085 0.039057 0.132071 0.073541
1.0 0.994503 0.110063 0.010994 0.173377
1.0 0.946682 0.124324 0.054945 0.170763
0.0 0.946935 0.031737 0.106130 0.063475
0.0 0.976940 0.039057 0.046120 0.073541
1.0 0.024204 0.556604 0.048407 0.173377
0.0 0.026096 0.634929 0.052192 0.063475
0.0 0.042975 0.627609 0.085951 0.073541
1.0 0.231293 0.556604 0.059401 0.173377
1.0 0.303318 0.542342 0.054945 0.170763
0.0 0.276969 0.634929 0.158322 0.063475
0.0 0.230085 0.627609 0.132071 0.073541
1.0 0.518707 0.556604 0.059401 0.173377
1.0 0.446682 0.542342 0.054945 0.170763
0.0 0.473031 0.634929 0.158322 0.063475
0.0 0.519915 0.627609 0.132071 0.073541
1.0 0.731293 0.556604 0.059401 0.173377
1.0 0.803318 0.542342 0.054945 0.170763
0.0 0.776969 0.634929 0.158322 0.063475
0.0 0.730085 0.627609 0.132071 0.073541
1.0 0.994503 0.556604 0.010994 0.173377
1.0 0.946682 0.542342 0.054945 0.170763
0.0 0.946935 0.634929 0.106130 0.063475
0.0 0.976940 0.627609 0.046120 0.073541
1.0 0.024204 0.776729 0.048407 0.173377
0.0 0.026096 0.698404 0.052192 0.063475
0.0 0.042975 0.705724 0.085951 0.073541
1.0 0.231293 0.776729 0.059401 0.173377
1.0 0.303318 0.790991 0.054945 0.170763
0.0 0.276969 0.698404 0.158322 0.063475
0.0 0.230085 0.705724 0.132071 0.073541
1.0 0.518707 0.776729 0.059401 0.173377
1.0 0.446682 0.790991 0.054945 0.170763
0.0 0.473031 0.698404 0.158322 0.063475
0.0 0.519915 0.705724 0.132071 0.073541
1.0 0.731293 0.776729 0.059401 0.173377
1.0 0.803318 0.790991 0.054945 0.170763
0.0 0.776969 0.698404 0.158322 0.063475
0.0 0.730085 0.705724 0.132071 0.073541
1.0 0.994503 0.776729 0.010994 0.173377
1.0 0.946682 0.790991 0.054945 0.170763
0.0 0.946935 0.698404 0.106130 0.063475
0.0 0.976940 0.705724 0.046120 0.073541
