0.0 0.277739 0.012881 0.073437 0.025761
0.0 0.461844 0.012881 0.073437 0.025761
0.0 0.798573 0.012881 0.073437 0.025761
0.0 0.972979 0.012881 0.054041 0.025761
1.0 0.035243 0.227715 0.070486 0.236236
0.0 0.062671 0.167831 0.028887 0.077806
1.0 0.353307 0.224315 0.016365 0.078281
1.0 0.339194 0.225620 0.016365 0.078281
1.0 0.228439 0.227715 0.160351 0.236236
0.0 0.156079 0.167831 0.028887 0.077806
1.0 0.308882 0.246893 0.055542 0.197881
0.0 0.277739 0.116172 0.073437 0.132015
1.0 0.386276 0.224315 0.016365 0.078281
1.0 0.400389 0.225620 0.016365 0.078281
1.0 0.511144 0.227715 0.160351 0.236236
0.0 0.583504 0.167831 0.028887 0.077806
1.0 0.430702 0.246893 0.055542 0.197881
0.0 0.461844 0.116172 0.073437 0.132015
1.0 0.874141 0.224315 0.016365 0.078281
1.0 0.860027 0.225620 0.016365 0.078281
1.0 0.749273 0.227715 0.160351 0.236236
0.0 0.676912 0.167831 0.028887 0.077806
1.0 0.829715 0.246893 0.055542 0.197881
0.0 0.798573 0.116172 0.073437 0.132015
1.0 0.907109 0.224315 0.016365 0.078281
1.0 0.921223 0.225620 0.016365 0.078281
1.0 0.975901 0.227715 0.048198 0.236236
1.0 0.951535 0.246893 0.055542 0.197881
0.0 0.972979 0.116172 0.054041 0.132015
1.0 0.035243 0.463952 0.070486 0.236236
0.0 0.062671 0.523836 0.028887 0.077806
1.0 0.353307 0.467351 0.016365 0.078281
1.0 0.339194 0.466046 0.016365 0.078281
1.0 0.228439 0.463952 0.160351 0.236236
0.0 0.156079 0.523836 0.028887 0.077806
1.0 0.308882 0.444774 0.055542 0.197881
0.0 0.277739 0.575495 0.073437 0.132015
1.0 0.386276 0.467351 0.016365 0.078281
1.0 0.400389 0.466046 0.016365 0.078281
1.0 0.511144 0.463952 0.160351 0.236236
0.0 0.583504 0.523836 0.028887 0.077806
1.0 0.430702 0.444774 0.055542 0.197881
0.0 0.461844 0.575495 0.073437 0.132015
1.0 0.874141 0.467351 0.016365 0.078281
1.0 0.860027 0.466046 0.016365 0.078281
1.0 0.749273 0.463952 0.160351 0.236236
0.0 0.676912 0.523836 0.028887 0.077806
1.0 0.829715 0.444774 0.055542 0.197881
0.0 0.798573 0.575495 0.073437 0.132015
1.0 0.907109 0.467351 0.016365 0.078281
1.0 0.921223 0.466046 0.016365 0.078281
1.0 0.975901 0.463952 0.048198 0.236236
1.0 0.951535 0.444774 0.055542 0.197881
0.0 0.972979 0.575495 0.054041 0.132015
1.0 0.035243 0.843456 0.070486 0.236236
0.0 0.062671 0.783571 0.028887 0.077806
1.0 0.353307 0.840056 0.016365 0.078281
1.0 0.339194 0.841361 0.016365 0.078281
1.0 0.228439 0.843456 0.160351 0.236236
0.0 0.156079 0.783571 0.028887 0.077806
1.0 0.308882 0.862633 0.055542 0.197881
0.0 0.277739 0.731913 0.073437 0.132015
1.0 0.386276 0.840056 0.016365 0.078281
1.0 0.400389 0.841361 0.016365 0.078281
1.0 0.511144 0.843456 0.160351 0.236236
0.0 0.583504 0.783571 0.028887 0.077806
1.0 0.430702 0.862633 0.055542 0.197881
0.0 0.461844 0.731913 0.073437 0.132015
1.0 0.874141 0.840056 0.016365 0.078281
1.0 0.860027 0.841361 0.016365 0.078281
1.0 0.749273 0.843456 0.160351 0.236236
0.0 0.676912 0.783571 0.028887 0.077806
1.0 0.829715 0.862633 0.055542 0.197881
0.0 0.798573 0.731913 0.073437 0.132015
1.0 0.907109 0.840056 0.016365 0.078281
1.0 0.921223 0.841361 0.016365 0.078281
1.0 0.975901 0.843456 0.048198 0.236236
1.0 0.951535 0.862633 0.055542 0.197881
0.0 0.972979 0.731913 0.054041 0.132015
1.0 0.035243 0.980787 0.070486 0.038426
1.0 0.228439 0.980787 0.160351 0.038426
1.0 0.308882 0.980787 0.055542 0.038426
1.0 0.511144 0.980787 0.160351 0.038426
1.0 0.430702 0.980787 0.055542 0.038426
1.0 0.749273 0.980787 0.160351 0.038426
1.0 0.829715 0.980787 0.055542 0.038426
1.0 0.951535 0.980787 0.055542 0.038426
