1.0 0.009992 0.054010 0.019983 0.062927
1.0 0.050331 0.092643 0.014555 0.021350
0.0 0.016553 0.032117 0.025744 0.034231
1.0 0.164021 0.054010 0.041446 0.062927
1.0 0.112951 0.092643 0.014555 0.021350
0.0 0.146729 0.032117 0.025744 0.034231
0.0 0.177901 0.035368 0.017758 0.020813
1.0 0.238323 0.054010 0.041446 0.062927
1.0 0.289393 0.092643 0.014555 0.021350
0.0 0.255615 0.032117 0.025744 0.034231
0.0 0.224443 0.035368 0.017758 0.020813
1.0 0.403083 0.054010 0.041446 0.062927
1.0 0.352013 0.092643 0.014555 0.021350
0.0 0.385791 0.032117 0.025744 0.034231
0.0 0.416963 0.035368 0.017758 0.020813
1.0 0.477385 0.054010 0.041446 0.062927
1.0 0.528456 0.092643 0.014555 0.021350
0.0 0.494678 0.032117 0.025744 0.034231
0.0 0.463505 0.035368 0.017758 0.020813
1.0 0.642146 0.054010 0.041446 0.062927
1.0 0.591076 0.092643 0.014555 0.021350
0.0 0.624854 0.032117 0.025744 0.034231
0.0 0.656026 0.035368 0.017758 0.020813
1.0 0.716448 0.054010 0.041446 0.062927
1.0 0.767518 0.092643 0.014555 0.021350
0.0 0.733740 0.032117 0.025744 0.034231
0.0 0.702568 0.035368 0.017758 0.020813
1.0 0.881208 0.054010 0.041446 0.062927
1.0 0.830138 0.092643 0.014555 0.021350
0.0 0.863916 0.032117 0.025744 0.034231
0.0 0.895088 0.035368 0.017758 0.020813
1.0 0.955510 0.054010 0.041446 0.062927
0.0 0.972803 0.032117 0.025744 0.034231
0.0 0.941630 0.035368 0.017758 0.020813
1.0 0.009992 0.237656 0.019983 0.062927
1.0 0.050331 0.199023 0.014555 0.021350
0.0 0.016553 0.259550 0.025744 0.034231
1.0 0.164021 0.237656 0.041446 0.062927
1.0 0.112951 0.199023 0.014555 0.021350
0.0 0.146729 0.259550 0.025744 0.034231
0.0 0.177901 0.256299 0.017758 0.020813
1.0 0.238323 0.237656 0.041446 0.062927
1.0 0.289393 0.199023 0.014555 0.021350
0.0 0.255615 0.259550 0.025744 0.034231
0.0 0.224443 0.256299 0.017758 0.020813
1.0 0.403083 0.237656 0.041446 0.062927
1.0 0.352013 0.199023 0.014555 0.021350
0.0 0.385791 0.259550 0.025744 0.034231
0.0 0.416963 0.256299 0.017758 0.020813
1.0 0.477385 0.237656 0.041446 0.062927
1.0 0.528456 0.199023 0.014555 0.021350
0.0 0.494678 0.259550 0.025744 0.034231
0.0 0.463505 0.256299 0.017758 0.020813
1.0 0.642146 0.237656 0.041446 0.062927
1.0 0.591076 0.199023 0.014555 0.021350
0.0 0.624854 0.259550 0.025744 0.034231
0.0 0.656026 0.256299 0.017758 0.020813
1.0 0.716448 0.237656 0.041446 0.062927
1.0 0.767518 0.199023 0.014555 0.021350
0.0 0.733740 0.259550 0.025744 0.034231
0.0 0.702568 0.256299 0.017758 0.020813
1.0 0.881208 0.237656 0.041446 0.062927
1.0 0.830138 0.199023 0.014555 0.021350
0.0 0.863916 0.259550 0.025744 0.034231
0.0 0.895088 0.256299 0.017758 0.020813
1.0 0.955510 0.237656 0.041446 0.062927
0.0 0.972803 0.259550 0.025744 0.034231
0.0 0.941630 0.256299 0.017758 0.020813
1.0 0.009992 0.337344 0.019983 0.062927
1.0 0.050331 0.375977 0.014555 0.021350
0.0 0.016553 0.315450 0.025744 0.034231
1.0 0.164021 0.337344 0.041446 0.062927
1.0 0.112951 0.375977 0.014555 0.021350
0.0 0.146729 0.315450 0.025744 0.034231
0.0 0.177901 0.318701 0.017758 0.020813
1.0 0.238323 0.337344 0.041446 0.062927
1.0 0.289393 0.375977 0.014555 0.021350
0.0 0.255615 0.315450 0.025744 0.034231
0.0 0.224443 0.318701 0.017758 0.020813
1.0 0.403083 0.337344 0.041446 0.062927
1.0 0.352013 0.375977 0.014555 0.021350
0.0 0.385791 0.315450 0.025744 0.034231
0.0 0.416963 0.318701 0.017758 0.020813
1.0 0.477385 0.337344 0.041446 0.062927
1.0 0.528456 0.375977 0.014555 0.021350
0.0 0.494678 0.315450 0.025744 0.034231
0.0 0.463505 0.318701 0.017758 0.020813
1.0 0.642146 0.337344 0.041446 0.062927
1.0 0.591076 0.375977 0.014555 0.021350
0.0 0.624854 0.315450 0.025744 0.034231
0.0 0.656026 0.318701 0.017758 0.020813
1.0 0.716448 0.337344 0.041446 0.062927
1.0 0.767518 0.375977 0.014555 0.021350
0.0 0.733740 0.315450 0.025744 0.034231
0.0 0.702568 0.318701 0.017758 0.020813
1.0 0.881208 0.337344 0.041446 0.062927
1.0 0.830138 0.375977 0.014555 0.021350
0.0 0.863916 0.315450 0.025744 0.034231
0.0 0.895088 0.318701 0.017758 0.020813
1.0 0.955510 0.337344 0.041446 0.062927
0.0 0.972803 0.315450 0.025744 0.034231
0.0 0.941630 0.318701 0.017758 0.020813
1.0 0.009992 0.520990 0.019983 0.062927
1.0 0.050331 0.482357 0.014555 0.021350
0.0 0.016553 0.542883 0.025744 0.034231
1.0 0.164021 0.520990 0.041446 0.062927
1.0 0.112951 0.482357 0.014555 0.021350
0.0 0.146729 0.542883 0.025744 0.034231
0.0 0.177901 0.539632 0.017758 0.020813
1.0 0.238323 0.520990 0.041446 0.062927
1.0 0.289393 0.482357 0.014555 0.021350
0.0 0.255615 0.542883 0.025744 0.034231
0.0 0.224443 0.539632 0.017758 0.020813
1.0 0.403083 0.520990 0.041446 0.062927
1.0 0.352013 0.482357 0.014555 0.021350
0.0 0.385791 0.542883 0.025744 0.034231
0.0 0.416963 0.539632 0.017758 0.020813
1.0 0.477385 0.520990 0.041446 0.062927
1.0 0.528456 0.482357 0.014555 0.021350
0.0 0.494678 0.542883 0.025744 0.034231
0.0 0.463505 0.539632 0.017758 0.020813
1.0 0.642146 0.520990 0.041446 0.062927
1.0 0.591076 0.482357 0.014555 0.021350
0.0 0.624854 0.542883 0.025744 0.034231
0.0 0.656026 0.539632 0.017758 0.020813
1.0 0.716448 0.520990 0.041446 0.062927
1.0 0.767518 0.482357 0.014555 0.021350
0.0 0.733740 0.542883 0.025744 0.034231
0.0 0.702568 0.539632 0.017758 0.020813
1.0 0.881208 0.520990 0.041446 0.062927
1.0 0.830138 0.482357 0.014555 0.021350
0.0 0.863916 0.542883 0.025744 0.034231
0.0 0.895088 0.539632 0.017758 0.020813
1.0 0.955510 0.520990 0.041446 0.062927
0.0 0.972803 0.542883 0.025744 0.034231
0.0 0.941630 0.539632 0.017758 0.020813
1.0 0.009992 0.620677 0.019983 0.062927
1.0 0.050331 0.659310 0.014555 0.021350
0.0 0.016553 0.598784 0.025744 0.034231
1.0 0.164021 0.620677 0.041446 0.062927
1.0 0.112951 0.659310 0.014555 0.021350
0.0 0.146729 0.598784 0.025744 0.034231
0.0 0.177901 0.602035 0.017758 0.020813
1.0 0.238323 0.620677 0.041446 0.062927
1.0 0.289393 0.659310 0.014555 0.021350
0.0 0.255615 0.598784 0.025744 0.034231
0.0 0.224443 0.602035 0.017758 0.020813
1.0 0.403083 0.620677 0.041446 0.062927
1.0 0.352013 0.659310 0.014555 0.021350
0.0 0.385791 0.598784 0.025744 0.034231
0.0 0.416963 0.602035 0.017758 0.020813
1.0 0.477385 0.620677 0.041446 0.062927
1.0 0.528456 0.659310 0.014555 0.021350
0.0 0.494678 0.598784 0.025744 0.034231
0.0 0.463505 0.602035 0.017758 0.020813
1.0 0.642146 0.620677 0.041446 0.062927
1.0 0.591076 0.659310 0.014555 0.021350
0.0 0.624854 0.598784 0.025744 0.034231
0.0 0.656026 0.602035 0.017758 0.020813
1.0 0.716448 0.620677 0.041446 0.062927
1.0 0.767518 0.659310 0.014555 0.021350
0.0 0.733740 0.598784 0.025744 0.034231
0.0 0.702568 0.602035 0.017758 0.020813
1.0 0.881208 0.620677 0.041446 0.062927
1.0 0.830138 0.659310 0.014555 0.021350
0.0 0.863916 0.598784 0.025744 0.034231
0.0 0.895088 0.602035 0.017758 0.020813
1.0 0.955510 0.620677 0.041446 0.062927
0.0 0.972803 0.598784 0.025744 0.034231
0.0 0.941630 0.602035 0.017758 0.020813
1.0 0.009992 0.804323 0.019983 0.062927
1.0 0.050331 0.765690 0.014555 0.021350
0.0 0.016553 0.826216 0.025744 0.034231
1.0 0.164021 0.804323 0.041446 0.062927
1.0 0.112951 0.765690 0.014555 0.021350
0.0 0.146729 0.826216 0.025744 0.034231
0.0 0.177901 0.822965 0.017758 0.020813
1.0 0.238323 0.804323 0.041446 0.062927
1.0 0.289393 0.765690 0.014555 0.021350
0.0 0.255615 0.826216 0.025744 0.034231
0.0 0.224443 0.822965 0.017758 0.020813
1.0 0.403083 0.804323 0.041446 0.062927
1.0 0.352013 0.765690 0.014555 0.021350
0.0 0.385791 0.826216 0.025744 0.034231
0.0 0.416963 0.822965 0.017758 0.020813
1.0 0.477385 0.804323 0.041446 0.062927
1.0 0.528456 0.765690 0.014555 0.021350
0.0 0.494678 0.826216 0.025744 0.034231
0.0 0.463505 0.822965 0.017758 0.020813
1.0 0.642146 0.804323 0.041446 0.062927
1.0 0.591076 0.765690 0.014555 0.021350
0.0 0.624854 0.826216 0.025744 0.034231
0.0 0.656026 0.822965 0.017758 0.020813
1.0 0.716448 0.804323 0.041446 0.062927
1.0 0.767518 0.765690 0.014555 0.021350
0.0 0.733740 0.826216 0.025744 0.034231
0.0 0.702568 0.822965 0.017758 0.020813
1.0 0.881208 0.804323 0.041446 0.062927
1.0 0.830138 0.765690 0.014555 0.021350
0.0 0.863916 0.826216 0.025744 0.034231
0.0 0.895088 0.822965 0.017758 0.020813
1.0 0.955510 0.804323 0.041446 0.062927
0.0 0.972803 0.826216 0.025744 0.034231
0.0 0.941630 0.822965 0.017758 0.020813
1.0 0.009992 0.904010 0.019983 0.062927
1.0 0.050331 0.942643 0.014555 0.021350
0.0 0.016553 0.882117 0.025744 0.034231
1.0 0.164021 0.904010 0.041446 0.062927
1.0 0.112951 0.942643 0.014555 0.021350
0.0 0.146729 0.882117 0.025744 0.034231
0.0 0.177901 0.885368 0.017758 0.020813
1.0 0.238323 0.904010 0.041446 0.062927
1.0 0.289393 0.942643 0.014555 0.021350
0.0 0.255615 0.882117 0.025744 0.034231
0.0 0.224443 0.885368 0.017758 0.020813
1.0 0.403083 0.904010 0.041446 0.062927
1.0 0.352013 0.942643 0.014555 0.021350
0.0 0.385791 0.882117 0.025744 0.034231
0.0 0.416963 0.885368 0.017758 0.020813
1.0 0.477385 0.904010 0.041446 0.062927
1.0 0.528456 0.942643 0.014555 0.021350
0.0 0.494678 0.882117 0.025744 0.034231
0.0 0.463505 0.885368 0.017758 0.020813
1.0 0.642146 0.904010 0.041446 0.062927
1.0 0.591076 0.942643 0.014555 0.021350
0.0 0.624854 0.882117 0.025744 0.034231
0.0 0.656026 0.885368 0.017758 0.020813
1.0 0.716448 0.904010 0.041446 0.062927
1.0 0.767518 0.942643 0.014555 0.021350
0.0 0.733740 0.882117 0.025744 0.034231
0.0 0.702568 0.885368 0.017758 0.020813
1.0 0.881208 0.904010 0.041446 0.062927
1.0 0.830138 0.942643 0.014555 0.021350
0.0 0.863916 0.882117 0.025744 0.034231
0.0 0.895088 0.885368 0.017758 0.020813
1.0 0.955510 0.904010 0.041446 0.062927
0.0 0.972803 0.882117 0.025744 0.034231
0.0 0.941630 0.885368 0.017758 0.020813
