1.0 0.277344 0.094444 0.032812 0.063889
1.0 0.137305 0.090278 0.008203 0.016667
1.0 0.168359 0.089931 0.010156 0.017361
1.0 0.203125 0.089236 0.008594 0.017361
1.0 0.126953 0.093056 0.007031 0.015278
0.0 0.092578 0.038889 0.178906 0.077778
1.0 0.028516 0.115625 0.057031 0.231250
1.0 0.320313 0.094444 0.032812 0.063889
1.0 0.460352 0.090278 0.008203 0.016667
1.0 0.429297 0.089931 0.010156 0.017361
1.0 0.394531 0.089236 0.008594 0.017361
1.0 0.470703 0.093056 0.007031 0.015278
0.0 0.505078 0.038889 0.178906 0.077778
1.0 0.620703 0.115625 0.160156 0.231250
1.0 0.941992 0.090278 0.008203 0.016667
1.0 0.973047 0.089931 0.010156 0.017361
1.0 0.931641 0.093056 0.007031 0.015278
0.0 0.897266 0.038889 0.178906 0.077778
1.0 0.781641 0.115625 0.160156 0.231250
1.0 0.277344 0.368056 0.032812 0.063889
1.0 0.137305 0.372222 0.008203 0.016667
1.0 0.168359 0.372569 0.010156 0.017361
1.0 0.203125 0.373264 0.008594 0.017361
1.0 0.126953 0.369444 0.007031 0.015278
0.0 0.092578 0.507986 0.178906 0.246528
1.0 0.028516 0.414931 0.057031 0.367361
1.0 0.320313 0.368056 0.032812 0.063889
1.0 0.460352 0.372222 0.008203 0.016667
1.0 0.429297 0.372569 0.010156 0.017361
1.0 0.394531 0.373264 0.008594 0.017361
1.0 0.470703 0.369444 0.007031 0.015278
0.0 0.505078 0.507986 0.178906 0.246528
1.0 0.620703 0.414931 0.160156 0.367361
1.0 0.941992 0.372222 0.008203 0.016667
1.0 0.973047 0.372569 0.010156 0.017361
1.0 0.931641 0.369444 0.007031 0.015278
0.0 0.897266 0.507986 0.178906 0.246528
1.0 0.781641 0.414931 0.160156 0.367361
0.0 0.092578 0.952431 0.178906 0.095139
0.0 0.505078 0.952431 0.178906 0.095139
1.0 0.620703 0.968750 0.160156 0.062500
0.0 0.897266 0.952431 0.178906 0.095139
1.0 0.781641 0.968750 0.160156 0.062500
