1.0 0.262323 0.088739 0.123792 0.177478
1.0 0.104803 0.145833 0.193978 0.291667
1.0 0.146020 0.240140 0.075999 0.081410
1.0 0.265141 0.115844 0.100357 0.151578
0.0 0.029863 0.093122 0.051252 0.100020
1.0 0.386115 0.088739 0.123792 0.177478
1.0 0.543634 0.145833 0.193978 0.291667
1.0 0.502417 0.240140 0.075999 0.081410
1.0 0.383296 0.115844 0.100357 0.151578
0.0 0.618574 0.093122 0.051252 0.100020
1.0 0.951776 0.088739 0.096448 0.177478
1.0 0.807928 0.145833 0.193978 0.291667
1.0 0.849145 0.240140 0.075999 0.081410
1.0 0.959044 0.115844 0.081912 0.151578
0.0 0.732988 0.093122 0.051252 0.100020
1.0 0.262323 0.557094 0.123792 0.302478
1.0 0.104803 0.447218 0.193978 0.311102
1.0 0.146020 0.343194 0.075999 0.081410
1.0 0.265141 0.467489 0.100357 0.151578
0.0 0.029863 0.490211 0.051252 0.100020
0.0 0.312288 0.675186 0.023862 0.066294
1.0 0.386115 0.557094 0.123792 0.302478
1.0 0.543634 0.447218 0.193978 0.311102
1.0 0.502417 0.343194 0.075999 0.081410
1.0 0.383296 0.467489 0.100357 0.151578
0.0 0.618574 0.490211 0.051252 0.100020
0.0 0.336150 0.675186 0.023862 0.066294
1.0 0.951776 0.557094 0.096448 0.302478
1.0 0.807928 0.447218 0.193978 0.311102
1.0 0.849145 0.343194 0.075999 0.081410
1.0 0.959044 0.467489 0.081912 0.151578
0.0 0.732988 0.490211 0.051252 0.100020
1.0 0.262323 0.854167 0.123792 0.291667
1.0 0.104803 0.906949 0.193978 0.186102
1.0 0.265141 0.936694 0.100357 0.126611
0.0 0.029863 0.926455 0.051252 0.100020
0.0 0.312288 0.741480 0.023862 0.066294
1.0 0.386115 0.854167 0.123792 0.291667
1.0 0.543634 0.906949 0.193978 0.186102
1.0 0.383296 0.936694 0.100357 0.126611
0.0 0.618574 0.926455 0.051252 0.100020
0.0 0.336150 0.741480 0.023862 0.066294
1.0 0.951776 0.854167 0.096448 0.291667
1.0 0.807928 0.906949 0.193978 0.186102
1.0 0.959044 0.936694 0.081912 0.126611
0.0 0.732988 0.926455 0.051252 0.100020
