1.0 0.010881 0.050293 0.021761 0.100586
1.0 0.029155 0.046628 0.058310 0.093257
0.0 0.023267 0.087796 0.046533 0.051045
1.0 0.283920 0.050293 0.078550 0.100586
1.0 0.240773 0.046628 0.065354 0.093257
0.0 0.245308 0.087796 0.050871 0.051045
0.0 0.317464 0.075320 0.038432 0.041488
1.0 0.471549 0.050293 0.078550 0.100586
1.0 0.514695 0.046628 0.065354 0.093257
0.0 0.510160 0.087796 0.050871 0.051045
0.0 0.438005 0.075320 0.038432 0.041488
1.0 0.772983 0.050293 0.078550 0.100586
1.0 0.729836 0.046628 0.065354 0.093257
0.0 0.734371 0.087796 0.050871 0.051045
0.0 0.806527 0.075320 0.038432 0.041488
1.0 0.960611 0.050293 0.078550 0.100586
1.0 0.985540 0.046628 0.028919 0.093257
0.0 0.986894 0.087796 0.026212 0.051045
0.0 0.927067 0.075320 0.038432 0.041488
1.0 0.010881 0.225393 0.021761 0.118625
1.0 0.029155 0.232053 0.058310 0.117286
0.0 0.023267 0.178871 0.046533 0.051045
1.0 0.283920 0.225393 0.078550 0.118625
1.0 0.240773 0.232053 0.065354 0.117286
0.0 0.245308 0.178871 0.050871 0.051045
0.0 0.317464 0.191347 0.038432 0.041488
1.0 0.471549 0.225393 0.078550 0.118625
1.0 0.514695 0.232053 0.065354 0.117286
0.0 0.510160 0.178871 0.050871 0.051045
0.0 0.438005 0.191347 0.038432 0.041488
1.0 0.772983 0.225393 0.078550 0.118625
1.0 0.729836 0.232053 0.065354 0.117286
0.0 0.734371 0.178871 0.050871 0.051045
0.0 0.806527 0.191347 0.038432 0.041488
1.0 0.960611 0.225393 0.078550 0.118625
1.0 0.985540 0.232053 0.028919 0.117286
0.0 0.986894 0.178871 0.026212 0.051045
0.0 0.927067 0.191347 0.038432 0.041488
1.0 0.010881 0.530162 0.021761 0.118625
1.0 0.029155 0.523502 0.058310 0.117286
0.0 0.023267 0.576685 0.046533 0.051045
1.0 0.283920 0.530162 0.078550 0.118625
1.0 0.240773 0.523502 0.065354 0.117286
0.0 0.245308 0.576685 0.050871 0.051045
0.0 0.317464 0.564209 0.038432 0.041488
1.0 0.471549 0.530162 0.078550 0.118625
1.0 0.514695 0.523502 0.065354 0.117286
0.0 0.510160 0.576685 0.050871 0.051045
0.0 0.438005 0.564209 0.038432 0.041488
1.0 0.772983 0.530162 0.078550 0.118625
1.0 0.729836 0.523502 0.065354 0.117286
0.0 0.734371 0.576685 0.050871 0.051045
0.0 0.806527 0.564209 0.038432 0.041488
1.0 0.960611 0.530162 0.078550 0.118625
1.0 0.985540 0.523502 0.028919 0.117286
0.0 0.986894 0.576685 0.026212 0.051045
0.0 0.927067 0.564209 0.038432 0.041488
1.0 0.010881 0.714282 0.021761 0.118625
1.0 0.029155 0.720942 0.058310 0.117286
0.0 0.023267 0.667760 0.046533 0.051045
1.0 0.283920 0.714282 0.078550 0.118625
1.0 0.240773 0.720942 0.065354 0.117286
0.0 0.245308 0.667760 0.050871 0.051045
0.0 0.317464 0.680235 0.038432 0.041488
1.0 0.471549 0.714282 0.078550 0.118625
1.0 0.514695 0.720942 0.065354 0.117286
0.0 0.510160 0.667760 0.050871 0.051045
0.0 0.438005 0.680235 0.038432 0.041488
1.0 0.772983 0.714282 0.078550 0.118625
1.0 0.729836 0.720942 0.065354 0.117286
0.0 0.734371 0.667760 0.050871 0.051045
0.0 0.806527 0.680235 0.038432 0.041488
1.0 0.960611 0.714282 0.078550 0.118625
1.0 0.985540 0.720942 0.028919 0.117286
0.0 0.986894 0.667760 0.026212 0.051045
0.0 0.927067 0.680235 0.038432 0.041488
1.0 0.029155 0.976874 0.058310 0.046252
1.0 0.283920 0.979870 0.078550 0.040261
1.0 0.240773 0.976874 0.065354 0.046252
1.0 0.471549 0.979870 0.078550 0.040261
1.0 0.514695 0.976874 0.065354 0.046252
1.0 0.772983 0.979870 0.078550 0.040261
1.0 0.729836 0.976874 0.065354 0.046252
1.0 0.960611 0.979870 0.078550 0.040261
1.0 0.985540 0.976874 0.028919 0.046252
