1.0 0.098574 0.041192 0.011729 0.010416
1.0 0.088031 0.040116 0.007847 0.014567
1.0 0.070909 0.040128 0.011272 0.017766
1.0 0.047226 0.039614 0.011401 0.008656
0.0 0.004755 0.055143 0.009509 0.037612
0.0 0.019105 0.064447 0.011058 0.023007
0.0 0.012773 0.063601 0.011040 0.022763
1.0 0.135410 0.041192 0.011729 0.010416
1.0 0.145954 0.040116 0.007847 0.014567
1.0 0.163075 0.040128 0.011272 0.017766
1.0 0.344284 0.012050 0.007178 0.008158
1.0 0.276944 0.034630 0.006928 0.012910
1.0 0.284272 0.033304 0.007721 0.012854
1.0 0.186758 0.039614 0.011401 0.008656
0.0 0.231935 0.055143 0.014921 0.037612
0.0 0.214879 0.064447 0.011058 0.023007
0.0 0.221211 0.063601 0.011040 0.022763
1.0 0.609121 0.041192 0.011729 0.010416
1.0 0.598577 0.040116 0.007847 0.014567
1.0 0.581456 0.040128 0.011272 0.017766
1.0 0.400247 0.012050 0.007178 0.008158
1.0 0.467587 0.034630 0.006928 0.012910
1.0 0.460259 0.033304 0.007721 0.012854
1.0 0.557773 0.039614 0.011401 0.008656
0.0 0.512596 0.055143 0.014921 0.037612
0.0 0.529652 0.064447 0.011058 0.023007
0.0 0.523320 0.063601 0.011040 0.022763
1.0 0.645957 0.041192 0.011729 0.010416
1.0 0.656501 0.040116 0.007847 0.014567
1.0 0.673622 0.040128 0.011272 0.017766
1.0 0.854831 0.012050 0.007178 0.008158
1.0 0.787491 0.034630 0.006928 0.012910
1.0 0.794819 0.033304 0.007721 0.012854
1.0 0.697305 0.039614 0.011401 0.008656
0.0 0.742482 0.055143 0.014921 0.037612
0.0 0.725426 0.064447 0.011058 0.023007
0.0 0.731758 0.063601 0.011040 0.022763
1.0 0.910794 0.012050 0.007178 0.008158
1.0 0.978134 0.034630 0.006928 0.012910
1.0 0.970806 0.033304 0.007721 0.012854
1.0 0.098574 0.215058 0.011729 0.010416
1.0 0.088031 0.216134 0.007847 0.014567
1.0 0.070909 0.216122 0.011272 0.017766
1.0 0.047226 0.216636 0.011401 0.008656
0.0 0.004755 0.201107 0.009509 0.037612
0.0 0.019105 0.191803 0.011058 0.023007
0.0 0.012773 0.192649 0.011040 0.022763
1.0 0.135410 0.215058 0.011729 0.010416
1.0 0.145954 0.216134 0.007847 0.014567
1.0 0.163075 0.216122 0.011272 0.017766
1.0 0.344284 0.244200 0.007178 0.008158
1.0 0.276944 0.221620 0.006928 0.012910
1.0 0.284272 0.222946 0.007721 0.012854
1.0 0.186758 0.216636 0.011401 0.008656
0.0 0.231935 0.201107 0.014921 0.037612
0.0 0.214879 0.191803 0.011058 0.023007
0.0 0.221211 0.192649 0.011040 0.022763
1.0 0.609121 0.215058 0.011729 0.010416
1.0 0.598577 0.216134 0.007847 0.014567
1.0 0.581456 0.216122 0.011272 0.017766
1.0 0.400247 0.244200 0.007178 0.008158
1.0 0.467587 0.221620 0.006928 0.012910
1.0 0.460259 0.222946 0.007721 0.012854
1.0 0.557773 0.216636 0.011401 0.008656
0.0 0.512596 0.201107 0.014921 0.037612
0.0 0.529652 0.191803 0.011058 0.023007
0.0 0.523320 0.192649 0.011040 0.022763
1.0 0.645957 0.215058 0.011729 0.010416
1.0 0.656501 0.216134 0.007847 0.014567
1.0 0.673622 0.216122 0.011272 0.017766
1.0 0.854831 0.244200 0.007178 0.008158
1.0 0.787491 0.221620 0.006928 0.012910
1.0 0.794819 0.222946 0.007721 0.012854
1.0 0.697305 0.216636 0.011401 0.008656
0.0 0.742482 0.201107 0.014921 0.037612
0.0 0.725426 0.191803 0.011058 0.023007
0.0 0.731758 0.192649 0.011040 0.022763
1.0 0.910794 0.244200 0.007178 0.008158
1.0 0.978134 0.221620 0.006928 0.012910
1.0 0.970806 0.222946 0.007721 0.012854
1.0 0.098574 0.537025 0.011729 0.010416
1.0 0.088031 0.535949 0.007847 0.014567
1.0 0.070909 0.535961 0.011272 0.017766
1.0 0.047226 0.535447 0.011401 0.008656
0.0 0.004755 0.550976 0.009509 0.037612
0.0 0.019105 0.560281 0.011058 0.023007
0.0 0.012773 0.559435 0.011040 0.022763
1.0 0.135410 0.537025 0.011729 0.010416
1.0 0.145954 0.535949 0.007847 0.014567
1.0 0.163075 0.535961 0.011272 0.017766
1.0 0.344284 0.507883 0.007178 0.008158
1.0 0.276944 0.530463 0.006928 0.012910
1.0 0.284272 0.529137 0.007721 0.012854
1.0 0.186758 0.535447 0.011401 0.008656
0.0 0.231935 0.550976 0.014921 0.037612
0.0 0.214879 0.560281 0.011058 0.023007
0.0 0.221211 0.559435 0.011040 0.022763
1.0 0.609121 0.537025 0.011729 0.010416
1.0 0.598577 0.535949 0.007847 0.014567
1.0 0.581456 0.535961 0.011272 0.017766
1.0 0.400247 0.507883 0.007178 0.008158
1.0 0.467587 0.530463 0.006928 0.012910
1.0 0.460259 0.529137 0.007721 0.012854
1.0 0.557773 0.535447 0.011401 0.008656
0.0 0.512596 0.550976 0.014921 0.037612
0.0 0.529652 0.560281 0.011058 0.023007
0.0 0.523320 0.559435 0.011040 0.022763
1.0 0.645957 0.537025 0.011729 0.010416
1.0 0.656501 0.535949 0.007847 0.014567
1.0 0.673622 0.535961 0.011272 0.017766
1.0 0.854831 0.507883 0.007178 0.008158
1.0 0.787491 0.530463 0.006928 0.012910
1.0 0.794819 0.529137 0.007721 0.012854
1.0 0.697305 0.535447 0.011401 0.008656
0.0 0.742482 0.550976 0.014921 0.037612
0.0 0.725426 0.560281 0.011058 0.023007
0.0 0.731758 0.559435 0.011040 0.022763
1.0 0.910794 0.507883 0.007178 0.008158
1.0 0.978134 0.530463 0.006928 0.012910
1.0 0.970806 0.529137 0.007721 0.012854
1.0 0.098574 0.710891 0.011729 0.010416
1.0 0.088031 0.711967 0.007847 0.014567
1.0 0.070909 0.711955 0.011272 0.017766
1.0 0.047226 0.712470 0.011401 0.008656
0.0 0.004755 0.696940 0.009509 0.037612
0.0 0.019105 0.687636 0.011058 0.023007
0.0 0.012773 0.688482 0.011040 0.022763
1.0 0.135410 0.710891 0.011729 0.010416
1.0 0.145954 0.711967 0.007847 0.014567
1.0 0.163075 0.711955 0.011272 0.017766
1.0 0.344284 0.740034 0.007178 0.008158
1.0 0.276944 0.717454 0.006928 0.012910
1.0 0.284272 0.718779 0.007721 0.012854
1.0 0.186758 0.712470 0.011401 0.008656
0.0 0.231935 0.696940 0.014921 0.037612
0.0 0.214879 0.687636 0.011058 0.023007
0.0 0.221211 0.688482 0.011040 0.022763
1.0 0.609121 0.710891 0.011729 0.010416
1.0 0.598577 0.711967 0.007847 0.014567
1.0 0.581456 0.711955 0.011272 0.017766
1.0 0.400247 0.740034 0.007178 0.008158
1.0 0.467587 0.717454 0.006928 0.012910
1.0 0.460259 0.718779 0.007721 0.012854
1.0 0.557773 0.712470 0.011401 0.008656
0.0 0.512596 0.696940 0.014921 0.037612
0.0 0.529652 0.687636 0.011058 0.023007
0.0 0.523320 0.688482 0.011040 0.022763
1.0 0.645957 0.710891 0.011729 0.010416
1.0 0.656501 0.711967 0.007847 0.014567
1.0 0.673622 0.711955 0.011272 0.017766
1.0 0.854831 0.740034 0.007178 0.008158
1.0 0.787491 0.717454 0.006928 0.012910
1.0 0.794819 0.718779 0.007721 0.012854
1.0 0.697305 0.712470 0.011401 0.008656
0.0 0.742482 0.696940 0.014921 0.037612
0.0 0.725426 0.687636 0.011058 0.023007
0.0 0.731758 0.688482 0.011040 0.022763
1.0 0.910794 0.740034 0.007178 0.008158
1.0 0.978134 0.717454 0.006928 0.012910
1.0 0.970806 0.718779 0.007721 0.012854
