1.0 0.029657 0.119590 0.022678 0.041318
1.0 0.055827 0.109216 0.009440 0.039662
1.0 0.023109 0.121391 0.010730 0.034530
1.0 0.051142 0.112184 0.014129 0.034748
1.0 0.010284 0.121775 0.005663 0.004759
1.0 0.303797 0.187370 0.021251 0.040564
1.0 0.277394 0.178689 0.016797 0.038833
1.0 0.154281 0.096365 0.052902 0.127860
1.0 0.091437 0.119590 0.022678 0.041318
1.0 0.065267 0.109216 0.009440 0.039662
1.0 0.220794 0.119605 0.051109 0.125730
1.0 0.268719 0.176514 0.011894 0.034905
1.0 0.097985 0.121391 0.010730 0.034530
1.0 0.069952 0.112184 0.014129 0.034748
1.0 0.295673 0.183338 0.012981 0.032326
1.0 0.128671 0.130516 0.010813 0.015507
1.0 0.172160 0.143774 0.010233 0.038472
1.0 0.183146 0.146851 0.032733 0.047202
1.0 0.195576 0.152273 0.008123 0.035446
1.0 0.110810 0.121775 0.005663 0.004759
0.0 0.157084 0.037476 0.045261 0.040151
0.0 0.230218 0.061310 0.045969 0.040799
0.0 0.236145 0.011848 0.045969 0.023697
1.0 0.403234 0.187370 0.021251 0.040564
1.0 0.429638 0.178689 0.016797 0.038833
1.0 0.552751 0.096365 0.052902 0.127860
1.0 0.615595 0.119590 0.022678 0.041318
1.0 0.641765 0.109216 0.009440 0.039662
1.0 0.486238 0.119605 0.051109 0.125730
1.0 0.438312 0.176514 0.011894 0.034905
1.0 0.609046 0.121391 0.010730 0.034530
1.0 0.637079 0.112184 0.014129 0.034748
1.0 0.411358 0.183338 0.012981 0.032326
1.0 0.578360 0.130516 0.010813 0.015507
1.0 0.534872 0.143774 0.010233 0.038472
1.0 0.523885 0.146851 0.032733 0.047202
1.0 0.511455 0.152273 0.008123 0.035446
1.0 0.596222 0.121775 0.005663 0.004759
0.0 0.549947 0.037476 0.045261 0.040151
0.0 0.476813 0.061310 0.045969 0.040799
0.0 0.470887 0.011848 0.045969 0.023697
1.0 0.889735 0.187370 0.021251 0.040564
1.0 0.863331 0.178689 0.016797 0.038833
1.0 0.740218 0.096365 0.052902 0.127860
1.0 0.677374 0.119590 0.022678 0.041318
1.0 0.651204 0.109216 0.009440 0.039662
1.0 0.806731 0.119605 0.051109 0.125730
1.0 0.854657 0.176514 0.011894 0.034905
1.0 0.683923 0.121391 0.010730 0.034530
1.0 0.655890 0.112184 0.014129 0.034748
1.0 0.881611 0.183338 0.012981 0.032326
1.0 0.714609 0.130516 0.010813 0.015507
1.0 0.758097 0.143774 0.010233 0.038472
1.0 0.769084 0.146851 0.032733 0.047202
1.0 0.781514 0.152273 0.008123 0.035446
1.0 0.696747 0.121775 0.005663 0.004759
0.0 0.743022 0.037476 0.045261 0.040151
0.0 0.816156 0.061310 0.045969 0.040799
0.0 0.822082 0.011848 0.045969 0.023697
1.0 0.989172 0.187370 0.021251 0.040564
1.0 0.995403 0.183338 0.009195 0.032326
1.0 0.029657 0.533188 0.022678 0.041318
1.0 0.055827 0.543562 0.009440 0.039662
1.0 0.023109 0.531386 0.010730 0.034530
1.0 0.051142 0.540594 0.014129 0.034748
1.0 0.010284 0.531003 0.005663 0.004759
1.0 0.303797 0.465408 0.021251 0.040564
1.0 0.277394 0.474089 0.016797 0.038833
1.0 0.154281 0.556413 0.052902 0.127860
1.0 0.091437 0.533188 0.022678 0.041318
1.0 0.065267 0.543562 0.009440 0.039662
1.0 0.220794 0.533173 0.051109 0.125730
1.0 0.268719 0.476264 0.011894 0.034905
1.0 0.097985 0.531386 0.010730 0.034530
1.0 0.069952 0.540594 0.014129 0.034748
1.0 0.295673 0.469440 0.012981 0.032326
1.0 0.128671 0.522262 0.010813 0.015507
1.0 0.172160 0.509004 0.010233 0.038472
1.0 0.183146 0.505926 0.032733 0.047202
1.0 0.195576 0.500504 0.008123 0.035446
1.0 0.110810 0.531003 0.005663 0.004759
0.0 0.157084 0.615302 0.045261 0.040151
0.0 0.230218 0.591468 0.045969 0.040799
0.0 0.162966 0.663210 0.045261 0.020802
0.0 0.236145 0.649480 0.045969 0.040799
1.0 0.403234 0.465408 0.021251 0.040564
1.0 0.429638 0.474089 0.016797 0.038833
1.0 0.552751 0.556413 0.052902 0.127860
1.0 0.615595 0.533188 0.022678 0.041318
1.0 0.641765 0.543562 0.009440 0.039662
1.0 0.486238 0.533173 0.051109 0.125730
1.0 0.438312 0.476264 0.011894 0.034905
1.0 0.609046 0.531386 0.010730 0.034530
1.0 0.637079 0.540594 0.014129 0.034748
1.0 0.411358 0.469440 0.012981 0.032326
1.0 0.578360 0.522262 0.010813 0.015507
1.0 0.534872 0.509004 0.010233 0.038472
1.0 0.523885 0.505926 0.032733 0.047202
1.0 0.511455 0.500504 0.008123 0.035446
1.0 0.596222 0.531003 0.005663 0.004759
0.0 0.549947 0.615302 0.045261 0.040151
0.0 0.476813 0.591468 0.045969 0.040799
0.0 0.544065 0.663210 0.045261 0.020802
0.0 0.470887 0.649480 0.045969 0.040799
1.0 0.889735 0.465408 0.021251 0.040564
1.0 0.863331 0.474089 0.016797 0.038833
1.0 0.740218 0.556413 0.052902 0.127860
1.0 0.677374 0.533188 0.022678 0.041318
1.0 0.651204 0.543562 0.009440 0.039662
1.0 0.806731 0.533173 0.051109 0.125730
1.0 0.854657 0.476264 0.011894 0.034905
1.0 0.683923 0.531386 0.010730 0.034530
1.0 0.655890 0.540594 0.014129 0.034748
1.0 0.881611 0.469440 0.012981 0.032326
1.0 0.714609 0.522262 0.010813 0.015507
1.0 0.758097 0.509004 0.010233 0.038472
1.0 0.769084 0.505926 0.032733 0.047202
1.0 0.781514 0.500504 0.008123 0.035446
1.0 0.696747 0.531003 0.005663 0.004759
0.0 0.743022 0.615302 0.045261 0.040151
0.0 0.816156 0.591468 0.045969 0.040799
0.0 0.748904 0.663210 0.045261 0.020802
0.0 0.822082 0.649480 0.045969 0.040799
1.0 0.989172 0.465408 0.021251 0.040564
1.0 0.995403 0.469440 0.009195 0.032326
1.0 0.029657 0.814035 0.022678 0.041318
1.0 0.055827 0.803660 0.009440 0.039662
1.0 0.023109 0.815836 0.010730 0.034530
1.0 0.051142 0.806629 0.014129 0.034748
1.0 0.010284 0.816220 0.005663 0.004759
1.0 0.303797 0.881814 0.021251 0.040564
1.0 0.277394 0.873133 0.016797 0.038833
1.0 0.154281 0.790809 0.052902 0.127860
1.0 0.091437 0.814035 0.022678 0.041318
1.0 0.065267 0.803660 0.009440 0.039662
1.0 0.220794 0.814049 0.051109 0.125730
1.0 0.268719 0.870959 0.011894 0.034905
1.0 0.097985 0.815836 0.010730 0.034530
1.0 0.069952 0.806629 0.014129 0.034748
1.0 0.295673 0.877783 0.012981 0.032326
1.0 0.128671 0.824960 0.010813 0.015507
1.0 0.172160 0.838218 0.010233 0.038472
1.0 0.183146 0.841296 0.032733 0.047202
1.0 0.195576 0.846718 0.008123 0.035446
1.0 0.110810 0.816220 0.005663 0.004759
0.0 0.157084 0.731920 0.045261 0.040151
0.0 0.230218 0.755754 0.045969 0.040799
0.0 0.162966 0.684012 0.045261 0.020802
0.0 0.236145 0.697742 0.045969 0.040799
1.0 0.403234 0.881814 0.021251 0.040564
1.0 0.429638 0.873133 0.016797 0.038833
1.0 0.552751 0.790809 0.052902 0.127860
1.0 0.615595 0.814035 0.022678 0.041318
1.0 0.641765 0.803660 0.009440 0.039662
1.0 0.486238 0.814049 0.051109 0.125730
1.0 0.438312 0.870959 0.011894 0.034905
1.0 0.609046 0.815836 0.010730 0.034530
1.0 0.637079 0.806629 0.014129 0.034748
1.0 0.411358 0.877783 0.012981 0.032326
1.0 0.578360 0.824960 0.010813 0.015507
1.0 0.534872 0.838218 0.010233 0.038472
1.0 0.523885 0.841296 0.032733 0.047202
1.0 0.511455 0.846718 0.008123 0.035446
1.0 0.596222 0.816220 0.005663 0.004759
0.0 0.549947 0.731920 0.045261 0.040151
0.0 0.476813 0.755754 0.045969 0.040799
0.0 0.544065 0.684012 0.045261 0.020802
0.0 0.470887 0.697742 0.045969 0.040799
1.0 0.889735 0.881814 0.021251 0.040564
1.0 0.863331 0.873133 0.016797 0.038833
1.0 0.740218 0.790809 0.052902 0.127860
1.0 0.677374 0.814035 0.022678 0.041318
1.0 0.651204 0.803660 0.009440 0.039662
1.0 0.806731 0.814049 0.051109 0.125730
1.0 0.854657 0.870959 0.011894 0.034905
1.0 0.683923 0.815836 0.010730 0.034530
1.0 0.655890 0.806629 0.014129 0.034748
1.0 0.881611 0.877783 0.012981 0.032326
1.0 0.714609 0.824960 0.010813 0.015507
1.0 0.758097 0.838218 0.010233 0.038472
1.0 0.769084 0.841296 0.032733 0.047202
1.0 0.781514 0.846718 0.008123 0.035446
1.0 0.696747 0.816220 0.005663 0.004759
0.0 0.743022 0.731920 0.045261 0.040151
0.0 0.816156 0.755754 0.045969 0.040799
0.0 0.748904 0.684012 0.045261 0.020802
0.0 0.822082 0.697742 0.045969 0.040799
1.0 0.989172 0.881814 0.021251 0.040564
1.0 0.995403 0.877783 0.009195 0.032326
