1.0 0.100911 0.044676 0.060677 0.089352
0.0 0.070573 0.067361 0.017187 0.030093
0.0 0.129948 0.091204 0.022917 0.039815
0.0 0.057812 0.043750 0.022396 0.039352
1.0 0.274089 0.044676 0.060677 0.089352
0.0 0.304427 0.067361 0.017187 0.030093
0.0 0.245052 0.091204 0.022917 0.039815
0.0 0.317188 0.043750 0.022396 0.039352
1.0 0.517578 0.044676 0.060677 0.089352
0.0 0.487240 0.067361 0.017187 0.030093
0.0 0.546615 0.091204 0.022917 0.039815
0.0 0.474479 0.043750 0.022396 0.039352
1.0 0.690755 0.044676 0.060677 0.089352
0.0 0.721094 0.067361 0.017187 0.030093
0.0 0.661719 0.091204 0.022917 0.039815
0.0 0.733854 0.043750 0.022396 0.039352
1.0 0.934245 0.044676 0.060677 0.089352
0.0 0.903906 0.067361 0.017187 0.030093
0.0 0.963281 0.091204 0.022917 0.039815
0.0 0.891146 0.043750 0.022396 0.039352
1.0 0.100911 0.220833 0.060677 0.103704
0.0 0.070573 0.190972 0.017187 0.030093
0.0 0.129948 0.167130 0.022917 0.039815
0.0 0.057812 0.214583 0.022396 0.039352
1.0 0.274089 0.220833 0.060677 0.103704
0.0 0.304427 0.190972 0.017187 0.030093
0.0 0.245052 0.167130 0.022917 0.039815
0.0 0.317188 0.214583 0.022396 0.039352
1.0 0.517578 0.220833 0.060677 0.103704
0.0 0.487240 0.190972 0.017187 0.030093
0.0 0.546615 0.167130 0.022917 0.039815
0.0 0.474479 0.214583 0.022396 0.039352
1.0 0.690755 0.220833 0.060677 0.103704
0.0 0.721094 0.190972 0.017187 0.030093
0.0 0.661719 0.167130 0.022917 0.039815
0.0 0.733854 0.214583 0.022396 0.039352
1.0 0.934245 0.220833 0.060677 0.103704
0.0 0.903906 0.190972 0.017187 0.030093
0.0 0.963281 0.167130 0.022917 0.039815
0.0 0.891146 0.214583 0.022396 0.039352
1.0 0.100911 0.531944 0.060677 0.103704
0.0 0.070573 0.561806 0.017187 0.030093
0.0 0.129948 0.585648 0.022917 0.039815
0.0 0.057812 0.538194 0.022396 0.039352
1.0 0.274089 0.531944 0.060677 0.103704
0.0 0.304427 0.561806 0.017187 0.030093
0.0 0.245052 0.585648 0.022917 0.039815
0.0 0.317188 0.538194 0.022396 0.039352
1.0 0.517578 0.531944 0.060677 0.103704
0.0 0.487240 0.561806 0.017187 0.030093
0.0 0.546615 0.585648 0.022917 0.039815
0.0 0.474479 0.538194 0.022396 0.039352
1.0 0.690755 0.531944 0.060677 0.103704
0.0 0.721094 0.561806 0.017187 0.030093
0.0 0.661719 0.585648 0.022917 0.039815
0.0 0.733854 0.538194 0.022396 0.039352
1.0 0.934245 0.531944 0.060677 0.103704
0.0 0.903906 0.561806 0.017187 0.030093
0.0 0.963281 0.585648 0.022917 0.039815
0.0 0.891146 0.538194 0.022396 0.039352
1.0 0.100911 0.715278 0.060677 0.103704
0.0 0.070573 0.685417 0.017187 0.030093
0.0 0.129948 0.661574 0.022917 0.039815
0.0 0.057812 0.709028 0.022396 0.039352
1.0 0.274089 0.715278 0.060677 0.103704
0.0 0.304427 0.685417 0.017187 0.030093
0.0 0.245052 0.661574 0.022917 0.039815
0.0 0.317188 0.709028 0.022396 0.039352
1.0 0.517578 0.715278 0.060677 0.103704
0.0 0.487240 0.685417 0.017187 0.030093
0.0 0.546615 0.661574 0.022917 0.039815
0.0 0.474479 0.709028 0.022396 0.039352
1.0 0.690755 0.715278 0.060677 0.103704
0.0 0.721094 0.685417 0.017187 0.030093
0.0 0.661719 0.661574 0.022917 0.039815
0.0 0.733854 0.709028 0.022396 0.039352
1.0 0.934245 0.715278 0.060677 0.103704
0.0 0.903906 0.685417 0.017187 0.030093
0.0 0.963281 0.661574 0.022917 0.039815
0.0 0.891146 0.709028 0.022396 0.039352
1.0 0.100911 0.987269 0.060677 0.025463
1.0 0.274089 0.987269 0.060677 0.025463
1.0 0.517578 0.987269 0.060677 0.025463
1.0 0.690755 0.987269 0.060677 0.025463
1.0 0.934245 0.987269 0.060677 0.025463
