1.0 0.492494 0.455967 0.207630 0.414537
1.0 0.321634 0.552059 0.244374 0.481656
1.0 0.162998 0.539625 0.175212 0.382524
1.0 0.626878 0.274049 0.088830 0.168751
1.0 0.722344 0.257317 0.109836 0.188371
1.0 0.878439 0.196357 0.109443 0.167188
1.0 0.965352 0.173366 0.069297 0.180518
1.0 0.786147 0.229388 0.089939 0.173729
1.0 0.559025 0.322640 0.124060 0.234298
1.0 0.451206 0.295512 0.094123 0.091695
1.0 0.534109 0.249666 0.067359 0.069378
1.0 0.669060 0.255524 0.060245 0.149465
0.0 0.390778 0.760223 0.129260 0.139652
0.0 0.128372 0.680570 0.102134 0.084158
0.0 0.816588 0.293858 0.040271 0.037022
