1.0 0.111328 0.062037 0.155990 0.124074
1.0 0.088367 0.114431 0.071875 0.033796
1.0 0.613932 0.053472 0.149740 0.106944
1.0 0.419922 0.062037 0.155990 0.124074
1.0 0.442883 0.114431 0.071875 0.033796
1.0 0.577083 0.071759 0.092188 0.098148
1.0 0.854818 0.053472 0.149740 0.106944
1.0 0.985417 0.062037 0.029167 0.124074
1.0 0.994965 0.114431 0.010070 0.033796
1.0 0.891667 0.071759 0.092188 0.098148
1.0 0.111328 0.441898 0.155990 0.243056
1.0 0.088367 0.330014 0.071875 0.033796
0.0 0.172310 0.541667 0.038195 0.074074
1.0 0.613932 0.450926 0.149740 0.226852
1.0 0.419922 0.441898 0.155990 0.243056
1.0 0.442883 0.330014 0.071875 0.033796
1.0 0.577083 0.372685 0.092188 0.098148
0.0 0.358940 0.541667 0.038195 0.074074
0.0 0.670138 0.550542 0.039063 0.065588
0.0 0.574609 0.600000 0.055469 0.093518
1.0 0.854818 0.450926 0.149740 0.226852
1.0 0.985417 0.441898 0.029167 0.243056
1.0 0.994965 0.330014 0.010070 0.033796
1.0 0.891667 0.372685 0.092188 0.098148
0.0 0.798612 0.550542 0.039063 0.065588
0.0 0.894141 0.600000 0.055469 0.093518
0.0 0.172310 0.988426 0.038195 0.023148
0.0 0.358940 0.988426 0.038195 0.023148
0.0 0.670138 0.986110 0.039063 0.027780
0.0 0.574609 0.954398 0.055469 0.091204
0.0 0.798612 0.986110 0.039063 0.027780
0.0 0.894141 0.954398 0.055469 0.091204
