1 0.06375 0.511875 0.045 0.09375
1 0.564375 0.51125 0.04125 0.0925
1 0.631875 0.509375 0.04375 0.09125
1 0.27625 0.5775 0.045 0.12
1 0.3675 0.57625 0.045 0.1175
1 0.00875 0.51125 0.0175 0.09
0 0.2708375 0.652775 0.08888750000000002 0.04166249999999998
0 0.36945 0.6493000000000001 0.08054999999999993 0.034724999999999964
0 0.6416625 0.5548625 0.04722499999999997 0.01805000000000007
0 0.50695 0.4395875 0.17222499999999996 0.27916250000000004
0 0.7472249999999999 0.447225 0.16111249999999985 0.3916624999999999