1.0 0.005422 0.169455 0.010844 0.235396
0.0 0.012748 0.124121 0.025495 0.067185
1.0 0.197575 0.169455 0.174652 0.235396
0.0 0.218558 0.068575 0.075623 0.106080
1.0 0.268732 0.188029 0.083530 0.198247
0.0 0.121213 0.124121 0.051230 0.067185
1.0 0.509456 0.169455 0.174652 0.235396
0.0 0.488474 0.068575 0.075623 0.106080
1.0 0.438299 0.188029 0.083530 0.198247
0.0 0.585818 0.124121 0.051230 0.067185
1.0 0.783513 0.169455 0.174652 0.235396
0.0 0.804495 0.068575 0.075623 0.106080
1.0 0.854669 0.188029 0.083530 0.198247
0.0 0.707151 0.124121 0.051230 0.067185
1.0 0.991236 0.188029 0.017528 0.198247
1.0 0.005422 0.404851 0.010844 0.235396
0.0 0.012748 0.450184 0.025495 0.067185
1.0 0.197575 0.404851 0.174652 0.235396
0.0 0.218558 0.505730 0.075623 0.106080
1.0 0.268732 0.386276 0.083530 0.198247
0.0 0.121213 0.450184 0.051230 0.067185
1.0 0.509456 0.404851 0.174652 0.235396
0.0 0.488474 0.505730 0.075623 0.106080
1.0 0.438299 0.386276 0.083530 0.198247
0.0 0.585818 0.450184 0.051230 0.067185
1.0 0.783513 0.404851 0.174652 0.235396
0.0 0.804495 0.505730 0.075623 0.106080
1.0 0.854669 0.386276 0.083530 0.198247
0.0 0.707151 0.450184 0.051230 0.067185
1.0 0.991236 0.386276 0.017528 0.198247
0.0 0.012748 0.970612 0.025495 0.058777
1.0 0.197575 0.951226 0.174652 0.097548
0.0 0.218558 0.919270 0.075623 0.106080
1.0 0.268732 0.969800 0.083530 0.060400
0.0 0.121213 0.970612 0.051230 0.058777
1.0 0.509456 0.951226 0.174652 0.097548
0.0 0.488474 0.919270 0.075623 0.106080
1.0 0.438299 0.969800 0.083530 0.060400
0.0 0.585818 0.970612 0.051230 0.058777
1.0 0.783513 0.951226 0.174652 0.097548
0.0 0.804495 0.919270 0.075623 0.106080
1.0 0.854669 0.969800 0.083530 0.060400
0.0 0.707151 0.970612 0.051230 0.058777
1.0 0.991236 0.969800 0.017528 0.060400
