0.0 0.152344 0.076389 0.304688 0.152778
0.0 0.472494 0.076389 0.335613 0.152778
0.0 0.875162 0.076389 0.249675 0.152778
0.0 0.152344 0.370484 0.304688 0.435412
0.0 0.169349 0.600713 0.270677 0.493019
0.0 0.192042 0.779464 0.225292 0.135517
0.0 0.472494 0.370484 0.335613 0.435412
0.0 0.440026 0.600713 0.270677 0.493019
0.0 0.417333 0.779464 0.225292 0.135517
0.0 0.875162 0.370484 0.249675 0.435412
0.0 0.907630 0.600713 0.184739 0.493019
0.0 0.930323 0.779464 0.139354 0.135517
0.0 0.169349 0.923611 0.270677 0.152778
0.0 0.192042 0.914981 0.225292 0.135517
0.0 0.440026 0.923611 0.270677 0.152778
0.0 0.417333 0.914981 0.225292 0.135517
0.0 0.907630 0.923611 0.184739 0.152778
0.0 0.930323 0.914981 0.139354 0.135517
