1.0 0.003125 0.239410 0.006250 0.039931
0.0 0.003174 0.219010 0.006348 0.007813
1.0 0.171680 0.193924 0.048828 0.106597
1.0 0.220020 0.179514 0.057617 0.123611
1.0 0.262598 0.194965 0.040430 0.099653
1.0 0.131250 0.235417 0.021094 0.043056
1.0 0.105078 0.232986 0.026563 0.047222
1.0 0.061523 0.238542 0.026953 0.040972
1.0 0.030078 0.236458 0.030859 0.043750
1.0 0.087207 0.236111 0.021289 0.044444
1.0 0.150684 0.226736 0.029492 0.059722
1.0 0.179199 0.242535 0.024414 0.019792
1.0 0.017969 0.239410 0.017187 0.039931
1.0 0.155762 0.249306 0.017383 0.015278
1.0 0.311230 0.230556 0.015430 0.022222
1.0 0.119434 0.237500 0.013477 0.039583
0.0 0.206055 0.115278 0.033203 0.031250
0.0 0.275146 0.157594 0.026855 0.016927
0.0 0.080443 0.215538 0.010498 0.007813
0.0 0.013428 0.219010 0.008301 0.007813
1.0 0.500195 0.193924 0.048828 0.106597
1.0 0.451855 0.179514 0.057617 0.123611
1.0 0.409277 0.194965 0.040430 0.099653
1.0 0.540625 0.235417 0.021094 0.043056
1.0 0.566797 0.232986 0.026563 0.047222
1.0 0.610352 0.238542 0.026953 0.040972
1.0 0.641797 0.236458 0.030859 0.043750
1.0 0.584668 0.236111 0.021289 0.044444
1.0 0.521191 0.226736 0.029492 0.059722
1.0 0.492676 0.242535 0.024414 0.019792
1.0 0.653906 0.239410 0.017187 0.039931
1.0 0.516113 0.249306 0.017383 0.015278
1.0 0.360645 0.230556 0.015430 0.022222
1.0 0.552441 0.237500 0.013477 0.039583
0.0 0.465820 0.115278 0.033203 0.031250
0.0 0.396729 0.157594 0.026855 0.016927
0.0 0.591432 0.215538 0.010498 0.007813
0.0 0.658447 0.219010 0.008301 0.007813
1.0 0.827930 0.193924 0.048828 0.106597
1.0 0.876270 0.179514 0.057617 0.123611
1.0 0.918848 0.194965 0.040430 0.099653
1.0 0.787500 0.235417 0.021094 0.043056
1.0 0.761328 0.232986 0.026563 0.047222
1.0 0.717773 0.238542 0.026953 0.040972
1.0 0.686328 0.236458 0.030859 0.043750
1.0 0.743457 0.236111 0.021289 0.044444
1.0 0.806934 0.226736 0.029492 0.059722
1.0 0.835449 0.242535 0.024414 0.019792
1.0 0.674219 0.239410 0.017187 0.039931
1.0 0.812012 0.249306 0.017383 0.015278
1.0 0.967480 0.230556 0.015430 0.022222
1.0 0.775684 0.237500 0.013477 0.039583
0.0 0.862305 0.115278 0.033203 0.031250
0.0 0.931396 0.157594 0.026855 0.016927
0.0 0.736693 0.215538 0.010498 0.007813
0.0 0.669678 0.219010 0.008301 0.007813
1.0 0.003125 0.432118 0.006250 0.039931
0.0 0.003174 0.452517 0.006348 0.007813
1.0 0.171680 0.477604 0.048828 0.106597
1.0 0.220020 0.492014 0.057617 0.123611
1.0 0.262598 0.476563 0.040430 0.099653
1.0 0.131250 0.436111 0.021094 0.043056
1.0 0.105078 0.438542 0.026563 0.047222
1.0 0.061523 0.432986 0.026953 0.040972
1.0 0.030078 0.435069 0.030859 0.043750
1.0 0.087207 0.435417 0.021289 0.044444
1.0 0.150684 0.444792 0.029492 0.059722
1.0 0.179199 0.428993 0.024414 0.019792
1.0 0.017969 0.432118 0.017187 0.039931
1.0 0.155762 0.422222 0.017383 0.015278
1.0 0.311230 0.440972 0.015430 0.022222
1.0 0.119434 0.434028 0.013477 0.039583
0.0 0.206055 0.556250 0.033203 0.031250
0.0 0.275146 0.513934 0.026855 0.016927
0.0 0.080443 0.455990 0.010498 0.007813
0.0 0.013428 0.452517 0.008301 0.007813
1.0 0.500195 0.477604 0.048828 0.106597
1.0 0.451855 0.492014 0.057617 0.123611
1.0 0.409277 0.476563 0.040430 0.099653
1.0 0.540625 0.436111 0.021094 0.043056
1.0 0.566797 0.438542 0.026563 0.047222
1.0 0.610352 0.432986 0.026953 0.040972
1.0 0.641797 0.435069 0.030859 0.043750
1.0 0.584668 0.435417 0.021289 0.044444
1.0 0.521191 0.444792 0.029492 0.059722
1.0 0.492676 0.428993 0.024414 0.019792
1.0 0.653906 0.432118 0.017187 0.039931
1.0 0.516113 0.422222 0.017383 0.015278
1.0 0.360645 0.440972 0.015430 0.022222
1.0 0.552441 0.434028 0.013477 0.039583
0.0 0.465820 0.556250 0.033203 0.031250
0.0 0.396729 0.513934 0.026855 0.016927
0.0 0.591432 0.455990 0.010498 0.007813
0.0 0.658447 0.452517 0.008301 0.007813
1.0 0.827930 0.477604 0.048828 0.106597
1.0 0.876270 0.492014 0.057617 0.123611
1.0 0.918848 0.476563 0.040430 0.099653
1.0 0.787500 0.436111 0.021094 0.043056
1.0 0.761328 0.438542 0.026563 0.047222
1.0 0.717773 0.432986 0.026953 0.040972
1.0 0.686328 0.435069 0.030859 0.043750
1.0 0.743457 0.435417 0.021289 0.044444
1.0 0.806934 0.444792 0.029492 0.059722
1.0 0.835449 0.428993 0.024414 0.019792
1.0 0.674219 0.432118 0.017187 0.039931
1.0 0.812012 0.422222 0.017383 0.015278
1.0 0.967480 0.440972 0.015430 0.022222
1.0 0.775684 0.434028 0.013477 0.039583
0.0 0.862305 0.556250 0.033203 0.031250
0.0 0.931396 0.513934 0.026855 0.016927
0.0 0.736693 0.455990 0.010498 0.007813
0.0 0.669678 0.452517 0.008301 0.007813
1.0 0.003125 0.895660 0.006250 0.039931
0.0 0.003174 0.875260 0.006348 0.007813
1.0 0.171680 0.850174 0.048828 0.106597
1.0 0.220020 0.835764 0.057617 0.123611
1.0 0.262598 0.851215 0.040430 0.099653
1.0 0.131250 0.891667 0.021094 0.043056
1.0 0.105078 0.889236 0.026563 0.047222
1.0 0.061523 0.894792 0.026953 0.040972
1.0 0.030078 0.892708 0.030859 0.043750
1.0 0.087207 0.892361 0.021289 0.044444
1.0 0.150684 0.882986 0.029492 0.059722
1.0 0.179199 0.898785 0.024414 0.019792
1.0 0.017969 0.895660 0.017187 0.039931
1.0 0.155762 0.905556 0.017383 0.015278
1.0 0.311230 0.886806 0.015430 0.022222
1.0 0.119434 0.893750 0.013477 0.039583
0.0 0.206055 0.771528 0.033203 0.031250
0.0 0.275146 0.813844 0.026855 0.016927
0.0 0.080443 0.871788 0.010498 0.007813
0.0 0.013428 0.875260 0.008301 0.007813
1.0 0.500195 0.850174 0.048828 0.106597
1.0 0.451855 0.835764 0.057617 0.123611
1.0 0.409277 0.851215 0.040430 0.099653
1.0 0.540625 0.891667 0.021094 0.043056
1.0 0.566797 0.889236 0.026563 0.047222
1.0 0.610352 0.894792 0.026953 0.040972
1.0 0.641797 0.892708 0.030859 0.043750
1.0 0.584668 0.892361 0.021289 0.044444
1.0 0.521191 0.882986 0.029492 0.059722
1.0 0.492676 0.898785 0.024414 0.019792
1.0 0.653906 0.895660 0.017187 0.039931
1.0 0.516113 0.905556 0.017383 0.015278
1.0 0.360645 0.886806 0.015430 0.022222
1.0 0.552441 0.893750 0.013477 0.039583
0.0 0.465820 0.771528 0.033203 0.031250
0.0 0.396729 0.813844 0.026855 0.016927
0.0 0.591432 0.871788 0.010498 0.007813
0.0 0.658447 0.875260 0.008301 0.007813
1.0 0.827930 0.850174 0.048828 0.106597
1.0 0.876270 0.835764 0.057617 0.123611
1.0 0.918848 0.851215 0.040430 0.099653
1.0 0.787500 0.891667 0.021094 0.043056
1.0 0.761328 0.889236 0.026563 0.047222
1.0 0.717773 0.894792 0.026953 0.040972
1.0 0.686328 0.892708 0.030859 0.043750
1.0 0.743457 0.892361 0.021289 0.044444
1.0 0.806934 0.882986 0.029492 0.059722
1.0 0.835449 0.898785 0.024414 0.019792
1.0 0.674219 0.895660 0.017187 0.039931
1.0 0.812012 0.905556 0.017383 0.015278
1.0 0.967480 0.886806 0.015430 0.022222
1.0 0.775684 0.893750 0.013477 0.039583
0.0 0.862305 0.771528 0.033203 0.031250
0.0 0.931396 0.813844 0.026855 0.016927
0.0 0.736693 0.871788 0.010498 0.007813
0.0 0.669678 0.875260 0.008301 0.007813
