1.0 0.047222 0.022373 0.007719 0.020877
1.0 0.034753 0.027477 0.007820 0.020084
1.0 0.049314 0.027489 0.007072 0.018698
1.0 0.037983 0.035041 0.006185 0.012829
0.0 0.047221 0.013498 0.004363 0.004609
1.0 0.114887 0.022373 0.007719 0.020877
1.0 0.127357 0.027477 0.007820 0.020084
1.0 0.112795 0.027489 0.007072 0.018698
1.0 0.124126 0.035041 0.006185 0.012829
0.0 0.114889 0.013498 0.004363 0.004609
1.0 0.199566 0.022373 0.007719 0.020877
1.0 0.187096 0.027477 0.007820 0.020084
1.0 0.201658 0.027489 0.007072 0.018698
1.0 0.190327 0.035041 0.006185 0.012829
0.0 0.199565 0.013498 0.004363 0.004609
1.0 0.267231 0.022373 0.007719 0.020877
1.0 0.279700 0.027477 0.007820 0.020084
1.0 0.265139 0.027489 0.007072 0.018698
1.0 0.276470 0.035041 0.006185 0.012829
0.0 0.267232 0.013498 0.004363 0.004609
1.0 0.351910 0.022373 0.007719 0.020877
1.0 0.339440 0.027477 0.007820 0.020084
1.0 0.354001 0.027489 0.007072 0.018698
1.0 0.342671 0.035041 0.006185 0.012829
0.0 0.351908 0.013498 0.004363 0.004609
1.0 0.419575 0.022373 0.007719 0.020877
1.0 0.432044 0.027477 0.007820 0.020084
1.0 0.417483 0.027489 0.007072 0.018698
1.0 0.428814 0.035041 0.006185 0.012829
0.0 0.419576 0.013498 0.004363 0.004609
1.0 0.504254 0.022373 0.007719 0.020877
1.0 0.491784 0.027477 0.007820 0.020084
1.0 0.506345 0.027489 0.007072 0.018698
1.0 0.495015 0.035041 0.006185 0.012829
0.0 0.504252 0.013498 0.004363 0.004609
1.0 0.571918 0.022373 0.007719 0.020877
1.0 0.584388 0.027477 0.007820 0.020084
1.0 0.569827 0.027489 0.007072 0.018698
1.0 0.581157 0.035041 0.006185 0.012829
0.0 0.571920 0.013498 0.004363 0.004609
1.0 0.656597 0.022373 0.007719 0.020877
1.0 0.644128 0.027477 0.007820 0.020084
1.0 0.658689 0.027489 0.007072 0.018698
1.0 0.647358 0.035041 0.006185 0.012829
0.0 0.656596 0.013498 0.004363 0.004609
1.0 0.724262 0.022373 0.007719 0.020877
1.0 0.736732 0.027477 0.007820 0.020084
1.0 0.722170 0.027489 0.007072 0.018698
1.0 0.733501 0.035041 0.006185 0.012829
0.0 0.724264 0.013498 0.004363 0.004609
1.0 0.808941 0.022373 0.007719 0.020877
1.0 0.796471 0.027477 0.007820 0.020084
1.0 0.811033 0.027489 0.007072 0.018698
1.0 0.799702 0.035041 0.006185 0.012829
0.0 0.808940 0.013498 0.004363 0.004609
1.0 0.876606 0.022373 0.007719 0.020877
1.0 0.889075 0.027477 0.007820 0.020084
1.0 0.874514 0.027489 0.007072 0.018698
1.0 0.885845 0.035041 0.006185 0.012829
0.0 0.876607 0.013498 0.004363 0.004609
1.0 0.961285 0.022373 0.007719 0.020877
1.0 0.948815 0.027477 0.007820 0.020084
1.0 0.963376 0.027489 0.007072 0.018698
1.0 0.952046 0.035041 0.006185 0.012829
0.0 0.961283 0.013498 0.004363 0.004609
1.0 0.047222 0.102627 0.007719 0.020877
1.0 0.034753 0.097523 0.007820 0.020084
1.0 0.049314 0.097511 0.007072 0.018698
1.0 0.037983 0.089959 0.006185 0.012829
0.0 0.047221 0.111502 0.004363 0.004609
1.0 0.114887 0.102627 0.007719 0.020877
1.0 0.127357 0.097523 0.007820 0.020084
1.0 0.112795 0.097511 0.007072 0.018698
1.0 0.124126 0.089959 0.006185 0.012829
0.0 0.114889 0.111502 0.004363 0.004609
1.0 0.199566 0.102627 0.007719 0.020877
1.0 0.187096 0.097523 0.007820 0.020084
1.0 0.201658 0.097511 0.007072 0.018698
1.0 0.190327 0.089959 0.006185 0.012829
0.0 0.199565 0.111502 0.004363 0.004609
1.0 0.267231 0.102627 0.007719 0.020877
1.0 0.279700 0.097523 0.007820 0.020084
1.0 0.265139 0.097511 0.007072 0.018698
1.0 0.276470 0.089959 0.006185 0.012829
0.0 0.267232 0.111502 0.004363 0.004609
1.0 0.351910 0.102627 0.007719 0.020877
1.0 0.339440 0.097523 0.007820 0.020084
1.0 0.354001 0.097511 0.007072 0.018698
1.0 0.342671 0.089959 0.006185 0.012829
0.0 0.351908 0.111502 0.004363 0.004609
1.0 0.419575 0.102627 0.007719 0.020877
1.0 0.432044 0.097523 0.007820 0.020084
1.0 0.417483 0.097511 0.007072 0.018698
1.0 0.428814 0.089959 0.006185 0.012829
0.0 0.419576 0.111502 0.004363 0.004609
1.0 0.504254 0.102627 0.007719 0.020877
1.0 0.491784 0.097523 0.007820 0.020084
1.0 0.506345 0.097511 0.007072 0.018698
1.0 0.495015 0.089959 0.006185 0.012829
0.0 0.504252 0.111502 0.004363 0.004609
1.0 0.571918 0.102627 0.007719 0.020877
1.0 0.584388 0.097523 0.007820 0.020084
1.0 0.569827 0.097511 0.007072 0.018698
1.0 0.581157 0.089959 0.006185 0.012829
0.0 0.571920 0.111502 0.004363 0.004609
1.0 0.656597 0.102627 0.007719 0.020877
1.0 0.644128 0.097523 0.007820 0.020084
1.0 0.658689 0.097511 0.007072 0.018698
1.0 0.647358 0.089959 0.006185 0.012829
0.0 0.656596 0.111502 0.004363 0.004609
1.0 0.724262 0.102627 0.007719 0.020877
1.0 0.736732 0.097523 0.007820 0.020084
1.0 0.722170 0.097511 0.007072 0.018698
1.0 0.733501 0.089959 0.006185 0.012829
0.0 0.724264 0.111502 0.004363 0.004609
1.0 0.808941 0.102627 0.007719 0.020877
1.0 0.796471 0.097523 0.007820 0.020084
1.0 0.811033 0.097511 0.007072 0.018698
1.0 0.799702 0.089959 0.006185 0.012829
0.0 0.808940 0.111502 0.004363 0.004609
1.0 0.876606 0.102627 0.007719 0.020877
1.0 0.889075 0.097523 0.007820 0.020084
1.0 0.874514 0.097511 0.007072 0.018698
1.0 0.885845 0.089959 0.006185 0.012829
0.0 0.876607 0.111502 0.004363 0.004609
1.0 0.961285 0.102627 0.007719 0.020877
1.0 0.948815 0.097523 0.007820 0.020084
1.0 0.963376 0.097511 0.007072 0.018698
1.0 0.952046 0.089959 0.006185 0.012829
0.0 0.961283 0.111502 0.004363 0.004609
1.0 0.047222 0.216817 0.007719 0.020877
1.0 0.034753 0.221921 0.007820 0.020084
1.0 0.049314 0.221934 0.007072 0.018698
1.0 0.037983 0.229486 0.006185 0.012829
0.0 0.047221 0.207942 0.004363 0.004609
1.0 0.114887 0.216817 0.007719 0.020877
1.0 0.127357 0.221921 0.007820 0.020084
1.0 0.112795 0.221934 0.007072 0.018698
1.0 0.124126 0.229486 0.006185 0.012829
0.0 0.114889 0.207942 0.004363 0.004609
1.0 0.199566 0.216817 0.007719 0.020877
1.0 0.187096 0.221921 0.007820 0.020084
1.0 0.201658 0.221934 0.007072 0.018698
1.0 0.190327 0.229486 0.006185 0.012829
0.0 0.199565 0.207942 0.004363 0.004609
1.0 0.267231 0.216817 0.007719 0.020877
1.0 0.279700 0.221921 0.007820 0.020084
1.0 0.265139 0.221934 0.007072 0.018698
1.0 0.276470 0.229486 0.006185 0.012829
0.0 0.267232 0.207942 0.004363 0.004609
1.0 0.351910 0.216817 0.007719 0.020877
1.0 0.339440 0.221921 0.007820 0.020084
1.0 0.354001 0.221934 0.007072 0.018698
1.0 0.342671 0.229486 0.006185 0.012829
0.0 0.351908 0.207942 0.004363 0.004609
1.0 0.419575 0.216817 0.007719 0.020877
1.0 0.432044 0.221921 0.007820 0.020084
1.0 0.417483 0.221934 0.007072 0.018698
1.0 0.428814 0.229486 0.006185 0.012829
0.0 0.419576 0.207942 0.004363 0.004609
1.0 0.504254 0.216817 0.007719 0.020877
1.0 0.491784 0.221921 0.007820 0.020084
1.0 0.506345 0.221934 0.007072 0.018698
1.0 0.495015 0.229486 0.006185 0.012829
0.0 0.504252 0.207942 0.004363 0.004609
1.0 0.571918 0.216817 0.007719 0.020877
1.0 0.584388 0.221921 0.007820 0.020084
1.0 0.569827 0.221934 0.007072 0.018698
1.0 0.581157 0.229486 0.006185 0.012829
0.0 0.571920 0.207942 0.004363 0.004609
1.0 0.656597 0.216817 0.007719 0.020877
1.0 0.644128 0.221921 0.007820 0.020084
1.0 0.658689 0.221934 0.007072 0.018698
1.0 0.647358 0.229486 0.006185 0.012829
0.0 0.656596 0.207942 0.004363 0.004609
1.0 0.724262 0.216817 0.007719 0.020877
1.0 0.736732 0.221921 0.007820 0.020084
1.0 0.722170 0.221934 0.007072 0.018698
1.0 0.733501 0.229486 0.006185 0.012829
0.0 0.724264 0.207942 0.004363 0.004609
1.0 0.808941 0.216817 0.007719 0.020877
1.0 0.796471 0.221921 0.007820 0.020084
1.0 0.811033 0.221934 0.007072 0.018698
1.0 0.799702 0.229486 0.006185 0.012829
0.0 0.808940 0.207942 0.004363 0.004609
1.0 0.876606 0.216817 0.007719 0.020877
1.0 0.889075 0.221921 0.007820 0.020084
1.0 0.874514 0.221934 0.007072 0.018698
1.0 0.885845 0.229486 0.006185 0.012829
0.0 0.876607 0.207942 0.004363 0.004609
1.0 0.961285 0.216817 0.007719 0.020877
1.0 0.948815 0.221921 0.007820 0.020084
1.0 0.963376 0.221934 0.007072 0.018698
1.0 0.952046 0.229486 0.006185 0.012829
0.0 0.961283 0.207942 0.004363 0.004609
1.0 0.047222 0.297072 0.007719 0.020877
1.0 0.034753 0.291968 0.007820 0.020084
1.0 0.049314 0.291955 0.007072 0.018698
1.0 0.037983 0.284403 0.006185 0.012829
0.0 0.047221 0.305947 0.004363 0.004609
1.0 0.114887 0.297072 0.007719 0.020877
1.0 0.127357 0.291968 0.007820 0.020084
1.0 0.112795 0.291955 0.007072 0.018698
1.0 0.124126 0.284403 0.006185 0.012829
0.0 0.114889 0.305947 0.004363 0.004609
1.0 0.199566 0.297072 0.007719 0.020877
1.0 0.187096 0.291968 0.007820 0.020084
1.0 0.201658 0.291955 0.007072 0.018698
1.0 0.190327 0.284403 0.006185 0.012829
0.0 0.199565 0.305947 0.004363 0.004609
1.0 0.267231 0.297072 0.007719 0.020877
1.0 0.279700 0.291968 0.007820 0.020084
1.0 0.265139 0.291955 0.007072 0.018698
1.0 0.276470 0.284403 0.006185 0.012829
0.0 0.267232 0.305947 0.004363 0.004609
1.0 0.351910 0.297072 0.007719 0.020877
1.0 0.339440 0.291968 0.007820 0.020084
1.0 0.354001 0.291955 0.007072 0.018698
1.0 0.342671 0.284403 0.006185 0.012829
0.0 0.351908 0.305947 0.004363 0.004609
1.0 0.419575 0.297072 0.007719 0.020877
1.0 0.432044 0.291968 0.007820 0.020084
1.0 0.417483 0.291955 0.007072 0.018698
1.0 0.428814 0.284403 0.006185 0.012829
0.0 0.419576 0.305947 0.004363 0.004609
1.0 0.504254 0.297072 0.007719 0.020877
1.0 0.491784 0.291968 0.007820 0.020084
1.0 0.506345 0.291955 0.007072 0.018698
1.0 0.495015 0.284403 0.006185 0.012829
0.0 0.504252 0.305947 0.004363 0.004609
1.0 0.571918 0.297072 0.007719 0.020877
1.0 0.584388 0.291968 0.007820 0.020084
1.0 0.569827 0.291955 0.007072 0.018698
1.0 0.581157 0.284403 0.006185 0.012829
0.0 0.571920 0.305947 0.004363 0.004609
1.0 0.656597 0.297072 0.007719 0.020877
1.0 0.644128 0.291968 0.007820 0.020084
1.0 0.658689 0.291955 0.007072 0.018698
1.0 0.647358 0.284403 0.006185 0.012829
0.0 0.656596 0.305947 0.004363 0.004609
1.0 0.724262 0.297072 0.007719 0.020877
1.0 0.736732 0.291968 0.007820 0.020084
1.0 0.722170 0.291955 0.007072 0.018698
1.0 0.733501 0.284403 0.006185 0.012829
0.0 0.724264 0.305947 0.004363 0.004609
1.0 0.808941 0.297072 0.007719 0.020877
1.0 0.796471 0.291968 0.007820 0.020084
1.0 0.811033 0.291955 0.007072 0.018698
1.0 0.799702 0.284403 0.006185 0.012829
0.0 0.808940 0.305947 0.004363 0.004609
1.0 0.876606 0.297072 0.007719 0.020877
1.0 0.889075 0.291968 0.007820 0.020084
1.0 0.874514 0.291955 0.007072 0.018698
1.0 0.885845 0.284403 0.006185 0.012829
0.0 0.876607 0.305947 0.004363 0.004609
1.0 0.961285 0.297072 0.007719 0.020877
1.0 0.948815 0.291968 0.007820 0.020084
1.0 0.963376 0.291955 0.007072 0.018698
1.0 0.952046 0.284403 0.006185 0.012829
0.0 0.961283 0.305947 0.004363 0.004609
1.0 0.047222 0.411261 0.007719 0.020877
1.0 0.034753 0.416366 0.007820 0.020084
1.0 0.049314 0.416378 0.007072 0.018698
1.0 0.037983 0.423930 0.006185 0.012829
0.0 0.047221 0.402387 0.004363 0.004609
1.0 0.114887 0.411261 0.007719 0.020877
1.0 0.127357 0.416366 0.007820 0.020084
1.0 0.112795 0.416378 0.007072 0.018698
1.0 0.124126 0.423930 0.006185 0.012829
0.0 0.114889 0.402387 0.004363 0.004609
1.0 0.199566 0.411261 0.007719 0.020877
1.0 0.187096 0.416366 0.007820 0.020084
1.0 0.201658 0.416378 0.007072 0.018698
1.0 0.190327 0.423930 0.006185 0.012829
0.0 0.199565 0.402387 0.004363 0.004609
1.0 0.267231 0.411261 0.007719 0.020877
1.0 0.279700 0.416366 0.007820 0.020084
1.0 0.265139 0.416378 0.007072 0.018698
1.0 0.276470 0.423930 0.006185 0.012829
0.0 0.267232 0.402387 0.004363 0.004609
1.0 0.351910 0.411261 0.007719 0.020877
1.0 0.339440 0.416366 0.007820 0.020084
1.0 0.354001 0.416378 0.007072 0.018698
1.0 0.342671 0.423930 0.006185 0.012829
0.0 0.351908 0.402387 0.004363 0.004609
1.0 0.419575 0.411261 0.007719 0.020877
1.0 0.432044 0.416366 0.007820 0.020084
1.0 0.417483 0.416378 0.007072 0.018698
1.0 0.428814 0.423930 0.006185 0.012829
0.0 0.419576 0.402387 0.004363 0.004609
1.0 0.504254 0.411261 0.007719 0.020877
1.0 0.491784 0.416366 0.007820 0.020084
1.0 0.506345 0.416378 0.007072 0.018698
1.0 0.495015 0.423930 0.006185 0.012829
0.0 0.504252 0.402387 0.004363 0.004609
1.0 0.571918 0.411261 0.007719 0.020877
1.0 0.584388 0.416366 0.007820 0.020084
1.0 0.569827 0.416378 0.007072 0.018698
1.0 0.581157 0.423930 0.006185 0.012829
0.0 0.571920 0.402387 0.004363 0.004609
1.0 0.656597 0.411261 0.007719 0.020877
1.0 0.644128 0.416366 0.007820 0.020084
1.0 0.658689 0.416378 0.007072 0.018698
1.0 0.647358 0.423930 0.006185 0.012829
0.0 0.656596 0.402387 0.004363 0.004609
1.0 0.724262 0.411261 0.007719 0.020877
1.0 0.736732 0.416366 0.007820 0.020084
1.0 0.722170 0.416378 0.007072 0.018698
1.0 0.733501 0.423930 0.006185 0.012829
0.0 0.724264 0.402387 0.004363 0.004609
1.0 0.808941 0.411261 0.007719 0.020877
1.0 0.796471 0.416366 0.007820 0.020084
1.0 0.811033 0.416378 0.007072 0.018698
1.0 0.799702 0.423930 0.006185 0.012829
0.0 0.808940 0.402387 0.004363 0.004609
1.0 0.876606 0.411261 0.007719 0.020877
1.0 0.889075 0.416366 0.007820 0.020084
1.0 0.874514 0.416378 0.007072 0.018698
1.0 0.885845 0.423930 0.006185 0.012829
0.0 0.876607 0.402387 0.004363 0.004609
1.0 0.961285 0.411261 0.007719 0.020877
1.0 0.948815 0.416366 0.007820 0.020084
1.0 0.963376 0.416378 0.007072 0.018698
1.0 0.952046 0.423930 0.006185 0.012829
0.0 0.961283 0.402387 0.004363 0.004609
1.0 0.047222 0.491516 0.007719 0.020877
1.0 0.034753 0.486412 0.007820 0.020084
1.0 0.049314 0.486400 0.007072 0.018698
1.0 0.037983 0.478848 0.006185 0.012829
0.0 0.047221 0.500391 0.004363 0.004609
1.0 0.114887 0.491516 0.007719 0.020877
1.0 0.127357 0.486412 0.007820 0.020084
1.0 0.112795 0.486400 0.007072 0.018698
1.0 0.124126 0.478848 0.006185 0.012829
0.0 0.114889 0.500391 0.004363 0.004609
1.0 0.199566 0.491516 0.007719 0.020877
1.0 0.187096 0.486412 0.007820 0.020084
1.0 0.201658 0.486400 0.007072 0.018698
1.0 0.190327 0.478848 0.006185 0.012829
0.0 0.199565 0.500391 0.004363 0.004609
1.0 0.267231 0.491516 0.007719 0.020877
1.0 0.279700 0.486412 0.007820 0.020084
1.0 0.265139 0.486400 0.007072 0.018698
1.0 0.276470 0.478848 0.006185 0.012829
0.0 0.267232 0.500391 0.004363 0.004609
1.0 0.351910 0.491516 0.007719 0.020877
1.0 0.339440 0.486412 0.007820 0.020084
1.0 0.354001 0.486400 0.007072 0.018698
1.0 0.342671 0.478848 0.006185 0.012829
0.0 0.351908 0.500391 0.004363 0.004609
1.0 0.419575 0.491516 0.007719 0.020877
1.0 0.432044 0.486412 0.007820 0.020084
1.0 0.417483 0.486400 0.007072 0.018698
1.0 0.428814 0.478848 0.006185 0.012829
0.0 0.419576 0.500391 0.004363 0.004609
1.0 0.504254 0.491516 0.007719 0.020877
1.0 0.491784 0.486412 0.007820 0.020084
1.0 0.506345 0.486400 0.007072 0.018698
1.0 0.495015 0.478848 0.006185 0.012829
0.0 0.504252 0.500391 0.004363 0.004609
1.0 0.571918 0.491516 0.007719 0.020877
1.0 0.584388 0.486412 0.007820 0.020084
1.0 0.569827 0.486400 0.007072 0.018698
1.0 0.581157 0.478848 0.006185 0.012829
0.0 0.571920 0.500391 0.004363 0.004609
1.0 0.656597 0.491516 0.007719 0.020877
1.0 0.644128 0.486412 0.007820 0.020084
1.0 0.658689 0.486400 0.007072 0.018698
1.0 0.647358 0.478848 0.006185 0.012829
0.0 0.656596 0.500391 0.004363 0.004609
1.0 0.724262 0.491516 0.007719 0.020877
1.0 0.736732 0.486412 0.007820 0.020084
1.0 0.722170 0.486400 0.007072 0.018698
1.0 0.733501 0.478848 0.006185 0.012829
0.0 0.724264 0.500391 0.004363 0.004609
1.0 0.808941 0.491516 0.007719 0.020877
1.0 0.796471 0.486412 0.007820 0.020084
1.0 0.811033 0.486400 0.007072 0.018698
1.0 0.799702 0.478848 0.006185 0.012829
0.0 0.808940 0.500391 0.004363 0.004609
1.0 0.876606 0.491516 0.007719 0.020877
1.0 0.889075 0.486412 0.007820 0.020084
1.0 0.874514 0.486400 0.007072 0.018698
1.0 0.885845 0.478848 0.006185 0.012829
0.0 0.876607 0.500391 0.004363 0.004609
1.0 0.961285 0.491516 0.007719 0.020877
1.0 0.948815 0.486412 0.007820 0.020084
1.0 0.963376 0.486400 0.007072 0.018698
1.0 0.952046 0.478848 0.006185 0.012829
0.0 0.961283 0.500391 0.004363 0.004609
1.0 0.047222 0.605706 0.007719 0.020877
1.0 0.034753 0.610810 0.007820 0.020084
1.0 0.049314 0.610823 0.007072 0.018698
1.0 0.037983 0.618375 0.006185 0.012829
0.0 0.047221 0.596831 0.004363 0.004609
1.0 0.114887 0.605706 0.007719 0.020877
1.0 0.127357 0.610810 0.007820 0.020084
1.0 0.112795 0.610823 0.007072 0.018698
1.0 0.124126 0.618375 0.006185 0.012829
0.0 0.114889 0.596831 0.004363 0.004609
1.0 0.199566 0.605706 0.007719 0.020877
1.0 0.187096 0.610810 0.007820 0.020084
1.0 0.201658 0.610823 0.007072 0.018698
1.0 0.190327 0.618375 0.006185 0.012829
0.0 0.199565 0.596831 0.004363 0.004609
1.0 0.267231 0.605706 0.007719 0.020877
1.0 0.279700 0.610810 0.007820 0.020084
1.0 0.265139 0.610823 0.007072 0.018698
1.0 0.276470 0.618375 0.006185 0.012829
0.0 0.267232 0.596831 0.004363 0.004609
1.0 0.351910 0.605706 0.007719 0.020877
1.0 0.339440 0.610810 0.007820 0.020084
1.0 0.354001 0.610823 0.007072 0.018698
1.0 0.342671 0.618375 0.006185 0.012829
0.0 0.351908 0.596831 0.004363 0.004609
1.0 0.419575 0.605706 0.007719 0.020877
1.0 0.432044 0.610810 0.007820 0.020084
1.0 0.417483 0.610823 0.007072 0.018698
1.0 0.428814 0.618375 0.006185 0.012829
0.0 0.419576 0.596831 0.004363 0.004609
1.0 0.504254 0.605706 0.007719 0.020877
1.0 0.491784 0.610810 0.007820 0.020084
1.0 0.506345 0.610823 0.007072 0.018698
1.0 0.495015 0.618375 0.006185 0.012829
0.0 0.504252 0.596831 0.004363 0.004609
1.0 0.571918 0.605706 0.007719 0.020877
1.0 0.584388 0.610810 0.007820 0.020084
1.0 0.569827 0.610823 0.007072 0.018698
1.0 0.581157 0.618375 0.006185 0.012829
0.0 0.571920 0.596831 0.004363 0.004609
1.0 0.656597 0.605706 0.007719 0.020877
1.0 0.644128 0.610810 0.007820 0.020084
1.0 0.658689 0.610823 0.007072 0.018698
1.0 0.647358 0.618375 0.006185 0.012829
0.0 0.656596 0.596831 0.004363 0.004609
1.0 0.724262 0.605706 0.007719 0.020877
1.0 0.736732 0.610810 0.007820 0.020084
1.0 0.722170 0.610823 0.007072 0.018698
1.0 0.733501 0.618375 0.006185 0.012829
0.0 0.724264 0.596831 0.004363 0.004609
1.0 0.808941 0.605706 0.007719 0.020877
1.0 0.796471 0.610810 0.007820 0.020084
1.0 0.811033 0.610823 0.007072 0.018698
1.0 0.799702 0.618375 0.006185 0.012829
0.0 0.808940 0.596831 0.004363 0.004609
1.0 0.876606 0.605706 0.007719 0.020877
1.0 0.889075 0.610810 0.007820 0.020084
1.0 0.874514 0.610823 0.007072 0.018698
1.0 0.885845 0.618375 0.006185 0.012829
0.0 0.876607 0.596831 0.004363 0.004609
1.0 0.961285 0.605706 0.007719 0.020877
1.0 0.948815 0.610810 0.007820 0.020084
1.0 0.963376 0.610823 0.007072 0.018698
1.0 0.952046 0.618375 0.006185 0.012829
0.0 0.961283 0.596831 0.004363 0.004609
1.0 0.047222 0.685961 0.007719 0.020877
1.0 0.034753 0.680857 0.007820 0.020084
1.0 0.049314 0.680844 0.007072 0.018698
1.0 0.037983 0.673292 0.006185 0.012829
0.0 0.047221 0.694836 0.004363 0.004609
1.0 0.114887 0.685961 0.007719 0.020877
1.0 0.127357 0.680857 0.007820 0.020084
1.0 0.112795 0.680844 0.007072 0.018698
1.0 0.124126 0.673292 0.006185 0.012829
0.0 0.114889 0.694836 0.004363 0.004609
1.0 0.199566 0.685961 0.007719 0.020877
1.0 0.187096 0.680857 0.007820 0.020084
1.0 0.201658 0.680844 0.007072 0.018698
1.0 0.190327 0.673292 0.006185 0.012829
0.0 0.199565 0.694836 0.004363 0.004609
1.0 0.267231 0.685961 0.007719 0.020877
1.0 0.279700 0.680857 0.007820 0.020084
1.0 0.265139 0.680844 0.007072 0.018698
1.0 0.276470 0.673292 0.006185 0.012829
0.0 0.267232 0.694836 0.004363 0.004609
1.0 0.351910 0.685961 0.007719 0.020877
1.0 0.339440 0.680857 0.007820 0.020084
1.0 0.354001 0.680844 0.007072 0.018698
1.0 0.342671 0.673292 0.006185 0.012829
0.0 0.351908 0.694836 0.004363 0.004609
1.0 0.419575 0.685961 0.007719 0.020877
1.0 0.432044 0.680857 0.007820 0.020084
1.0 0.417483 0.680844 0.007072 0.018698
1.0 0.428814 0.673292 0.006185 0.012829
0.0 0.419576 0.694836 0.004363 0.004609
1.0 0.504254 0.685961 0.007719 0.020877
1.0 0.491784 0.680857 0.007820 0.020084
1.0 0.506345 0.680844 0.007072 0.018698
1.0 0.495015 0.673292 0.006185 0.012829
0.0 0.504252 0.694836 0.004363 0.004609
1.0 0.571918 0.685961 0.007719 0.020877
1.0 0.584388 0.680857 0.007820 0.020084
1.0 0.569827 0.680844 0.007072 0.018698
1.0 0.581157 0.673292 0.006185 0.012829
0.0 0.571920 0.694836 0.004363 0.004609
1.0 0.656597 0.685961 0.007719 0.020877
1.0 0.644128 0.680857 0.007820 0.020084
1.0 0.658689 0.680844 0.007072 0.018698
1.0 0.647358 0.673292 0.006185 0.012829
0.0 0.656596 0.694836 0.004363 0.004609
1.0 0.724262 0.685961 0.007719 0.020877
1.0 0.736732 0.680857 0.007820 0.020084
1.0 0.722170 0.680844 0.007072 0.018698
1.0 0.733501 0.673292 0.006185 0.012829
0.0 0.724264 0.694836 0.004363 0.004609
1.0 0.808941 0.685961 0.007719 0.020877
1.0 0.796471 0.680857 0.007820 0.020084
1.0 0.811033 0.680844 0.007072 0.018698
1.0 0.799702 0.673292 0.006185 0.012829
0.0 0.808940 0.694836 0.004363 0.004609
1.0 0.876606 0.685961 0.007719 0.020877
1.0 0.889075 0.680857 0.007820 0.020084
1.0 0.874514 0.680844 0.007072 0.018698
1.0 0.885845 0.673292 0.006185 0.012829
0.0 0.876607 0.694836 0.004363 0.004609
1.0 0.961285 0.685961 0.007719 0.020877
1.0 0.948815 0.680857 0.007820 0.020084
1.0 0.963376 0.680844 0.007072 0.018698
1.0 0.952046 0.673292 0.006185 0.012829
0.0 0.961283 0.694836 0.004363 0.004609
1.0 0.047222 0.800150 0.007719 0.020877
1.0 0.034753 0.805254 0.007820 0.020084
1.0 0.049314 0.805267 0.007072 0.018698
1.0 0.037983 0.812819 0.006185 0.012829
0.0 0.047221 0.791276 0.004363 0.004609
1.0 0.114887 0.800150 0.007719 0.020877
1.0 0.127357 0.805254 0.007820 0.020084
1.0 0.112795 0.805267 0.007072 0.018698
1.0 0.124126 0.812819 0.006185 0.012829
0.0 0.114889 0.791276 0.004363 0.004609
1.0 0.199566 0.800150 0.007719 0.020877
1.0 0.187096 0.805254 0.007820 0.020084
1.0 0.201658 0.805267 0.007072 0.018698
1.0 0.190327 0.812819 0.006185 0.012829
0.0 0.199565 0.791276 0.004363 0.004609
1.0 0.267231 0.800150 0.007719 0.020877
1.0 0.279700 0.805254 0.007820 0.020084
1.0 0.265139 0.805267 0.007072 0.018698
1.0 0.276470 0.812819 0.006185 0.012829
0.0 0.267232 0.791276 0.004363 0.004609
1.0 0.351910 0.800150 0.007719 0.020877
1.0 0.339440 0.805254 0.007820 0.020084
1.0 0.354001 0.805267 0.007072 0.018698
1.0 0.342671 0.812819 0.006185 0.012829
0.0 0.351908 0.791276 0.004363 0.004609
1.0 0.419575 0.800150 0.007719 0.020877
1.0 0.432044 0.805254 0.007820 0.020084
1.0 0.417483 0.805267 0.007072 0.018698
1.0 0.428814 0.812819 0.006185 0.012829
0.0 0.419576 0.791276 0.004363 0.004609
1.0 0.504254 0.800150 0.007719 0.020877
1.0 0.491784 0.805254 0.007820 0.020084
1.0 0.506345 0.805267 0.007072 0.018698
1.0 0.495015 0.812819 0.006185 0.012829
0.0 0.504252 0.791276 0.004363 0.004609
1.0 0.571918 0.800150 0.007719 0.020877
1.0 0.584388 0.805254 0.007820 0.020084
1.0 0.569827 0.805267 0.007072 0.018698
1.0 0.581157 0.812819 0.006185 0.012829
0.0 0.571920 0.791276 0.004363 0.004609
1.0 0.656597 0.800150 0.007719 0.020877
1.0 0.644128 0.805254 0.007820 0.020084
1.0 0.658689 0.805267 0.007072 0.018698
1.0 0.647358 0.812819 0.006185 0.012829
0.0 0.656596 0.791276 0.004363 0.004609
1.0 0.724262 0.800150 0.007719 0.020877
1.0 0.736732 0.805254 0.007820 0.020084
1.0 0.722170 0.805267 0.007072 0.018698
1.0 0.733501 0.812819 0.006185 0.012829
0.0 0.724264 0.791276 0.004363 0.004609
1.0 0.808941 0.800150 0.007719 0.020877
1.0 0.796471 0.805254 0.007820 0.020084
1.0 0.811033 0.805267 0.007072 0.018698
1.0 0.799702 0.812819 0.006185 0.012829
0.0 0.808940 0.791276 0.004363 0.004609
1.0 0.876606 0.800150 0.007719 0.020877
1.0 0.889075 0.805254 0.007820 0.020084
1.0 0.874514 0.805267 0.007072 0.018698
1.0 0.885845 0.812819 0.006185 0.012829
0.0 0.876607 0.791276 0.004363 0.004609
1.0 0.961285 0.800150 0.007719 0.020877
1.0 0.948815 0.805254 0.007820 0.020084
1.0 0.963376 0.805267 0.007072 0.018698
1.0 0.952046 0.812819 0.006185 0.012829
0.0 0.961283 0.791276 0.004363 0.004609
1.0 0.047222 0.880405 0.007719 0.020877
1.0 0.034753 0.875301 0.007820 0.020084
1.0 0.049314 0.875288 0.007072 0.018698
1.0 0.037983 0.867736 0.006185 0.012829
0.0 0.047221 0.889280 0.004363 0.004609
1.0 0.114887 0.880405 0.007719 0.020877
1.0 0.127357 0.875301 0.007820 0.020084
1.0 0.112795 0.875288 0.007072 0.018698
1.0 0.124126 0.867736 0.006185 0.012829
0.0 0.114889 0.889280 0.004363 0.004609
1.0 0.199566 0.880405 0.007719 0.020877
1.0 0.187096 0.875301 0.007820 0.020084
1.0 0.201658 0.875288 0.007072 0.018698
1.0 0.190327 0.867736 0.006185 0.012829
0.0 0.199565 0.889280 0.004363 0.004609
1.0 0.267231 0.880405 0.007719 0.020877
1.0 0.279700 0.875301 0.007820 0.020084
1.0 0.265139 0.875288 0.007072 0.018698
1.0 0.276470 0.867736 0.006185 0.012829
0.0 0.267232 0.889280 0.004363 0.004609
1.0 0.351910 0.880405 0.007719 0.020877
1.0 0.339440 0.875301 0.007820 0.020084
1.0 0.354001 0.875288 0.007072 0.018698
1.0 0.342671 0.867736 0.006185 0.012829
0.0 0.351908 0.889280 0.004363 0.004609
1.0 0.419575 0.880405 0.007719 0.020877
1.0 0.432044 0.875301 0.007820 0.020084
1.0 0.417483 0.875288 0.007072 0.018698
1.0 0.428814 0.867736 0.006185 0.012829
0.0 0.419576 0.889280 0.004363 0.004609
1.0 0.504254 0.880405 0.007719 0.020877
1.0 0.491784 0.875301 0.007820 0.020084
1.0 0.506345 0.875288 0.007072 0.018698
1.0 0.495015 0.867736 0.006185 0.012829
0.0 0.504252 0.889280 0.004363 0.004609
1.0 0.571918 0.880405 0.007719 0.020877
1.0 0.584388 0.875301 0.007820 0.020084
1.0 0.569827 0.875288 0.007072 0.018698
1.0 0.581157 0.867736 0.006185 0.012829
0.0 0.571920 0.889280 0.004363 0.004609
1.0 0.656597 0.880405 0.007719 0.020877
1.0 0.644128 0.875301 0.007820 0.020084
1.0 0.658689 0.875288 0.007072 0.018698
1.0 0.647358 0.867736 0.006185 0.012829
0.0 0.656596 0.889280 0.004363 0.004609
1.0 0.724262 0.880405 0.007719 0.020877
1.0 0.736732 0.875301 0.007820 0.020084
1.0 0.722170 0.875288 0.007072 0.018698
1.0 0.733501 0.867736 0.006185 0.012829
0.0 0.724264 0.889280 0.004363 0.004609
1.0 0.808941 0.880405 0.007719 0.020877
1.0 0.796471 0.875301 0.007820 0.020084
1.0 0.811033 0.875288 0.007072 0.018698
1.0 0.799702 0.867736 0.006185 0.012829
0.0 0.808940 0.889280 0.004363 0.004609
1.0 0.876606 0.880405 0.007719 0.020877
1.0 0.889075 0.875301 0.007820 0.020084
1.0 0.874514 0.875288 0.007072 0.018698
1.0 0.885845 0.867736 0.006185 0.012829
0.0 0.876607 0.889280 0.004363 0.004609
1.0 0.961285 0.880405 0.007719 0.020877
1.0 0.948815 0.875301 0.007820 0.020084
1.0 0.963376 0.875288 0.007072 0.018698
1.0 0.952046 0.867736 0.006185 0.012829
0.0 0.961283 0.889280 0.004363 0.004609
1.0 0.047222 0.992078 0.007719 0.015844
1.0 0.034753 0.994828 0.007820 0.010343
1.0 0.049314 0.995181 0.007072 0.009637
0.0 0.047221 0.985720 0.004363 0.004609
1.0 0.114887 0.992078 0.007719 0.015844
1.0 0.127357 0.994828 0.007820 0.010343
1.0 0.112795 0.995181 0.007072 0.009637
0.0 0.114889 0.985720 0.004363 0.004609
1.0 0.199566 0.992078 0.007719 0.015844
1.0 0.187096 0.994828 0.007820 0.010343
1.0 0.201658 0.995181 0.007072 0.009637
0.0 0.199565 0.985720 0.004363 0.004609
1.0 0.267231 0.992078 0.007719 0.015844
1.0 0.279700 0.994828 0.007820 0.010343
1.0 0.265139 0.995181 0.007072 0.009637
0.0 0.267232 0.985720 0.004363 0.004609
1.0 0.351910 0.992078 0.007719 0.015844
1.0 0.339440 0.994828 0.007820 0.010343
1.0 0.354001 0.995181 0.007072 0.009637
0.0 0.351908 0.985720 0.004363 0.004609
1.0 0.419575 0.992078 0.007719 0.015844
1.0 0.432044 0.994828 0.007820 0.010343
1.0 0.417483 0.995181 0.007072 0.009637
0.0 0.419576 0.985720 0.004363 0.004609
1.0 0.504254 0.992078 0.007719 0.015844
1.0 0.491784 0.994828 0.007820 0.010343
1.0 0.506345 0.995181 0.007072 0.009637
0.0 0.504252 0.985720 0.004363 0.004609
1.0 0.571918 0.992078 0.007719 0.015844
1.0 0.584388 0.994828 0.007820 0.010343
1.0 0.569827 0.995181 0.007072 0.009637
0.0 0.571920 0.985720 0.004363 0.004609
1.0 0.656597 0.992078 0.007719 0.015844
1.0 0.644128 0.994828 0.007820 0.010343
1.0 0.658689 0.995181 0.007072 0.009637
0.0 0.656596 0.985720 0.004363 0.004609
1.0 0.724262 0.992078 0.007719 0.015844
1.0 0.736732 0.994828 0.007820 0.010343
1.0 0.722170 0.995181 0.007072 0.009637
0.0 0.724264 0.985720 0.004363 0.004609
1.0 0.808941 0.992078 0.007719 0.015844
1.0 0.796471 0.994828 0.007820 0.010343
1.0 0.811033 0.995181 0.007072 0.009637
0.0 0.808940 0.985720 0.004363 0.004609
1.0 0.876606 0.992078 0.007719 0.015844
1.0 0.889075 0.994828 0.007820 0.010343
1.0 0.874514 0.995181 0.007072 0.009637
0.0 0.876607 0.985720 0.004363 0.004609
1.0 0.961285 0.992078 0.007719 0.015844
1.0 0.948815 0.994828 0.007820 0.010343
1.0 0.963376 0.995181 0.007072 0.009637
0.0 0.961283 0.985720 0.004363 0.004609
