0.0 0.032432 0.023438 0.017558 0.046875
0.0 0.014902 0.023438 0.029804 0.046875
0.0 0.049990 0.023438 0.017558 0.046875
0.0 0.077282 0.023438 0.049328 0.046875
0.0 0.110465 0.023438 0.051358 0.046875
0.0 0.236338 0.023438 0.017558 0.046875
0.0 0.209046 0.023438 0.049328 0.046875
0.0 0.175863 0.023438 0.051358 0.046875
0.0 0.253896 0.023438 0.017558 0.046875
0.0 0.281188 0.023438 0.049328 0.046875
0.0 0.314371 0.023438 0.051358 0.046875
0.0 0.440245 0.023438 0.017558 0.046875
0.0 0.412952 0.023438 0.049328 0.046875
0.0 0.379769 0.023438 0.051358 0.046875
0.0 0.457802 0.023438 0.017558 0.046875
0.0 0.485094 0.023438 0.049328 0.046875
0.0 0.518278 0.023438 0.051358 0.046875
0.0 0.644151 0.023438 0.017558 0.046875
0.0 0.616859 0.023438 0.049328 0.046875
0.0 0.583676 0.023438 0.051358 0.046875
0.0 0.661708 0.023438 0.017558 0.046875
0.0 0.689001 0.023438 0.049328 0.046875
0.0 0.722184 0.023438 0.051358 0.046875
0.0 0.848057 0.023438 0.017558 0.046875
0.0 0.820765 0.023438 0.049328 0.046875
0.0 0.787582 0.023438 0.051358 0.046875
0.0 0.865615 0.023438 0.017558 0.046875
0.0 0.892907 0.023438 0.049328 0.046875
0.0 0.926090 0.023438 0.051358 0.046875
0.0 0.982905 0.023438 0.034191 0.046875
0.0 0.032432 0.130794 0.017558 0.167838
0.0 0.014902 0.127904 0.029804 0.162059
0.0 0.049990 0.130794 0.017558 0.167838
0.0 0.077282 0.127904 0.049328 0.162059
0.0 0.110465 0.110814 0.051358 0.127879
0.0 0.236338 0.130794 0.017558 0.167838
0.0 0.209046 0.127904 0.049328 0.162059
0.0 0.175863 0.110814 0.051358 0.127879
0.0 0.253896 0.130794 0.017558 0.167838
0.0 0.281188 0.127904 0.049328 0.162059
0.0 0.314371 0.110814 0.051358 0.127879
0.0 0.440245 0.130794 0.017558 0.167838
0.0 0.412952 0.127904 0.049328 0.162059
0.0 0.379769 0.110814 0.051358 0.127879
0.0 0.457802 0.130794 0.017558 0.167838
0.0 0.485094 0.127904 0.049328 0.162059
0.0 0.518278 0.110814 0.051358 0.127879
0.0 0.644151 0.130794 0.017558 0.167838
0.0 0.616859 0.127904 0.049328 0.162059
0.0 0.583676 0.110814 0.051358 0.127879
0.0 0.661708 0.130794 0.017558 0.167838
0.0 0.689001 0.127904 0.049328 0.162059
0.0 0.722184 0.110814 0.051358 0.127879
0.0 0.848057 0.130794 0.017558 0.167838
0.0 0.820765 0.127904 0.049328 0.162059
0.0 0.787582 0.110814 0.051358 0.127879
0.0 0.865615 0.130794 0.017558 0.167838
0.0 0.892907 0.127904 0.049328 0.162059
0.0 0.926090 0.110814 0.051358 0.127879
0.0 0.982905 0.110814 0.034191 0.127879
0.0 0.032432 0.325456 0.017558 0.167838
0.0 0.014902 0.328346 0.029804 0.162059
0.0 0.049990 0.325456 0.017558 0.167838
0.0 0.077282 0.328346 0.049328 0.162059
0.0 0.110465 0.345436 0.051358 0.127879
0.0 0.236338 0.325456 0.017558 0.167838
0.0 0.209046 0.328346 0.049328 0.162059
0.0 0.175863 0.345436 0.051358 0.127879
0.0 0.253896 0.325456 0.017558 0.167838
0.0 0.281188 0.328346 0.049328 0.162059
0.0 0.314371 0.345436 0.051358 0.127879
0.0 0.440245 0.325456 0.017558 0.167838
0.0 0.412952 0.328346 0.049328 0.162059
0.0 0.379769 0.345436 0.051358 0.127879
0.0 0.457802 0.325456 0.017558 0.167838
0.0 0.485094 0.328346 0.049328 0.162059
0.0 0.518278 0.345436 0.051358 0.127879
0.0 0.644151 0.325456 0.017558 0.167838
0.0 0.616859 0.328346 0.049328 0.162059
0.0 0.583676 0.345436 0.051358 0.127879
0.0 0.661708 0.325456 0.017558 0.167838
0.0 0.689001 0.328346 0.049328 0.162059
0.0 0.722184 0.345436 0.051358 0.127879
0.0 0.848057 0.325456 0.017558 0.167838
0.0 0.820765 0.328346 0.049328 0.162059
0.0 0.787582 0.345436 0.051358 0.127879
0.0 0.865615 0.325456 0.017558 0.167838
0.0 0.892907 0.328346 0.049328 0.162059
0.0 0.926090 0.345436 0.051358 0.127879
0.0 0.982905 0.345436 0.034191 0.127879
0.0 0.032432 0.493294 0.017558 0.167838
0.0 0.014902 0.490404 0.029804 0.162059
0.0 0.049990 0.493294 0.017558 0.167838
0.0 0.077282 0.490404 0.049328 0.162059
0.0 0.110465 0.473314 0.051358 0.127879
0.0 0.236338 0.493294 0.017558 0.167838
0.0 0.209046 0.490404 0.049328 0.162059
0.0 0.175863 0.473314 0.051358 0.127879
0.0 0.253896 0.493294 0.017558 0.167838
0.0 0.281188 0.490404 0.049328 0.162059
0.0 0.314371 0.473314 0.051358 0.127879
0.0 0.440245 0.493294 0.017558 0.167838
0.0 0.412952 0.490404 0.049328 0.162059
0.0 0.379769 0.473314 0.051358 0.127879
0.0 0.457802 0.493294 0.017558 0.167838
0.0 0.485094 0.490404 0.049328 0.162059
0.0 0.518278 0.473314 0.051358 0.127879
0.0 0.644151 0.493294 0.017558 0.167838
0.0 0.616859 0.490404 0.049328 0.162059
0.0 0.583676 0.473314 0.051358 0.127879
0.0 0.661708 0.493294 0.017558 0.167838
0.0 0.689001 0.490404 0.049328 0.162059
0.0 0.722184 0.473314 0.051358 0.127879
0.0 0.848057 0.493294 0.017558 0.167838
0.0 0.820765 0.490404 0.049328 0.162059
0.0 0.787582 0.473314 0.051358 0.127879
0.0 0.865615 0.493294 0.017558 0.167838
0.0 0.892907 0.490404 0.049328 0.162059
0.0 0.926090 0.473314 0.051358 0.127879
0.0 0.982905 0.473314 0.034191 0.127879
0.0 0.032432 0.687956 0.017558 0.167838
0.0 0.014902 0.690846 0.029804 0.162059
0.0 0.049990 0.687956 0.017558 0.167838
0.0 0.077282 0.690846 0.049328 0.162059
0.0 0.110465 0.707936 0.051358 0.127879
0.0 0.236338 0.687956 0.017558 0.167838
0.0 0.209046 0.690846 0.049328 0.162059
0.0 0.175863 0.707936 0.051358 0.127879
0.0 0.253896 0.687956 0.017558 0.167838
0.0 0.281188 0.690846 0.049328 0.162059
0.0 0.314371 0.707936 0.051358 0.127879
0.0 0.440245 0.687956 0.017558 0.167838
0.0 0.412952 0.690846 0.049328 0.162059
0.0 0.379769 0.707936 0.051358 0.127879
0.0 0.457802 0.687956 0.017558 0.167838
0.0 0.485094 0.690846 0.049328 0.162059
0.0 0.518278 0.707936 0.051358 0.127879
0.0 0.644151 0.687956 0.017558 0.167838
0.0 0.616859 0.690846 0.049328 0.162059
0.0 0.583676 0.707936 0.051358 0.127879
0.0 0.661708 0.687956 0.017558 0.167838
0.0 0.689001 0.690846 0.049328 0.162059
0.0 0.722184 0.707936 0.051358 0.127879
0.0 0.848057 0.687956 0.017558 0.167838
0.0 0.820765 0.690846 0.049328 0.162059
0.0 0.787582 0.707936 0.051358 0.127879
0.0 0.865615 0.687956 0.017558 0.167838
0.0 0.892907 0.690846 0.049328 0.162059
0.0 0.926090 0.707936 0.051358 0.127879
0.0 0.982905 0.707936 0.034191 0.127879
0.0 0.032432 0.855794 0.017558 0.167838
0.0 0.014902 0.852904 0.029804 0.162059
0.0 0.049990 0.855794 0.017558 0.167838
0.0 0.077282 0.852904 0.049328 0.162059
0.0 0.110465 0.835814 0.051358 0.127879
0.0 0.236338 0.855794 0.017558 0.167838
0.0 0.209046 0.852904 0.049328 0.162059
0.0 0.175863 0.835814 0.051358 0.127879
0.0 0.253896 0.855794 0.017558 0.167838
0.0 0.281188 0.852904 0.049328 0.162059
0.0 0.314371 0.835814 0.051358 0.127879
0.0 0.440245 0.855794 0.017558 0.167838
0.0 0.412952 0.852904 0.049328 0.162059
0.0 0.379769 0.835814 0.051358 0.127879
0.0 0.457802 0.855794 0.017558 0.167838
0.0 0.485094 0.852904 0.049328 0.162059
0.0 0.518278 0.835814 0.051358 0.127879
0.0 0.644151 0.855794 0.017558 0.167838
0.0 0.616859 0.852904 0.049328 0.162059
0.0 0.583676 0.835814 0.051358 0.127879
0.0 0.661708 0.855794 0.017558 0.167838
0.0 0.689001 0.852904 0.049328 0.162059
0.0 0.722184 0.835814 0.051358 0.127879
0.0 0.848057 0.855794 0.017558 0.167838
0.0 0.820765 0.852904 0.049328 0.162059
0.0 0.787582 0.835814 0.051358 0.127879
0.0 0.865615 0.855794 0.017558 0.167838
0.0 0.892907 0.852904 0.049328 0.162059
0.0 0.926090 0.835814 0.051358 0.127879
0.0 0.982905 0.835814 0.034191 0.127879
0.0 0.032432 0.983269 0.017558 0.033463
0.0 0.014902 0.986158 0.029804 0.027684
0.0 0.049990 0.983269 0.017558 0.033463
0.0 0.077282 0.986158 0.049328 0.027684
0.0 0.236338 0.983269 0.017558 0.033463
0.0 0.209046 0.986158 0.049328 0.027684
0.0 0.253896 0.983269 0.017558 0.033463
0.0 0.281188 0.986158 0.049328 0.027684
0.0 0.440245 0.983269 0.017558 0.033463
0.0 0.412952 0.986158 0.049328 0.027684
0.0 0.457802 0.983269 0.017558 0.033463
0.0 0.485094 0.986158 0.049328 0.027684
0.0 0.644151 0.983269 0.017558 0.033463
0.0 0.616859 0.986158 0.049328 0.027684
0.0 0.661708 0.983269 0.017558 0.033463
0.0 0.689001 0.986158 0.049328 0.027684
0.0 0.848057 0.983269 0.017558 0.033463
0.0 0.820765 0.986158 0.049328 0.027684
0.0 0.865615 0.983269 0.017558 0.033463
0.0 0.892907 0.986158 0.049328 0.027684
