1.0 0.117023 0.074353 0.213845 0.148707
1.0 0.466310 0.074353 0.213845 0.148707
1.0 0.921717 0.074353 0.156566 0.148707
0.0 0.170219 0.666893 0.059503 0.091945
1.0 0.117023 0.500915 0.213845 0.410356
0.0 0.030695 0.622581 0.057433 0.084204
0.0 0.093972 0.620362 0.077656 0.119925
0.0 0.175264 0.649062 0.070645 0.103399
0.0 0.032683 0.651689 0.030961 0.045385
0.0 0.413114 0.666893 0.059503 0.091945
1.0 0.466310 0.500915 0.213845 0.410356
0.0 0.552639 0.622581 0.057433 0.084204
0.0 0.489362 0.620362 0.077656 0.119925
0.0 0.408069 0.649062 0.070645 0.103399
0.0 0.550651 0.651689 0.030961 0.045385
0.0 0.986900 0.666893 0.026199 0.091945
1.0 0.921717 0.500915 0.156566 0.410356
0.0 0.864028 0.622581 0.057433 0.084204
0.0 0.927305 0.620362 0.077656 0.119925
0.0 0.986637 0.649062 0.026725 0.103399
0.0 0.866016 0.651689 0.030961 0.045385
0.0 0.170219 0.888662 0.059503 0.091945
1.0 0.117023 0.924731 0.213845 0.150538
0.0 0.030695 0.932974 0.057433 0.084204
0.0 0.093972 0.935193 0.077656 0.119925
0.0 0.175264 0.906493 0.070645 0.103399
0.0 0.032683 0.903867 0.030961 0.045385
0.0 0.413114 0.888662 0.059503 0.091945
1.0 0.466310 0.924731 0.213845 0.150538
0.0 0.552639 0.932974 0.057433 0.084204
0.0 0.489362 0.935193 0.077656 0.119925
0.0 0.408069 0.906493 0.070645 0.103399
0.0 0.550651 0.903867 0.030961 0.045385
0.0 0.986900 0.888662 0.026199 0.091945
1.0 0.921717 0.924731 0.156566 0.150538
0.0 0.864028 0.932974 0.057433 0.084204
0.0 0.927305 0.935193 0.077656 0.119925
0.0 0.986637 0.906493 0.026725 0.103399
0.0 0.866016 0.903867 0.030961 0.045385
