0.0 0.014849 0.002083 0.029698 0.004167
0.0 0.047503 0.002083 0.028176 0.004167
0.0 0.148573 0.002083 0.029979 0.004167
0.0 0.115779 0.002083 0.028176 0.004167
0.0 0.253771 0.002083 0.029979 0.004167
0.0 0.286565 0.002083 0.028176 0.004167
0.0 0.387635 0.002083 0.029979 0.004167
0.0 0.354841 0.002083 0.028176 0.004167
0.0 0.492834 0.002083 0.029979 0.004167
0.0 0.525628 0.002083 0.028176 0.004167
0.0 0.626698 0.002083 0.029979 0.004167
0.0 0.593904 0.002083 0.028176 0.004167
0.0 0.731896 0.002083 0.029979 0.004167
0.0 0.764690 0.002083 0.028176 0.004167
0.0 0.865760 0.002083 0.029979 0.004167
0.0 0.832966 0.002083 0.028176 0.004167
0.0 0.970959 0.002083 0.029979 0.004167
1.0 0.013668 0.072590 0.027335 0.092714
1.0 0.057316 0.112993 0.012819 0.030531
0.0 0.024418 0.031458 0.022917 0.050629
0.0 0.001593 0.048551 0.003185 0.030279
0.0 0.014849 0.025266 0.029698 0.042199
0.0 0.047503 0.023178 0.028176 0.038023
1.0 0.153698 0.072590 0.035504 0.092714
1.0 0.105965 0.112993 0.012819 0.030531
0.0 0.138863 0.031458 0.022917 0.050629
0.0 0.167877 0.048551 0.015562 0.030279
0.0 0.148573 0.025266 0.029979 0.042199
0.0 0.115779 0.023178 0.028176 0.038023
1.0 0.248645 0.072590 0.035504 0.092714
1.0 0.296379 0.112993 0.012819 0.030531
0.0 0.263480 0.031458 0.022917 0.050629
0.0 0.234467 0.048551 0.015562 0.030279
0.0 0.253771 0.025266 0.029979 0.042199
0.0 0.286565 0.023178 0.028176 0.038023
1.0 0.392761 0.072590 0.035504 0.092714
1.0 0.345027 0.112993 0.012819 0.030531
0.0 0.377926 0.031458 0.022917 0.050629
0.0 0.406939 0.048551 0.015562 0.030279
0.0 0.387635 0.025266 0.029979 0.042199
0.0 0.354841 0.023178 0.028176 0.038023
1.0 0.487708 0.072590 0.035504 0.092714
1.0 0.535441 0.112993 0.012819 0.030531
0.0 0.502543 0.031458 0.022917 0.050629
0.0 0.473529 0.048551 0.015562 0.030279
0.0 0.492834 0.025266 0.029979 0.042199
0.0 0.525628 0.023178 0.028176 0.038023
1.0 0.631823 0.072590 0.035504 0.092714
1.0 0.584090 0.112993 0.012819 0.030531
0.0 0.616988 0.031458 0.022917 0.050629
0.0 0.646002 0.048551 0.015562 0.030279
0.0 0.626698 0.025266 0.029979 0.042199
0.0 0.593904 0.023178 0.028176 0.038023
1.0 0.726770 0.072590 0.035504 0.092714
1.0 0.774504 0.112993 0.012819 0.030531
0.0 0.741605 0.031458 0.022917 0.050629
0.0 0.712592 0.048551 0.015562 0.030279
0.0 0.731896 0.025266 0.029979 0.042199
0.0 0.764690 0.023178 0.028176 0.038023
1.0 0.870886 0.072590 0.035504 0.092714
1.0 0.823152 0.112993 0.012819 0.030531
0.0 0.856051 0.031458 0.022917 0.050629
0.0 0.885064 0.048551 0.015562 0.030279
0.0 0.865760 0.025266 0.029979 0.042199
0.0 0.832966 0.023178 0.028176 0.038023
1.0 0.965833 0.072590 0.035504 0.092714
0.0 0.980668 0.031458 0.022917 0.050629
0.0 0.951654 0.048551 0.015562 0.030279
0.0 0.970959 0.025266 0.029979 0.042199
0.0 0.994832 0.023178 0.010335 0.038023
1.0 0.013668 0.219077 0.027335 0.092714
1.0 0.057316 0.178674 0.012819 0.030531
0.0 0.024418 0.260209 0.022917 0.050629
0.0 0.001593 0.243115 0.003185 0.030279
0.0 0.014849 0.266401 0.029698 0.042199
0.0 0.047503 0.268489 0.028176 0.038023
1.0 0.153698 0.219077 0.035504 0.092714
1.0 0.105965 0.178674 0.012819 0.030531
0.0 0.138863 0.260209 0.022917 0.050629
0.0 0.167877 0.243115 0.015562 0.030279
0.0 0.148573 0.266401 0.029979 0.042199
0.0 0.115779 0.268489 0.028176 0.038023
1.0 0.248645 0.219077 0.035504 0.092714
1.0 0.296379 0.178674 0.012819 0.030531
0.0 0.263480 0.260209 0.022917 0.050629
0.0 0.234467 0.243115 0.015562 0.030279
0.0 0.253771 0.266401 0.029979 0.042199
0.0 0.286565 0.268489 0.028176 0.038023
1.0 0.392761 0.219077 0.035504 0.092714
1.0 0.345027 0.178674 0.012819 0.030531
0.0 0.377926 0.260209 0.022917 0.050629
0.0 0.406939 0.243115 0.015562 0.030279
0.0 0.387635 0.266401 0.029979 0.042199
0.0 0.354841 0.268489 0.028176 0.038023
1.0 0.487708 0.219077 0.035504 0.092714
1.0 0.535441 0.178674 0.012819 0.030531
0.0 0.502543 0.260209 0.022917 0.050629
0.0 0.473529 0.243115 0.015562 0.030279
0.0 0.492834 0.266401 0.029979 0.042199
0.0 0.525628 0.268489 0.028176 0.038023
1.0 0.631823 0.219077 0.035504 0.092714
1.0 0.584090 0.178674 0.012819 0.030531
0.0 0.616988 0.260209 0.022917 0.050629
0.0 0.646002 0.243115 0.015562 0.030279
0.0 0.626698 0.266401 0.029979 0.042199
0.0 0.593904 0.268489 0.028176 0.038023
1.0 0.726770 0.219077 0.035504 0.092714
1.0 0.774504 0.178674 0.012819 0.030531
0.0 0.741605 0.260209 0.022917 0.050629
0.0 0.712592 0.243115 0.015562 0.030279
0.0 0.731896 0.266401 0.029979 0.042199
0.0 0.764690 0.268489 0.028176 0.038023
1.0 0.870886 0.219077 0.035504 0.092714
1.0 0.823152 0.178674 0.012819 0.030531
0.0 0.856051 0.260209 0.022917 0.050629
0.0 0.885064 0.243115 0.015562 0.030279
0.0 0.865760 0.266401 0.029979 0.042199
0.0 0.832966 0.268489 0.028176 0.038023
1.0 0.965833 0.219077 0.035504 0.092714
0.0 0.980668 0.260209 0.022917 0.050629
0.0 0.951654 0.243115 0.015562 0.030279
0.0 0.970959 0.266401 0.029979 0.042199
0.0 0.994832 0.268489 0.010335 0.038023
1.0 0.013668 0.355923 0.027335 0.092714
1.0 0.057316 0.396326 0.012819 0.030531
0.0 0.024418 0.314791 0.022917 0.050629
0.0 0.001593 0.331885 0.003185 0.030279
0.0 0.014849 0.308599 0.029698 0.042199
0.0 0.047503 0.306511 0.028176 0.038023
1.0 0.153698 0.355923 0.035504 0.092714
1.0 0.105965 0.396326 0.012819 0.030531
0.0 0.138863 0.314791 0.022917 0.050629
0.0 0.167877 0.331885 0.015562 0.030279
0.0 0.148573 0.308599 0.029979 0.042199
0.0 0.115779 0.306511 0.028176 0.038023
1.0 0.248645 0.355923 0.035504 0.092714
1.0 0.296379 0.396326 0.012819 0.030531
0.0 0.263480 0.314791 0.022917 0.050629
0.0 0.234467 0.331885 0.015562 0.030279
0.0 0.253771 0.308599 0.029979 0.042199
0.0 0.286565 0.306511 0.028176 0.038023
1.0 0.392761 0.355923 0.035504 0.092714
1.0 0.345027 0.396326 0.012819 0.030531
0.0 0.377926 0.314791 0.022917 0.050629
0.0 0.406939 0.331885 0.015562 0.030279
0.0 0.387635 0.308599 0.029979 0.042199
0.0 0.354841 0.306511 0.028176 0.038023
1.0 0.487708 0.355923 0.035504 0.092714
1.0 0.535441 0.396326 0.012819 0.030531
0.0 0.502543 0.314791 0.022917 0.050629
0.0 0.473529 0.331885 0.015562 0.030279
0.0 0.492834 0.308599 0.029979 0.042199
0.0 0.525628 0.306511 0.028176 0.038023
1.0 0.631823 0.355923 0.035504 0.092714
1.0 0.584090 0.396326 0.012819 0.030531
0.0 0.616988 0.314791 0.022917 0.050629
0.0 0.646002 0.331885 0.015562 0.030279
0.0 0.626698 0.308599 0.029979 0.042199
0.0 0.593904 0.306511 0.028176 0.038023
1.0 0.726770 0.355923 0.035504 0.092714
1.0 0.774504 0.396326 0.012819 0.030531
0.0 0.741605 0.314791 0.022917 0.050629
0.0 0.712592 0.331885 0.015562 0.030279
0.0 0.731896 0.308599 0.029979 0.042199
0.0 0.764690 0.306511 0.028176 0.038023
1.0 0.870886 0.355923 0.035504 0.092714
1.0 0.823152 0.396326 0.012819 0.030531
0.0 0.856051 0.314791 0.022917 0.050629
0.0 0.885064 0.331885 0.015562 0.030279
0.0 0.865760 0.308599 0.029979 0.042199
0.0 0.832966 0.306511 0.028176 0.038023
1.0 0.965833 0.355923 0.035504 0.092714
0.0 0.980668 0.314791 0.022917 0.050629
0.0 0.951654 0.331885 0.015562 0.030279
0.0 0.970959 0.308599 0.029979 0.042199
0.0 0.994832 0.306511 0.010335 0.038023
1.0 0.013668 0.502410 0.027335 0.092714
1.0 0.057316 0.462007 0.012819 0.030531
0.0 0.024418 0.543542 0.022917 0.050629
0.0 0.001593 0.526449 0.003185 0.030279
0.0 0.014849 0.549734 0.029698 0.042199
0.0 0.047503 0.551822 0.028176 0.038023
1.0 0.153698 0.502410 0.035504 0.092714
1.0 0.105965 0.462007 0.012819 0.030531
0.0 0.138863 0.543542 0.022917 0.050629
0.0 0.167877 0.526449 0.015562 0.030279
0.0 0.148573 0.549734 0.029979 0.042199
0.0 0.115779 0.551822 0.028176 0.038023
1.0 0.248645 0.502410 0.035504 0.092714
1.0 0.296379 0.462007 0.012819 0.030531
0.0 0.263480 0.543542 0.022917 0.050629
0.0 0.234467 0.526449 0.015562 0.030279
0.0 0.253771 0.549734 0.029979 0.042199
0.0 0.286565 0.551822 0.028176 0.038023
1.0 0.392761 0.502410 0.035504 0.092714
1.0 0.345027 0.462007 0.012819 0.030531
0.0 0.377926 0.543542 0.022917 0.050629
0.0 0.406939 0.526449 0.015562 0.030279
0.0 0.387635 0.549734 0.029979 0.042199
0.0 0.354841 0.551822 0.028176 0.038023
1.0 0.487708 0.502410 0.035504 0.092714
1.0 0.535441 0.462007 0.012819 0.030531
0.0 0.502543 0.543542 0.022917 0.050629
0.0 0.473529 0.526449 0.015562 0.030279
0.0 0.492834 0.549734 0.029979 0.042199
0.0 0.525628 0.551822 0.028176 0.038023
1.0 0.631823 0.502410 0.035504 0.092714
1.0 0.584090 0.462007 0.012819 0.030531
0.0 0.616988 0.543542 0.022917 0.050629
0.0 0.646002 0.526449 0.015562 0.030279
0.0 0.626698 0.549734 0.029979 0.042199
0.0 0.593904 0.551822 0.028176 0.038023
1.0 0.726770 0.502410 0.035504 0.092714
1.0 0.774504 0.462007 0.012819 0.030531
0.0 0.741605 0.543542 0.022917 0.050629
0.0 0.712592 0.526449 0.015562 0.030279
0.0 0.731896 0.549734 0.029979 0.042199
0.0 0.764690 0.551822 0.028176 0.038023
1.0 0.870886 0.502410 0.035504 0.092714
1.0 0.823152 0.462007 0.012819 0.030531
0.0 0.856051 0.543542 0.022917 0.050629
0.0 0.885064 0.526449 0.015562 0.030279
0.0 0.865760 0.549734 0.029979 0.042199
0.0 0.832966 0.551822 0.028176 0.038023
1.0 0.965833 0.502410 0.035504 0.092714
0.0 0.980668 0.543542 0.022917 0.050629
0.0 0.951654 0.526449 0.015562 0.030279
0.0 0.970959 0.549734 0.029979 0.042199
0.0 0.994832 0.551822 0.010335 0.038023
1.0 0.013668 0.639256 0.027335 0.092714
1.0 0.057316 0.679660 0.012819 0.030531
0.0 0.024418 0.598124 0.022917 0.050629
0.0 0.001593 0.615218 0.003185 0.030279
0.0 0.014849 0.591933 0.029698 0.042199
0.0 0.047503 0.589845 0.028176 0.038023
1.0 0.153698 0.639256 0.035504 0.092714
1.0 0.105965 0.679660 0.012819 0.030531
0.0 0.138863 0.598124 0.022917 0.050629
0.0 0.167877 0.615218 0.015562 0.030279
0.0 0.148573 0.591933 0.029979 0.042199
0.0 0.115779 0.589845 0.028176 0.038023
1.0 0.248645 0.639256 0.035504 0.092714
1.0 0.296379 0.679660 0.012819 0.030531
0.0 0.263480 0.598124 0.022917 0.050629
0.0 0.234467 0.615218 0.015562 0.030279
0.0 0.253771 0.591933 0.029979 0.042199
0.0 0.286565 0.589845 0.028176 0.038023
1.0 0.392761 0.639256 0.035504 0.092714
1.0 0.345027 0.679660 0.012819 0.030531
0.0 0.377926 0.598124 0.022917 0.050629
0.0 0.406939 0.615218 0.015562 0.030279
0.0 0.387635 0.591933 0.029979 0.042199
0.0 0.354841 0.589845 0.028176 0.038023
1.0 0.487708 0.639256 0.035504 0.092714
1.0 0.535441 0.679660 0.012819 0.030531
0.0 0.502543 0.598124 0.022917 0.050629
0.0 0.473529 0.615218 0.015562 0.030279
0.0 0.492834 0.591933 0.029979 0.042199
0.0 0.525628 0.589845 0.028176 0.038023
1.0 0.631823 0.639256 0.035504 0.092714
1.0 0.584090 0.679660 0.012819 0.030531
0.0 0.616988 0.598124 0.022917 0.050629
0.0 0.646002 0.615218 0.015562 0.030279
0.0 0.626698 0.591933 0.029979 0.042199
0.0 0.593904 0.589845 0.028176 0.038023
1.0 0.726770 0.639256 0.035504 0.092714
1.0 0.774504 0.679660 0.012819 0.030531
0.0 0.741605 0.598124 0.022917 0.050629
0.0 0.712592 0.615218 0.015562 0.030279
0.0 0.731896 0.591933 0.029979 0.042199
0.0 0.764690 0.589845 0.028176 0.038023
1.0 0.870886 0.639256 0.035504 0.092714
1.0 0.823152 0.679660 0.012819 0.030531
0.0 0.856051 0.598124 0.022917 0.050629
0.0 0.885064 0.615218 0.015562 0.030279
0.0 0.865760 0.591933 0.029979 0.042199
0.0 0.832966 0.589845 0.028176 0.038023
1.0 0.965833 0.639256 0.035504 0.092714
0.0 0.980668 0.598124 0.022917 0.050629
0.0 0.951654 0.615218 0.015562 0.030279
0.0 0.970959 0.591933 0.029979 0.042199
0.0 0.994832 0.589845 0.010335 0.038023
1.0 0.013668 0.785744 0.027335 0.092714
1.0 0.057316 0.745340 0.012819 0.030531
0.0 0.024418 0.826876 0.022917 0.050629
0.0 0.001593 0.809782 0.003185 0.030279
0.0 0.014849 0.833067 0.029698 0.042199
0.0 0.047503 0.835155 0.028176 0.038023
1.0 0.153698 0.785744 0.035504 0.092714
1.0 0.105965 0.745340 0.012819 0.030531
0.0 0.138863 0.826876 0.022917 0.050629
0.0 0.167877 0.809782 0.015562 0.030279
0.0 0.148573 0.833067 0.029979 0.042199
0.0 0.115779 0.835155 0.028176 0.038023
1.0 0.248645 0.785744 0.035504 0.092714
1.0 0.296379 0.745340 0.012819 0.030531
0.0 0.263480 0.826876 0.022917 0.050629
0.0 0.234467 0.809782 0.015562 0.030279
0.0 0.253771 0.833067 0.029979 0.042199
0.0 0.286565 0.835155 0.028176 0.038023
1.0 0.392761 0.785744 0.035504 0.092714
1.0 0.345027 0.745340 0.012819 0.030531
0.0 0.377926 0.826876 0.022917 0.050629
0.0 0.406939 0.809782 0.015562 0.030279
0.0 0.387635 0.833067 0.029979 0.042199
0.0 0.354841 0.835155 0.028176 0.038023
1.0 0.487708 0.785744 0.035504 0.092714
1.0 0.535441 0.745340 0.012819 0.030531
0.0 0.502543 0.826876 0.022917 0.050629
0.0 0.473529 0.809782 0.015562 0.030279
0.0 0.492834 0.833067 0.029979 0.042199
0.0 0.525628 0.835155 0.028176 0.038023
1.0 0.631823 0.785744 0.035504 0.092714
1.0 0.584090 0.745340 0.012819 0.030531
0.0 0.616988 0.826876 0.022917 0.050629
0.0 0.646002 0.809782 0.015562 0.030279
0.0 0.626698 0.833067 0.029979 0.042199
0.0 0.593904 0.835155 0.028176 0.038023
1.0 0.726770 0.785744 0.035504 0.092714
1.0 0.774504 0.745340 0.012819 0.030531
0.0 0.741605 0.826876 0.022917 0.050629
0.0 0.712592 0.809782 0.015562 0.030279
0.0 0.731896 0.833067 0.029979 0.042199
0.0 0.764690 0.835155 0.028176 0.038023
1.0 0.870886 0.785744 0.035504 0.092714
1.0 0.823152 0.745340 0.012819 0.030531
0.0 0.856051 0.826876 0.022917 0.050629
0.0 0.885064 0.809782 0.015562 0.030279
0.0 0.865760 0.833067 0.029979 0.042199
0.0 0.832966 0.835155 0.028176 0.038023
1.0 0.965833 0.785744 0.035504 0.092714
0.0 0.980668 0.826876 0.022917 0.050629
0.0 0.951654 0.809782 0.015562 0.030279
0.0 0.970959 0.833067 0.029979 0.042199
0.0 0.994832 0.835155 0.010335 0.038023
1.0 0.013668 0.922590 0.027335 0.092714
1.0 0.057316 0.962993 0.012819 0.030531
0.0 0.024418 0.881458 0.022917 0.050629
0.0 0.001593 0.898551 0.003185 0.030279
0.0 0.014849 0.875266 0.029698 0.042199
0.0 0.047503 0.873178 0.028176 0.038023
1.0 0.153698 0.922590 0.035504 0.092714
1.0 0.105965 0.962993 0.012819 0.030531
0.0 0.138863 0.881458 0.022917 0.050629
0.0 0.167877 0.898551 0.015562 0.030279
0.0 0.148573 0.875266 0.029979 0.042199
0.0 0.115779 0.873178 0.028176 0.038023
1.0 0.248645 0.922590 0.035504 0.092714
1.0 0.296379 0.962993 0.012819 0.030531
0.0 0.263480 0.881458 0.022917 0.050629
0.0 0.234467 0.898551 0.015562 0.030279
0.0 0.253771 0.875266 0.029979 0.042199
0.0 0.286565 0.873178 0.028176 0.038023
1.0 0.392761 0.922590 0.035504 0.092714
1.0 0.345027 0.962993 0.012819 0.030531
0.0 0.377926 0.881458 0.022917 0.050629
0.0 0.406939 0.898551 0.015562 0.030279
0.0 0.387635 0.875266 0.029979 0.042199
0.0 0.354841 0.873178 0.028176 0.038023
1.0 0.487708 0.922590 0.035504 0.092714
1.0 0.535441 0.962993 0.012819 0.030531
0.0 0.502543 0.881458 0.022917 0.050629
0.0 0.473529 0.898551 0.015562 0.030279
0.0 0.492834 0.875266 0.029979 0.042199
0.0 0.525628 0.873178 0.028176 0.038023
1.0 0.631823 0.922590 0.035504 0.092714
1.0 0.584090 0.962993 0.012819 0.030531
0.0 0.616988 0.881458 0.022917 0.050629
0.0 0.646002 0.898551 0.015562 0.030279
0.0 0.626698 0.875266 0.029979 0.042199
0.0 0.593904 0.873178 0.028176 0.038023
1.0 0.726770 0.922590 0.035504 0.092714
1.0 0.774504 0.962993 0.012819 0.030531
0.0 0.741605 0.881458 0.022917 0.050629
0.0 0.712592 0.898551 0.015562 0.030279
0.0 0.731896 0.875266 0.029979 0.042199
0.0 0.764690 0.873178 0.028176 0.038023
1.0 0.870886 0.922590 0.035504 0.092714
1.0 0.823152 0.962993 0.012819 0.030531
0.0 0.856051 0.881458 0.022917 0.050629
0.0 0.885064 0.898551 0.015562 0.030279
0.0 0.865760 0.875266 0.029979 0.042199
0.0 0.832966 0.873178 0.028176 0.038023
1.0 0.965833 0.922590 0.035504 0.092714
0.0 0.980668 0.881458 0.022917 0.050629
0.0 0.951654 0.898551 0.015562 0.030279
0.0 0.970959 0.875266 0.029979 0.042199
0.0 0.994832 0.873178 0.010335 0.038023
