0.0 0.167348 0.646752 0.274679 0.215044
0.0 0.067735 0.612999 0.135470 0.134116
0.0 0.004402 0.670655 0.008803 0.156216
0.0 0.442027 0.646752 0.274679 0.215044
0.0 0.584609 0.612999 0.221408 0.134116
0.0 0.647942 0.670655 0.094741 0.156216
0.0 0.905629 0.646752 0.188742 0.215044
0.0 0.806016 0.612999 0.221408 0.134116
0.0 0.742683 0.670655 0.094741 0.156216
0.0 0.167348 0.873619 0.274679 0.215044
0.0 0.067735 0.907371 0.135470 0.134116
0.0 0.004402 0.849716 0.008803 0.156216
0.0 0.442027 0.873619 0.274679 0.215044
0.0 0.584609 0.907371 0.221408 0.134116
0.0 0.647942 0.849716 0.094741 0.156216
0.0 0.905629 0.873619 0.188742 0.215044
0.0 0.806016 0.907371 0.221408 0.134116
0.0 0.742683 0.849716 0.094741 0.156216
