0.0 0.016001 0.129512 0.032002 0.115977
0.0 0.009385 0.138165 0.018769 0.098670
0.0 0.005378 0.140111 0.010755 0.094779
1.0 0.177214 0.093750 0.108771 0.187500
0.0 0.128028 0.129512 0.077872 0.115977
0.0 0.210303 0.130089 0.052051 0.105461
0.0 0.146700 0.138165 0.088751 0.098670
0.0 0.141400 0.140111 0.062122 0.094779
1.0 0.295442 0.093750 0.108771 0.187500
0.0 0.344628 0.129512 0.077872 0.115977
0.0 0.262353 0.130089 0.052051 0.105461
0.0 0.325956 0.138165 0.088751 0.098670
0.0 0.331257 0.140111 0.062122 0.094779
1.0 0.528777 0.093750 0.108771 0.187500
0.0 0.479591 0.129512 0.077872 0.115977
0.0 0.561865 0.130089 0.052051 0.105461
0.0 0.498262 0.138165 0.088751 0.098670
0.0 0.492962 0.140111 0.062122 0.094779
1.0 0.647005 0.093750 0.108771 0.187500
0.0 0.696191 0.129512 0.077872 0.115977
0.0 0.613916 0.130089 0.052051 0.105461
0.0 0.677519 0.138165 0.088751 0.098670
0.0 0.682819 0.140111 0.062122 0.094779
1.0 0.880339 0.093750 0.108771 0.187500
0.0 0.831153 0.129512 0.077872 0.115977
0.0 0.913428 0.130089 0.052051 0.105461
0.0 0.849825 0.138165 0.088751 0.098670
0.0 0.844525 0.140111 0.062122 0.094779
1.0 0.972091 0.093750 0.055818 0.187500
0.0 0.965478 0.130089 0.052051 0.105461
0.0 0.992353 0.138165 0.015294 0.098670
0.0 0.016001 0.245488 0.032002 0.115977
0.0 0.009385 0.236835 0.018769 0.098670
0.0 0.005378 0.234889 0.010755 0.094779
1.0 0.177214 0.291667 0.108771 0.208333
0.0 0.128028 0.245488 0.077872 0.115977
0.0 0.210303 0.244911 0.052051 0.105461
0.0 0.146700 0.236835 0.088751 0.098670
0.0 0.141400 0.234889 0.062122 0.094779
1.0 0.295442 0.291667 0.108771 0.208333
0.0 0.344628 0.245488 0.077872 0.115977
0.0 0.262353 0.244911 0.052051 0.105461
0.0 0.325956 0.236835 0.088751 0.098670
0.0 0.331257 0.234889 0.062122 0.094779
1.0 0.528777 0.291667 0.108771 0.208333
0.0 0.479591 0.245488 0.077872 0.115977
0.0 0.561865 0.244911 0.052051 0.105461
0.0 0.498262 0.236835 0.088751 0.098670
0.0 0.492962 0.234889 0.062122 0.094779
1.0 0.647005 0.291667 0.108771 0.208333
0.0 0.696191 0.245488 0.077872 0.115977
0.0 0.613916 0.244911 0.052051 0.105461
0.0 0.677519 0.236835 0.088751 0.098670
0.0 0.682819 0.234889 0.062122 0.094779
1.0 0.880339 0.291667 0.108771 0.208333
0.0 0.831153 0.245488 0.077872 0.115977
0.0 0.913428 0.244911 0.052051 0.105461
0.0 0.849825 0.236835 0.088751 0.098670
0.0 0.844525 0.234889 0.062122 0.094779
1.0 0.972091 0.291667 0.055818 0.208333
0.0 0.965478 0.244911 0.052051 0.105461
0.0 0.992353 0.236835 0.015294 0.098670
0.0 0.016001 0.546178 0.032002 0.115977
0.0 0.009385 0.554832 0.018769 0.098670
0.0 0.005378 0.556777 0.010755 0.094779
1.0 0.177214 0.500000 0.108771 0.208333
0.0 0.128028 0.546178 0.077872 0.115977
0.0 0.210303 0.546756 0.052051 0.105461
0.0 0.146700 0.554832 0.088751 0.098670
0.0 0.141400 0.556777 0.062122 0.094779
1.0 0.295442 0.500000 0.108771 0.208333
0.0 0.344628 0.546178 0.077872 0.115977
0.0 0.262353 0.546756 0.052051 0.105461
0.0 0.325956 0.554832 0.088751 0.098670
0.0 0.331257 0.556777 0.062122 0.094779
1.0 0.528777 0.500000 0.108771 0.208333
0.0 0.479591 0.546178 0.077872 0.115977
0.0 0.561865 0.546756 0.052051 0.105461
0.0 0.498262 0.554832 0.088751 0.098670
0.0 0.492962 0.556777 0.062122 0.094779
1.0 0.647005 0.500000 0.108771 0.208333
0.0 0.696191 0.546178 0.077872 0.115977
0.0 0.613916 0.546756 0.052051 0.105461
0.0 0.677519 0.554832 0.088751 0.098670
0.0 0.682819 0.556777 0.062122 0.094779
1.0 0.880339 0.500000 0.108771 0.208333
0.0 0.831153 0.546178 0.077872 0.115977
0.0 0.913428 0.546756 0.052051 0.105461
0.0 0.849825 0.554832 0.088751 0.098670
0.0 0.844525 0.556777 0.062122 0.094779
1.0 0.972091 0.500000 0.055818 0.208333
0.0 0.965478 0.546756 0.052051 0.105461
0.0 0.992353 0.554832 0.015294 0.098670
0.0 0.016001 0.662155 0.032002 0.115977
0.0 0.009385 0.653501 0.018769 0.098670
0.0 0.005378 0.651556 0.010755 0.094779
1.0 0.177214 0.708333 0.108771 0.208333
0.0 0.128028 0.662155 0.077872 0.115977
0.0 0.210303 0.661577 0.052051 0.105461
0.0 0.146700 0.653501 0.088751 0.098670
0.0 0.141400 0.651556 0.062122 0.094779
1.0 0.295442 0.708333 0.108771 0.208333
0.0 0.344628 0.662155 0.077872 0.115977
0.0 0.262353 0.661577 0.052051 0.105461
0.0 0.325956 0.653501 0.088751 0.098670
0.0 0.331257 0.651556 0.062122 0.094779
1.0 0.528777 0.708333 0.108771 0.208333
0.0 0.479591 0.662155 0.077872 0.115977
0.0 0.561865 0.661577 0.052051 0.105461
0.0 0.498262 0.653501 0.088751 0.098670
0.0 0.492962 0.651556 0.062122 0.094779
1.0 0.647005 0.708333 0.108771 0.208333
0.0 0.696191 0.662155 0.077872 0.115977
0.0 0.613916 0.661577 0.052051 0.105461
0.0 0.677519 0.653501 0.088751 0.098670
0.0 0.682819 0.651556 0.062122 0.094779
1.0 0.880339 0.708333 0.108771 0.208333
0.0 0.831153 0.662155 0.077872 0.115977
0.0 0.913428 0.661577 0.052051 0.105461
0.0 0.849825 0.653501 0.088751 0.098670
0.0 0.844525 0.651556 0.062122 0.094779
1.0 0.972091 0.708333 0.055818 0.208333
0.0 0.965478 0.661577 0.052051 0.105461
0.0 0.992353 0.653501 0.015294 0.098670
0.0 0.016001 0.952428 0.032002 0.095143
0.0 0.009385 0.961082 0.018769 0.077836
0.0 0.005378 0.963027 0.010755 0.073945
1.0 0.177214 0.906250 0.108771 0.187500
0.0 0.128028 0.952428 0.077872 0.095143
0.0 0.210303 0.955346 0.052051 0.089308
0.0 0.146700 0.961082 0.088751 0.077836
0.0 0.141400 0.963027 0.062122 0.073945
1.0 0.295442 0.906250 0.108771 0.187500
0.0 0.344628 0.952428 0.077872 0.095143
0.0 0.262353 0.955346 0.052051 0.089308
0.0 0.325956 0.961082 0.088751 0.077836
0.0 0.331257 0.963027 0.062122 0.073945
1.0 0.528777 0.906250 0.108771 0.187500
0.0 0.479591 0.952428 0.077872 0.095143
0.0 0.561865 0.955346 0.052051 0.089308
0.0 0.498262 0.961082 0.088751 0.077836
0.0 0.492962 0.963027 0.062122 0.073945
1.0 0.647005 0.906250 0.108771 0.187500
0.0 0.696191 0.952428 0.077872 0.095143
0.0 0.613916 0.955346 0.052051 0.089308
0.0 0.677519 0.961082 0.088751 0.077836
0.0 0.682819 0.963027 0.062122 0.073945
1.0 0.880339 0.906250 0.108771 0.187500
0.0 0.831153 0.952428 0.077872 0.095143
0.0 0.913428 0.955346 0.052051 0.089308
0.0 0.849825 0.961082 0.088751 0.077836
0.0 0.844525 0.963027 0.062122 0.073945
1.0 0.972091 0.906250 0.055818 0.187500
0.0 0.965478 0.955346 0.052051 0.089308
0.0 0.992353 0.961082 0.015294 0.077836
