1.0 0.493175 0.539933 0.192852 0.319732
1.0 0.646118 0.522246 0.230445 0.333030
1.0 0.799346 0.411463 0.085006 0.113148
1.0 0.955382 0.405956 0.073152 0.048655
1.0 0.313910 0.492285 0.035072 0.028923
1.0 0.173752 0.524091 0.040326 0.035703
1.0 0.013190 0.542280 0.026380 0.063791
1.0 0.123674 0.530839 0.040318 0.032808
1.0 0.389462 0.478442 0.037893 0.037960
1.0 0.750383 0.407608 0.026343 0.024152
1.0 0.874400 0.407591 0.043922 0.021303
1.0 0.824598 0.430360 0.037527 0.048789
0.0 0.735605 0.641889 0.149500 0.063668
0.0 0.599552 0.682562 0.168565 0.069984
