1.0 0.097146 0.062922 0.194292 0.125844
1.0 0.527403 0.062922 0.248078 0.125844
1.0 0.874940 0.062922 0.248078 0.125844
1.0 0.097146 0.541378 0.194292 0.409443
0.0 0.008463 0.656461 0.016926 0.115484
0.0 0.162524 0.695112 0.081189 0.117846
1.0 0.258783 0.599320 0.033505 0.043734
1.0 0.527403 0.541378 0.248078 0.409443
0.0 0.616484 0.656461 0.071508 0.115484
0.0 0.435132 0.695112 0.081189 0.117846
1.0 0.338873 0.599320 0.033505 0.043734
1.0 0.874940 0.541378 0.248078 0.409443
0.0 0.785859 0.656461 0.071508 0.115484
0.0 0.963309 0.695112 0.073383 0.117846
1.0 0.097146 0.895006 0.194292 0.209988
0.0 0.008463 0.879650 0.016926 0.115484
0.0 0.162524 0.840999 0.081189 0.117846
1.0 0.258783 0.936792 0.033505 0.043734
1.0 0.527403 0.895006 0.248078 0.209988
0.0 0.616484 0.879650 0.071508 0.115484
0.0 0.435132 0.840999 0.081189 0.117846
1.0 0.338873 0.936792 0.033505 0.043734
1.0 0.874940 0.895006 0.248078 0.209988
0.0 0.785859 0.879650 0.071508 0.115484
0.0 0.963309 0.840999 0.073383 0.117846
