1.0 0.026424 0.776622 0.052848 0.340956
1.0 0.569739 0.651258 0.240095 0.448332
1.0 0.712769 0.618438 0.280059 0.477465
1.0 0.084446 0.739263 0.168893 0.347577
1.0 0.844029 0.456460 0.103483 0.167074
1.0 0.980352 0.436695 0.039295 0.077864
1.0 0.393531 0.599991 0.037423 0.042778
1.0 0.272714 0.650068 0.042331 0.051648
1.0 0.130862 0.682606 0.040602 0.085410
1.0 0.229310 0.661664 0.041334 0.047705
1.0 0.460721 0.576828 0.042146 0.055350
1.0 0.794544 0.454942 0.029967 0.036690
1.0 0.919089 0.445355 0.047195 0.035552
1.0 0.872792 0.481043 0.045471 0.072146
0.0 0.822511 0.775815 0.153431 0.107276
0.0 0.698802 0.836078 0.169182 0.117365
