1.0 0.001245 0.117331 0.002489 0.031334
1.0 0.012090 0.111921 0.010246 0.030109
1.0 0.000759 0.126623 0.001518 0.028049
1.0 0.011160 0.125798 0.007904 0.019129
1.0 0.088540 0.117331 0.010183 0.031334
1.0 0.073848 0.111921 0.010246 0.030109
1.0 0.089071 0.126623 0.009302 0.028049
1.0 0.074777 0.125798 0.007904 0.019129
0.0 0.091411 0.104873 0.005284 0.006687
1.0 0.200523 0.117331 0.010183 0.031334
1.0 0.215215 0.111921 0.010246 0.030109
1.0 0.199992 0.126623 0.009302 0.028049
1.0 0.214285 0.125798 0.007904 0.019129
0.0 0.197652 0.104873 0.005284 0.006687
1.0 0.291665 0.117331 0.010183 0.031334
1.0 0.276973 0.111921 0.010246 0.030109
1.0 0.292196 0.126623 0.009302 0.028049
1.0 0.277902 0.125798 0.007904 0.019129
0.0 0.294536 0.104873 0.005284 0.006687
1.0 0.403648 0.117331 0.010183 0.031334
1.0 0.418340 0.111921 0.010246 0.030109
1.0 0.403117 0.126623 0.009302 0.028049
1.0 0.417410 0.125798 0.007904 0.019129
0.0 0.400777 0.104873 0.005284 0.006687
1.0 0.494790 0.117331 0.010183 0.031334
1.0 0.480098 0.111921 0.010246 0.030109
1.0 0.495321 0.126623 0.009302 0.028049
1.0 0.481027 0.125798 0.007904 0.019129
0.0 0.497661 0.104873 0.005284 0.006687
1.0 0.606773 0.117331 0.010183 0.031334
1.0 0.621465 0.111921 0.010246 0.030109
1.0 0.606242 0.126623 0.009302 0.028049
1.0 0.620535 0.125798 0.007904 0.019129
0.0 0.603902 0.104873 0.005284 0.006687
1.0 0.697915 0.117331 0.010183 0.031334
1.0 0.683223 0.111921 0.010246 0.030109
1.0 0.698446 0.126623 0.009302 0.028049
1.0 0.684152 0.125798 0.007904 0.019129
0.0 0.700786 0.104873 0.005284 0.006687
1.0 0.809898 0.117331 0.010183 0.031334
1.0 0.824590 0.111921 0.010246 0.030109
1.0 0.809367 0.126623 0.009302 0.028049
1.0 0.823660 0.125798 0.007904 0.019129
0.0 0.807027 0.104873 0.005284 0.006687
1.0 0.901040 0.117331 0.010183 0.031334
1.0 0.886348 0.111921 0.010246 0.030109
1.0 0.901571 0.126623 0.009302 0.028049
1.0 0.887277 0.125798 0.007904 0.019129
0.0 0.903911 0.104873 0.005284 0.006687
1.0 0.001245 0.234520 0.002489 0.031334
1.0 0.012090 0.239931 0.010246 0.030109
1.0 0.000759 0.225229 0.001518 0.028049
1.0 0.011160 0.226054 0.007904 0.019129
1.0 0.088540 0.234520 0.010183 0.031334
1.0 0.073848 0.239931 0.010246 0.030109
1.0 0.089071 0.225229 0.009302 0.028049
1.0 0.074777 0.226054 0.007904 0.019129
0.0 0.091411 0.246979 0.005284 0.006687
1.0 0.200523 0.234520 0.010183 0.031334
1.0 0.215215 0.239931 0.010246 0.030109
1.0 0.199992 0.225229 0.009302 0.028049
1.0 0.214285 0.226054 0.007904 0.019129
0.0 0.197652 0.246979 0.005284 0.006687
1.0 0.291665 0.234520 0.010183 0.031334
1.0 0.276973 0.239931 0.010246 0.030109
1.0 0.292196 0.225229 0.009302 0.028049
1.0 0.277902 0.226054 0.007904 0.019129
0.0 0.294536 0.246979 0.005284 0.006687
1.0 0.403648 0.234520 0.010183 0.031334
1.0 0.418340 0.239931 0.010246 0.030109
1.0 0.403117 0.225229 0.009302 0.028049
1.0 0.417410 0.226054 0.007904 0.019129
0.0 0.400777 0.246979 0.005284 0.006687
1.0 0.494790 0.234520 0.010183 0.031334
1.0 0.480098 0.239931 0.010246 0.030109
1.0 0.495321 0.225229 0.009302 0.028049
1.0 0.481027 0.226054 0.007904 0.019129
0.0 0.497661 0.246979 0.005284 0.006687
1.0 0.606773 0.234520 0.010183 0.031334
1.0 0.621465 0.239931 0.010246 0.030109
1.0 0.606242 0.225229 0.009302 0.028049
1.0 0.620535 0.226054 0.007904 0.019129
0.0 0.603902 0.246979 0.005284 0.006687
1.0 0.697915 0.234520 0.010183 0.031334
1.0 0.683223 0.239931 0.010246 0.030109
1.0 0.698446 0.225229 0.009302 0.028049
1.0 0.684152 0.226054 0.007904 0.019129
0.0 0.700786 0.246979 0.005284 0.006687
1.0 0.809898 0.234520 0.010183 0.031334
1.0 0.824590 0.239931 0.010246 0.030109
1.0 0.809367 0.225229 0.009302 0.028049
1.0 0.823660 0.226054 0.007904 0.019129
0.0 0.807027 0.246979 0.005284 0.006687
1.0 0.901040 0.234520 0.010183 0.031334
1.0 0.886348 0.239931 0.010246 0.030109
1.0 0.901571 0.225229 0.009302 0.028049
1.0 0.887277 0.226054 0.007904 0.019129
0.0 0.903911 0.246979 0.005284 0.006687
1.0 0.001245 0.376591 0.002489 0.031334
1.0 0.012090 0.371181 0.010246 0.030109
1.0 0.000759 0.385882 0.001518 0.028049
1.0 0.011160 0.385057 0.007904 0.019129
1.0 0.088540 0.376591 0.010183 0.031334
1.0 0.073848 0.371181 0.010246 0.030109
1.0 0.089071 0.385882 0.009302 0.028049
1.0 0.074777 0.385057 0.007904 0.019129
0.0 0.091411 0.364132 0.005284 0.006687
1.0 0.200523 0.376591 0.010183 0.031334
1.0 0.215215 0.371181 0.010246 0.030109
1.0 0.199992 0.385882 0.009302 0.028049
1.0 0.214285 0.385057 0.007904 0.019129
0.0 0.197652 0.364132 0.005284 0.006687
1.0 0.291665 0.376591 0.010183 0.031334
1.0 0.276973 0.371181 0.010246 0.030109
1.0 0.292196 0.385882 0.009302 0.028049
1.0 0.277902 0.385057 0.007904 0.019129
0.0 0.294536 0.364132 0.005284 0.006687
1.0 0.403648 0.376591 0.010183 0.031334
1.0 0.418340 0.371181 0.010246 0.030109
1.0 0.403117 0.385882 0.009302 0.028049
1.0 0.417410 0.385057 0.007904 0.019129
0.0 0.400777 0.364132 0.005284 0.006687
1.0 0.494790 0.376591 0.010183 0.031334
1.0 0.480098 0.371181 0.010246 0.030109
1.0 0.495321 0.385882 0.009302 0.028049
1.0 0.481027 0.385057 0.007904 0.019129
0.0 0.497661 0.364132 0.005284 0.006687
1.0 0.606773 0.376591 0.010183 0.031334
1.0 0.621465 0.371181 0.010246 0.030109
1.0 0.606242 0.385882 0.009302 0.028049
1.0 0.620535 0.385057 0.007904 0.019129
0.0 0.603902 0.364132 0.005284 0.006687
1.0 0.697915 0.376591 0.010183 0.031334
1.0 0.683223 0.371181 0.010246 0.030109
1.0 0.698446 0.385882 0.009302 0.028049
1.0 0.684152 0.385057 0.007904 0.019129
0.0 0.700786 0.364132 0.005284 0.006687
1.0 0.809898 0.376591 0.010183 0.031334
1.0 0.824590 0.371181 0.010246 0.030109
1.0 0.809367 0.385882 0.009302 0.028049
1.0 0.823660 0.385057 0.007904 0.019129
0.0 0.807027 0.364132 0.005284 0.006687
1.0 0.901040 0.376591 0.010183 0.031334
1.0 0.886348 0.371181 0.010246 0.030109
1.0 0.901571 0.385882 0.009302 0.028049
1.0 0.887277 0.385057 0.007904 0.019129
0.0 0.903911 0.364132 0.005284 0.006687
1.0 0.001245 0.493780 0.002489 0.031334
1.0 0.012090 0.499190 0.010246 0.030109
1.0 0.000759 0.484488 0.001518 0.028049
1.0 0.011160 0.485314 0.007904 0.019129
1.0 0.088540 0.493780 0.010183 0.031334
1.0 0.073848 0.499190 0.010246 0.030109
1.0 0.089071 0.484488 0.009302 0.028049
1.0 0.074777 0.485314 0.007904 0.019129
0.0 0.091411 0.506239 0.005284 0.006687
1.0 0.200523 0.493780 0.010183 0.031334
1.0 0.215215 0.499190 0.010246 0.030109
1.0 0.199992 0.484488 0.009302 0.028049
1.0 0.214285 0.485314 0.007904 0.019129
0.0 0.197652 0.506239 0.005284 0.006687
1.0 0.291665 0.493780 0.010183 0.031334
1.0 0.276973 0.499190 0.010246 0.030109
1.0 0.292196 0.484488 0.009302 0.028049
1.0 0.277902 0.485314 0.007904 0.019129
0.0 0.294536 0.506239 0.005284 0.006687
1.0 0.403648 0.493780 0.010183 0.031334
1.0 0.418340 0.499190 0.010246 0.030109
1.0 0.403117 0.484488 0.009302 0.028049
1.0 0.417410 0.485314 0.007904 0.019129
0.0 0.400777 0.506239 0.005284 0.006687
1.0 0.494790 0.493780 0.010183 0.031334
1.0 0.480098 0.499190 0.010246 0.030109
1.0 0.495321 0.484488 0.009302 0.028049
1.0 0.481027 0.485314 0.007904 0.019129
0.0 0.497661 0.506239 0.005284 0.006687
1.0 0.606773 0.493780 0.010183 0.031334
1.0 0.621465 0.499190 0.010246 0.030109
1.0 0.606242 0.484488 0.009302 0.028049
1.0 0.620535 0.485314 0.007904 0.019129
0.0 0.603902 0.506239 0.005284 0.006687
1.0 0.697915 0.493780 0.010183 0.031334
1.0 0.683223 0.499190 0.010246 0.030109
1.0 0.698446 0.484488 0.009302 0.028049
1.0 0.684152 0.485314 0.007904 0.019129
0.0 0.700786 0.506239 0.005284 0.006687
1.0 0.809898 0.493780 0.010183 0.031334
1.0 0.824590 0.499190 0.010246 0.030109
1.0 0.809367 0.484488 0.009302 0.028049
1.0 0.823660 0.485314 0.007904 0.019129
0.0 0.807027 0.506239 0.005284 0.006687
1.0 0.901040 0.493780 0.010183 0.031334
1.0 0.886348 0.499190 0.010246 0.030109
1.0 0.901571 0.484488 0.009302 0.028049
1.0 0.887277 0.485314 0.007904 0.019129
0.0 0.903911 0.506239 0.005284 0.006687
1.0 0.001245 0.635850 0.002489 0.031334
1.0 0.012090 0.630440 0.010246 0.030109
1.0 0.000759 0.645141 0.001518 0.028049
1.0 0.011160 0.644316 0.007904 0.019129
1.0 0.088540 0.635850 0.010183 0.031334
1.0 0.073848 0.630440 0.010246 0.030109
1.0 0.089071 0.645141 0.009302 0.028049
1.0 0.074777 0.644316 0.007904 0.019129
0.0 0.091411 0.623391 0.005284 0.006687
1.0 0.200523 0.635850 0.010183 0.031334
1.0 0.215215 0.630440 0.010246 0.030109
1.0 0.199992 0.645141 0.009302 0.028049
1.0 0.214285 0.644316 0.007904 0.019129
0.0 0.197652 0.623391 0.005284 0.006687
1.0 0.291665 0.635850 0.010183 0.031334
1.0 0.276973 0.630440 0.010246 0.030109
1.0 0.292196 0.645141 0.009302 0.028049
1.0 0.277902 0.644316 0.007904 0.019129
0.0 0.294536 0.623391 0.005284 0.006687
1.0 0.403648 0.635850 0.010183 0.031334
1.0 0.418340 0.630440 0.010246 0.030109
1.0 0.403117 0.645141 0.009302 0.028049
1.0 0.417410 0.644316 0.007904 0.019129
0.0 0.400777 0.623391 0.005284 0.006687
1.0 0.494790 0.635850 0.010183 0.031334
1.0 0.480098 0.630440 0.010246 0.030109
1.0 0.495321 0.645141 0.009302 0.028049
1.0 0.481027 0.644316 0.007904 0.019129
0.0 0.497661 0.623391 0.005284 0.006687
1.0 0.606773 0.635850 0.010183 0.031334
1.0 0.621465 0.630440 0.010246 0.030109
1.0 0.606242 0.645141 0.009302 0.028049
1.0 0.620535 0.644316 0.007904 0.019129
0.0 0.603902 0.623391 0.005284 0.006687
1.0 0.697915 0.635850 0.010183 0.031334
1.0 0.683223 0.630440 0.010246 0.030109
1.0 0.698446 0.645141 0.009302 0.028049
1.0 0.684152 0.644316 0.007904 0.019129
0.0 0.700786 0.623391 0.005284 0.006687
1.0 0.809898 0.635850 0.010183 0.031334
1.0 0.824590 0.630440 0.010246 0.030109
1.0 0.809367 0.645141 0.009302 0.028049
1.0 0.823660 0.644316 0.007904 0.019129
0.0 0.807027 0.623391 0.005284 0.006687
1.0 0.901040 0.635850 0.010183 0.031334
1.0 0.886348 0.630440 0.010246 0.030109
1.0 0.901571 0.645141 0.009302 0.028049
1.0 0.887277 0.644316 0.007904 0.019129
0.0 0.903911 0.623391 0.005284 0.006687
1.0 0.001245 0.753039 0.002489 0.031334
1.0 0.012090 0.758449 0.010246 0.030109
1.0 0.000759 0.743747 0.001518 0.028049
1.0 0.011160 0.744573 0.007904 0.019129
1.0 0.088540 0.753039 0.010183 0.031334
1.0 0.073848 0.758449 0.010246 0.030109
1.0 0.089071 0.743747 0.009302 0.028049
1.0 0.074777 0.744573 0.007904 0.019129
0.0 0.091411 0.765498 0.005284 0.006687
1.0 0.200523 0.753039 0.010183 0.031334
1.0 0.215215 0.758449 0.010246 0.030109
1.0 0.199992 0.743747 0.009302 0.028049
1.0 0.214285 0.744573 0.007904 0.019129
0.0 0.197652 0.765498 0.005284 0.006687
1.0 0.291665 0.753039 0.010183 0.031334
1.0 0.276973 0.758449 0.010246 0.030109
1.0 0.292196 0.743747 0.009302 0.028049
1.0 0.277902 0.744573 0.007904 0.019129
0.0 0.294536 0.765498 0.005284 0.006687
1.0 0.403648 0.753039 0.010183 0.031334
1.0 0.418340 0.758449 0.010246 0.030109
1.0 0.403117 0.743747 0.009302 0.028049
1.0 0.417410 0.744573 0.007904 0.019129
0.0 0.400777 0.765498 0.005284 0.006687
1.0 0.494790 0.753039 0.010183 0.031334
1.0 0.480098 0.758449 0.010246 0.030109
1.0 0.495321 0.743747 0.009302 0.028049
1.0 0.481027 0.744573 0.007904 0.019129
0.0 0.497661 0.765498 0.005284 0.006687
1.0 0.606773 0.753039 0.010183 0.031334
1.0 0.621465 0.758449 0.010246 0.030109
1.0 0.606242 0.743747 0.009302 0.028049
1.0 0.620535 0.744573 0.007904 0.019129
0.0 0.603902 0.765498 0.005284 0.006687
1.0 0.697915 0.753039 0.010183 0.031334
1.0 0.683223 0.758449 0.010246 0.030109
1.0 0.698446 0.743747 0.009302 0.028049
1.0 0.684152 0.744573 0.007904 0.019129
0.0 0.700786 0.765498 0.005284 0.006687
1.0 0.809898 0.753039 0.010183 0.031334
1.0 0.824590 0.758449 0.010246 0.030109
1.0 0.809367 0.743747 0.009302 0.028049
1.0 0.823660 0.744573 0.007904 0.019129
0.0 0.807027 0.765498 0.005284 0.006687
1.0 0.901040 0.753039 0.010183 0.031334
1.0 0.886348 0.758449 0.010246 0.030109
1.0 0.901571 0.743747 0.009302 0.028049
1.0 0.887277 0.744573 0.007904 0.019129
0.0 0.903911 0.765498 0.005284 0.006687
1.0 0.001245 0.895109 0.002489 0.031334
1.0 0.012090 0.889699 0.010246 0.030109
1.0 0.000759 0.904401 0.001518 0.028049
1.0 0.011160 0.903575 0.007904 0.019129
1.0 0.088540 0.895109 0.010183 0.031334
1.0 0.073848 0.889699 0.010246 0.030109
1.0 0.089071 0.904401 0.009302 0.028049
1.0 0.074777 0.903575 0.007904 0.019129
0.0 0.091411 0.882650 0.005284 0.006687
1.0 0.200523 0.895109 0.010183 0.031334
1.0 0.215215 0.889699 0.010246 0.030109
1.0 0.199992 0.904401 0.009302 0.028049
1.0 0.214285 0.903575 0.007904 0.019129
0.0 0.197652 0.882650 0.005284 0.006687
1.0 0.291665 0.895109 0.010183 0.031334
1.0 0.276973 0.889699 0.010246 0.030109
1.0 0.292196 0.904401 0.009302 0.028049
1.0 0.277902 0.903575 0.007904 0.019129
0.0 0.294536 0.882650 0.005284 0.006687
1.0 0.403648 0.895109 0.010183 0.031334
1.0 0.418340 0.889699 0.010246 0.030109
1.0 0.403117 0.904401 0.009302 0.028049
1.0 0.417410 0.903575 0.007904 0.019129
0.0 0.400777 0.882650 0.005284 0.006687
1.0 0.494790 0.895109 0.010183 0.031334
1.0 0.480098 0.889699 0.010246 0.030109
1.0 0.495321 0.904401 0.009302 0.028049
1.0 0.481027 0.903575 0.007904 0.019129
0.0 0.497661 0.882650 0.005284 0.006687
1.0 0.606773 0.895109 0.010183 0.031334
1.0 0.621465 0.889699 0.010246 0.030109
1.0 0.606242 0.904401 0.009302 0.028049
1.0 0.620535 0.903575 0.007904 0.019129
0.0 0.603902 0.882650 0.005284 0.006687
1.0 0.697915 0.895109 0.010183 0.031334
1.0 0.683223 0.889699 0.010246 0.030109
1.0 0.698446 0.904401 0.009302 0.028049
1.0 0.684152 0.903575 0.007904 0.019129
0.0 0.700786 0.882650 0.005284 0.006687
1.0 0.809898 0.895109 0.010183 0.031334
1.0 0.824590 0.889699 0.010246 0.030109
1.0 0.809367 0.904401 0.009302 0.028049
1.0 0.823660 0.903575 0.007904 0.019129
0.0 0.807027 0.882650 0.005284 0.006687
1.0 0.901040 0.895109 0.010183 0.031334
1.0 0.886348 0.889699 0.010246 0.030109
1.0 0.901571 0.904401 0.009302 0.028049
1.0 0.887277 0.903575 0.007904 0.019129
0.0 0.903911 0.882650 0.005284 0.006687
1.0 0.000759 0.994491 0.001518 0.011018
1.0 0.011160 0.997134 0.007904 0.005733
1.0 0.088540 0.998316 0.010183 0.003369
1.0 0.089071 0.994491 0.009302 0.011018
1.0 0.074777 0.997134 0.007904 0.005733
1.0 0.200523 0.998316 0.010183 0.003369
1.0 0.199992 0.994491 0.009302 0.011018
1.0 0.214285 0.997134 0.007904 0.005733
1.0 0.291665 0.998316 0.010183 0.003369
1.0 0.292196 0.994491 0.009302 0.011018
1.0 0.277902 0.997134 0.007904 0.005733
1.0 0.403648 0.998316 0.010183 0.003369
1.0 0.403117 0.994491 0.009302 0.011018
1.0 0.417410 0.997134 0.007904 0.005733
1.0 0.494790 0.998316 0.010183 0.003369
1.0 0.495321 0.994491 0.009302 0.011018
1.0 0.481027 0.997134 0.007904 0.005733
1.0 0.606773 0.998316 0.010183 0.003369
1.0 0.606242 0.994491 0.009302 0.011018
1.0 0.620535 0.997134 0.007904 0.005733
1.0 0.697915 0.998316 0.010183 0.003369
1.0 0.698446 0.994491 0.009302 0.011018
1.0 0.684152 0.997134 0.007904 0.005733
1.0 0.809898 0.998316 0.010183 0.003369
1.0 0.809367 0.994491 0.009302 0.011018
1.0 0.823660 0.997134 0.007904 0.005733
1.0 0.901040 0.998316 0.010183 0.003369
1.0 0.901571 0.994491 0.009302 0.011018
1.0 0.887277 0.997134 0.007904 0.005733
