1.0 0.053190 0.041667 0.106381 0.083333
0.0 0.087563 0.041667 0.120879 0.083333
1.0 0.270151 0.041667 0.159314 0.083333
0.0 0.209312 0.041667 0.120879 0.083333
0.0 0.343124 0.025883 0.079377 0.051766
1.0 0.495474 0.041667 0.159314 0.083333
0.0 0.556313 0.041667 0.120879 0.083333
0.0 0.422501 0.025883 0.079377 0.051766
1.0 0.738901 0.041667 0.159314 0.083333
0.0 0.678062 0.041667 0.120879 0.083333
0.0 0.811874 0.025883 0.079377 0.051766
1.0 0.942283 0.041667 0.115433 0.083333
0.0 0.982312 0.041667 0.035377 0.083333
0.0 0.891251 0.025883 0.079377 0.051766
1.0 0.053190 0.222222 0.106381 0.277778
0.0 0.087563 0.141484 0.120879 0.116301
1.0 0.270151 0.222222 0.159314 0.277778
0.0 0.209312 0.141484 0.120879 0.116301
0.0 0.343124 0.196498 0.079377 0.163194
1.0 0.495474 0.222222 0.159314 0.277778
0.0 0.556313 0.141484 0.120879 0.116301
0.0 0.422501 0.196498 0.079377 0.163194
1.0 0.738901 0.222222 0.159314 0.277778
0.0 0.678062 0.141484 0.120879 0.116301
0.0 0.811874 0.196498 0.079377 0.163194
1.0 0.942283 0.222222 0.115433 0.277778
0.0 0.982312 0.141484 0.035377 0.116301
0.0 0.891251 0.196498 0.079377 0.163194
1.0 0.053190 0.500000 0.106381 0.277778
0.0 0.087563 0.580738 0.120879 0.116301
1.0 0.270151 0.500000 0.159314 0.277778
0.0 0.209312 0.580738 0.120879 0.116301
0.0 0.343124 0.525724 0.079377 0.163194
1.0 0.495474 0.500000 0.159314 0.277778
0.0 0.556313 0.580738 0.120879 0.116301
0.0 0.422501 0.525724 0.079377 0.163194
1.0 0.738901 0.500000 0.159314 0.277778
0.0 0.678062 0.580738 0.120879 0.116301
0.0 0.811874 0.525724 0.079377 0.163194
1.0 0.942283 0.500000 0.115433 0.277778
0.0 0.982312 0.580738 0.035377 0.116301
0.0 0.891251 0.525724 0.079377 0.163194
1.0 0.053190 0.777778 0.106381 0.277778
0.0 0.087563 0.697039 0.120879 0.116301
1.0 0.270151 0.777778 0.159314 0.277778
0.0 0.209312 0.697039 0.120879 0.116301
0.0 0.343124 0.752053 0.079377 0.163194
1.0 0.495474 0.777778 0.159314 0.277778
0.0 0.556313 0.697039 0.120879 0.116301
0.0 0.422501 0.752053 0.079377 0.163194
1.0 0.738901 0.777778 0.159314 0.277778
0.0 0.678062 0.697039 0.120879 0.116301
0.0 0.811874 0.752053 0.079377 0.163194
1.0 0.942283 0.777778 0.115433 0.277778
0.0 0.982312 0.697039 0.035377 0.116301
0.0 0.891251 0.752053 0.079377 0.163194
1.0 0.053190 0.958333 0.106381 0.083333
1.0 0.270151 0.958333 0.159314 0.083333
1.0 0.495474 0.958333 0.159314 0.083333
1.0 0.738901 0.958333 0.159314 0.083333
1.0 0.942283 0.958333 0.115433 0.083333
