1.0 0.008400 0.064406 0.016799 0.128813
1.0 0.253873 0.064406 0.103844 0.128813
0.0 0.288801 0.023432 0.092448 0.046864
1.0 0.485711 0.064406 0.103844 0.128813
0.0 0.450782 0.023432 0.092448 0.046864
1.0 0.774706 0.064406 0.103844 0.128813
0.0 0.809635 0.023432 0.092448 0.046864
1.0 0.977311 0.064406 0.045378 0.128813
0.0 0.962696 0.023432 0.074608 0.046864
1.0 0.008400 0.520449 0.016799 0.224449
0.0 0.014464 0.619809 0.028929 0.064971
0.0 0.013326 0.650301 0.026651 0.066607
1.0 0.253873 0.520449 0.103844 0.224449
0.0 0.297624 0.619311 0.084399 0.084336
0.0 0.225463 0.619809 0.071284 0.064971
0.0 0.225481 0.650301 0.066765 0.066607
0.0 0.288801 0.532376 0.092448 0.084406
1.0 0.485711 0.520449 0.103844 0.224449
0.0 0.441959 0.619311 0.084399 0.084336
0.0 0.514120 0.619809 0.071284 0.064971
0.0 0.514102 0.650301 0.066765 0.066607
0.0 0.450782 0.532376 0.092448 0.084406
1.0 0.774706 0.520449 0.103844 0.224449
0.0 0.818457 0.619311 0.084399 0.084336
0.0 0.746297 0.619809 0.071284 0.064971
0.0 0.746314 0.650301 0.066765 0.066607
0.0 0.809635 0.532376 0.092448 0.084406
1.0 0.977311 0.520449 0.045378 0.224449
0.0 0.960297 0.619311 0.079407 0.084336
0.0 0.962696 0.532376 0.074608 0.084406
1.0 0.008400 0.915145 0.016799 0.169710
0.0 0.014464 0.843154 0.028929 0.064971
0.0 0.013326 0.812662 0.026651 0.066607
1.0 0.253873 0.915145 0.103844 0.169710
0.0 0.297624 0.843652 0.084399 0.084336
0.0 0.225463 0.843154 0.071284 0.064971
0.0 0.225481 0.812662 0.066765 0.066607
0.0 0.288801 0.930587 0.092448 0.084406
1.0 0.485711 0.915145 0.103844 0.169710
0.0 0.441959 0.843652 0.084399 0.084336
0.0 0.514120 0.843154 0.071284 0.064971
0.0 0.514102 0.812662 0.066765 0.066607
0.0 0.450782 0.930587 0.092448 0.084406
1.0 0.774706 0.915145 0.103844 0.169710
0.0 0.818457 0.843652 0.084399 0.084336
0.0 0.746297 0.843154 0.071284 0.064971
0.0 0.746314 0.812662 0.066765 0.066607
0.0 0.809635 0.930587 0.092448 0.084406
1.0 0.977311 0.915145 0.045378 0.169710
0.0 0.960297 0.843652 0.079407 0.084336
0.0 0.962696 0.930587 0.074608 0.084406
