1.0 0.106702 0.017515 0.098008 0.035030
0.0 0.148272 0.017663 0.030146 0.035326
0.0 0.063814 0.018492 0.030748 0.036985
1.0 0.289783 0.017515 0.098008 0.035030
0.0 0.248213 0.017663 0.030146 0.035326
0.0 0.332670 0.018492 0.030748 0.036985
1.0 0.509045 0.017515 0.098008 0.035030
0.0 0.550615 0.017663 0.030146 0.035326
0.0 0.466158 0.018492 0.030748 0.036985
1.0 0.692127 0.017515 0.098008 0.035030
0.0 0.650556 0.017663 0.030146 0.035326
0.0 0.735014 0.018492 0.030748 0.036985
1.0 0.911389 0.017515 0.098008 0.035030
0.0 0.952959 0.017663 0.030146 0.035326
0.0 0.868502 0.018492 0.030748 0.036985
1.0 0.106702 0.238900 0.098008 0.158970
0.0 0.148272 0.181202 0.030146 0.044166
0.0 0.063814 0.178455 0.030748 0.041991
1.0 0.021039 0.222599 0.012150 0.015486
1.0 0.289783 0.238900 0.098008 0.158970
0.0 0.248213 0.181202 0.030146 0.044166
0.0 0.332670 0.178455 0.030748 0.041991
1.0 0.375445 0.222599 0.012150 0.015486
1.0 0.509045 0.238900 0.098008 0.158970
0.0 0.550615 0.181202 0.030146 0.044166
0.0 0.466158 0.178455 0.030748 0.041991
1.0 0.423383 0.222599 0.012150 0.015486
1.0 0.692127 0.238900 0.098008 0.158970
0.0 0.650556 0.181202 0.030146 0.044166
0.0 0.735014 0.178455 0.030748 0.041991
1.0 0.777789 0.222599 0.012150 0.015486
1.0 0.911389 0.238900 0.098008 0.158970
0.0 0.952959 0.181202 0.030146 0.044166
0.0 0.868502 0.178455 0.030748 0.041991
1.0 0.825727 0.222599 0.012150 0.015486
1.0 0.106702 0.492350 0.098008 0.158970
0.0 0.148272 0.550048 0.030146 0.044166
0.0 0.063814 0.552795 0.030748 0.041991
1.0 0.021039 0.508651 0.012150 0.015486
1.0 0.289783 0.492350 0.098008 0.158970
0.0 0.248213 0.550048 0.030146 0.044166
0.0 0.332670 0.552795 0.030748 0.041991
1.0 0.375445 0.508651 0.012150 0.015486
1.0 0.509045 0.492350 0.098008 0.158970
0.0 0.550615 0.550048 0.030146 0.044166
0.0 0.466158 0.552795 0.030748 0.041991
1.0 0.423383 0.508651 0.012150 0.015486
1.0 0.692127 0.492350 0.098008 0.158970
0.0 0.650556 0.550048 0.030146 0.044166
0.0 0.735014 0.552795 0.030748 0.041991
1.0 0.777789 0.508651 0.012150 0.015486
1.0 0.911389 0.492350 0.098008 0.158970
0.0 0.952959 0.550048 0.030146 0.044166
0.0 0.868502 0.552795 0.030748 0.041991
1.0 0.825727 0.508651 0.012150 0.015486
1.0 0.106702 0.775706 0.098008 0.158970
0.0 0.148272 0.718007 0.030146 0.044166
0.0 0.063814 0.715261 0.030748 0.041991
1.0 0.021039 0.759404 0.012150 0.015486
1.0 0.289783 0.775706 0.098008 0.158970
0.0 0.248213 0.718007 0.030146 0.044166
0.0 0.332670 0.715261 0.030748 0.041991
1.0 0.375445 0.759404 0.012150 0.015486
1.0 0.509045 0.775706 0.098008 0.158970
0.0 0.550615 0.718007 0.030146 0.044166
0.0 0.466158 0.715261 0.030748 0.041991
1.0 0.423383 0.759404 0.012150 0.015486
1.0 0.692127 0.775706 0.098008 0.158970
0.0 0.650556 0.718007 0.030146 0.044166
0.0 0.735014 0.715261 0.030748 0.041991
1.0 0.777789 0.759404 0.012150 0.015486
1.0 0.911389 0.775706 0.098008 0.158970
0.0 0.952959 0.718007 0.030146 0.044166
0.0 0.868502 0.715261 0.030748 0.041991
1.0 0.825727 0.759404 0.012150 0.015486
1.0 0.106702 0.974835 0.098008 0.050330
1.0 0.289783 0.974835 0.098008 0.050330
1.0 0.509045 0.974835 0.098008 0.050330
1.0 0.692127 0.974835 0.098008 0.050330
1.0 0.911389 0.974835 0.098008 0.050330
