1.0 0.012695 0.111111 0.025391 0.194444
0.0 0.012695 0.138741 0.025391 0.073260
1.0 0.068544 0.111111 0.086307 0.194444
1.0 0.113567 0.091025 0.068303 0.154273
0.0 0.040349 0.138741 0.029916 0.073260
0.0 0.091697 0.174699 0.056424 0.067269
0.0 0.122813 0.162091 0.076250 0.092484
0.0 0.074845 0.176029 0.043904 0.064609
1.0 0.253331 0.111111 0.086307 0.194444
1.0 0.208308 0.091025 0.068303 0.154273
0.0 0.281526 0.138741 0.029916 0.073260
0.0 0.230178 0.174699 0.056424 0.067269
0.0 0.199062 0.162091 0.076250 0.092484
0.0 0.247030 0.176029 0.043904 0.064609
1.0 0.339638 0.111111 0.086307 0.194444
1.0 0.384661 0.091025 0.068303 0.154273
0.0 0.311442 0.138741 0.029916 0.073260
0.0 0.362790 0.174699 0.056424 0.067269
0.0 0.393906 0.162091 0.076250 0.092484
0.0 0.345938 0.176029 0.043904 0.064609
1.0 0.524425 0.111111 0.086307 0.194444
1.0 0.479402 0.091025 0.068303 0.154273
0.0 0.552620 0.138741 0.029916 0.073260
0.0 0.501272 0.174699 0.056424 0.067269
0.0 0.470156 0.162091 0.076250 0.092484
0.0 0.518124 0.176029 0.043904 0.064609
1.0 0.610731 0.111111 0.086307 0.194444
1.0 0.655755 0.091025 0.068303 0.154273
0.0 0.582536 0.138741 0.029916 0.073260
0.0 0.633884 0.174699 0.056424 0.067269
0.0 0.665000 0.162091 0.076250 0.092484
0.0 0.617032 0.176029 0.043904 0.064609
1.0 0.795519 0.111111 0.086307 0.194444
1.0 0.750495 0.091025 0.068303 0.154273
0.0 0.823714 0.138741 0.029916 0.073260
0.0 0.772366 0.174699 0.056424 0.067269
0.0 0.741250 0.162091 0.076250 0.092484
0.0 0.789218 0.176029 0.043904 0.064609
1.0 0.881825 0.111111 0.086307 0.194444
1.0 0.926848 0.091025 0.068303 0.154273
0.0 0.853630 0.138741 0.029916 0.073260
0.0 0.904978 0.174699 0.056424 0.067269
0.0 0.936094 0.162091 0.076250 0.092484
0.0 0.888126 0.176029 0.043904 0.064609
1.0 0.993719 0.091025 0.012562 0.154273
0.0 0.987109 0.162091 0.025781 0.092484
1.0 0.012695 0.305556 0.025391 0.194444
0.0 0.012695 0.277925 0.025391 0.073260
1.0 0.068544 0.305556 0.086307 0.194444
1.0 0.113567 0.325641 0.068303 0.154273
0.0 0.040349 0.277925 0.029916 0.073260
0.0 0.091697 0.241968 0.056424 0.067269
0.0 0.122813 0.254575 0.076250 0.092484
0.0 0.074845 0.240638 0.043904 0.064609
1.0 0.253331 0.305556 0.086307 0.194444
1.0 0.208308 0.325641 0.068303 0.154273
0.0 0.281526 0.277925 0.029916 0.073260
0.0 0.230178 0.241968 0.056424 0.067269
0.0 0.199062 0.254575 0.076250 0.092484
0.0 0.247030 0.240638 0.043904 0.064609
1.0 0.339638 0.305556 0.086307 0.194444
1.0 0.384661 0.325641 0.068303 0.154273
0.0 0.311442 0.277925 0.029916 0.073260
0.0 0.362790 0.241968 0.056424 0.067269
0.0 0.393906 0.254575 0.076250 0.092484
0.0 0.345938 0.240638 0.043904 0.064609
1.0 0.524425 0.305556 0.086307 0.194444
1.0 0.479402 0.325641 0.068303 0.154273
0.0 0.552620 0.277925 0.029916 0.073260
0.0 0.501272 0.241968 0.056424 0.067269
0.0 0.470156 0.254575 0.076250 0.092484
0.0 0.518124 0.240638 0.043904 0.064609
1.0 0.610731 0.305556 0.086307 0.194444
1.0 0.655755 0.325641 0.068303 0.154273
0.0 0.582536 0.277925 0.029916 0.073260
0.0 0.633884 0.241968 0.056424 0.067269
0.0 0.665000 0.254575 0.076250 0.092484
0.0 0.617032 0.240638 0.043904 0.064609
1.0 0.795519 0.305556 0.086307 0.194444
1.0 0.750495 0.325641 0.068303 0.154273
0.0 0.823714 0.277925 0.029916 0.073260
0.0 0.772366 0.241968 0.056424 0.067269
0.0 0.741250 0.254575 0.076250 0.092484
0.0 0.789218 0.240638 0.043904 0.064609
1.0 0.881825 0.305556 0.086307 0.194444
1.0 0.926848 0.325641 0.068303 0.154273
0.0 0.853630 0.277925 0.029916 0.073260
0.0 0.904978 0.241968 0.056424 0.067269
0.0 0.936094 0.254575 0.076250 0.092484
0.0 0.888126 0.240638 0.043904 0.064609
1.0 0.993719 0.325641 0.012562 0.154273
0.0 0.987109 0.254575 0.025781 0.092484
1.0 0.012695 0.500000 0.025391 0.194444
0.0 0.012695 0.527630 0.025391 0.073260
1.0 0.068544 0.500000 0.086307 0.194444
1.0 0.113567 0.479914 0.068303 0.154273
0.0 0.040349 0.527630 0.029916 0.073260
0.0 0.091697 0.563588 0.056424 0.067269
0.0 0.122813 0.550980 0.076250 0.092484
0.0 0.074845 0.564918 0.043904 0.064609
1.0 0.253331 0.500000 0.086307 0.194444
1.0 0.208308 0.479914 0.068303 0.154273
0.0 0.281526 0.527630 0.029916 0.073260
0.0 0.230178 0.563588 0.056424 0.067269
0.0 0.199062 0.550980 0.076250 0.092484
0.0 0.247030 0.564918 0.043904 0.064609
1.0 0.339638 0.500000 0.086307 0.194444
1.0 0.384661 0.479914 0.068303 0.154273
0.0 0.311442 0.527630 0.029916 0.073260
0.0 0.362790 0.563588 0.056424 0.067269
0.0 0.393906 0.550980 0.076250 0.092484
0.0 0.345938 0.564918 0.043904 0.064609
1.0 0.524425 0.500000 0.086307 0.194444
1.0 0.479402 0.479914 0.068303 0.154273
0.0 0.552620 0.527630 0.029916 0.073260
0.0 0.501272 0.563588 0.056424 0.067269
0.0 0.470156 0.550980 0.076250 0.092484
0.0 0.518124 0.564918 0.043904 0.064609
1.0 0.610731 0.500000 0.086307 0.194444
1.0 0.655755 0.479914 0.068303 0.154273
0.0 0.582536 0.527630 0.029916 0.073260
0.0 0.633884 0.563588 0.056424 0.067269
0.0 0.665000 0.550980 0.076250 0.092484
0.0 0.617032 0.564918 0.043904 0.064609
1.0 0.795519 0.500000 0.086307 0.194444
1.0 0.750495 0.479914 0.068303 0.154273
0.0 0.823714 0.527630 0.029916 0.073260
0.0 0.772366 0.563588 0.056424 0.067269
0.0 0.741250 0.550980 0.076250 0.092484
0.0 0.789218 0.564918 0.043904 0.064609
1.0 0.881825 0.500000 0.086307 0.194444
1.0 0.926848 0.479914 0.068303 0.154273
0.0 0.853630 0.527630 0.029916 0.073260
0.0 0.904978 0.563588 0.056424 0.067269
0.0 0.936094 0.550980 0.076250 0.092484
0.0 0.888126 0.564918 0.043904 0.064609
1.0 0.993719 0.479914 0.012562 0.154273
0.0 0.987109 0.550980 0.025781 0.092484
1.0 0.012695 0.694444 0.025391 0.194444
0.0 0.012695 0.666814 0.025391 0.073260
1.0 0.068544 0.694444 0.086307 0.194444
1.0 0.113567 0.714530 0.068303 0.154273
0.0 0.040349 0.666814 0.029916 0.073260
0.0 0.091697 0.630857 0.056424 0.067269
0.0 0.122813 0.643464 0.076250 0.092484
0.0 0.074845 0.629527 0.043904 0.064609
1.0 0.253331 0.694444 0.086307 0.194444
1.0 0.208308 0.714530 0.068303 0.154273
0.0 0.281526 0.666814 0.029916 0.073260
0.0 0.230178 0.630857 0.056424 0.067269
0.0 0.199062 0.643464 0.076250 0.092484
0.0 0.247030 0.629527 0.043904 0.064609
1.0 0.339638 0.694444 0.086307 0.194444
1.0 0.384661 0.714530 0.068303 0.154273
0.0 0.311442 0.666814 0.029916 0.073260
0.0 0.362790 0.630857 0.056424 0.067269
0.0 0.393906 0.643464 0.076250 0.092484
0.0 0.345938 0.629527 0.043904 0.064609
1.0 0.524425 0.694444 0.086307 0.194444
1.0 0.479402 0.714530 0.068303 0.154273
0.0 0.552620 0.666814 0.029916 0.073260
0.0 0.501272 0.630857 0.056424 0.067269
0.0 0.470156 0.643464 0.076250 0.092484
0.0 0.518124 0.629527 0.043904 0.064609
1.0 0.610731 0.694444 0.086307 0.194444
1.0 0.655755 0.714530 0.068303 0.154273
0.0 0.582536 0.666814 0.029916 0.073260
0.0 0.633884 0.630857 0.056424 0.067269
0.0 0.665000 0.643464 0.076250 0.092484
0.0 0.617032 0.629527 0.043904 0.064609
1.0 0.795519 0.694444 0.086307 0.194444
1.0 0.750495 0.714530 0.068303 0.154273
0.0 0.823714 0.666814 0.029916 0.073260
0.0 0.772366 0.630857 0.056424 0.067269
0.0 0.741250 0.643464 0.076250 0.092484
0.0 0.789218 0.629527 0.043904 0.064609
1.0 0.881825 0.694444 0.086307 0.194444
1.0 0.926848 0.714530 0.068303 0.154273
0.0 0.853630 0.666814 0.029916 0.073260
0.0 0.904978 0.630857 0.056424 0.067269
0.0 0.936094 0.643464 0.076250 0.092484
0.0 0.888126 0.629527 0.043904 0.064609
1.0 0.993719 0.714530 0.012562 0.154273
0.0 0.987109 0.643464 0.025781 0.092484
1.0 0.012695 0.888889 0.025391 0.194444
0.0 0.012695 0.916519 0.025391 0.073260
1.0 0.068544 0.888889 0.086307 0.194444
1.0 0.113567 0.868803 0.068303 0.154273
0.0 0.040349 0.916519 0.029916 0.073260
0.0 0.091697 0.952477 0.056424 0.067269
0.0 0.122813 0.939869 0.076250 0.092484
0.0 0.074845 0.953806 0.043904 0.064609
1.0 0.253331 0.888889 0.086307 0.194444
1.0 0.208308 0.868803 0.068303 0.154273
0.0 0.281526 0.916519 0.029916 0.073260
0.0 0.230178 0.952477 0.056424 0.067269
0.0 0.199062 0.939869 0.076250 0.092484
0.0 0.247030 0.953806 0.043904 0.064609
1.0 0.339638 0.888889 0.086307 0.194444
1.0 0.384661 0.868803 0.068303 0.154273
0.0 0.311442 0.916519 0.029916 0.073260
0.0 0.362790 0.952477 0.056424 0.067269
0.0 0.393906 0.939869 0.076250 0.092484
0.0 0.345938 0.953806 0.043904 0.064609
1.0 0.524425 0.888889 0.086307 0.194444
1.0 0.479402 0.868803 0.068303 0.154273
0.0 0.552620 0.916519 0.029916 0.073260
0.0 0.501272 0.952477 0.056424 0.067269
0.0 0.470156 0.939869 0.076250 0.092484
0.0 0.518124 0.953806 0.043904 0.064609
1.0 0.610731 0.888889 0.086307 0.194444
1.0 0.655755 0.868803 0.068303 0.154273
0.0 0.582536 0.916519 0.029916 0.073260
0.0 0.633884 0.952477 0.056424 0.067269
0.0 0.665000 0.939869 0.076250 0.092484
0.0 0.617032 0.953806 0.043904 0.064609
1.0 0.795519 0.888889 0.086307 0.194444
1.0 0.750495 0.868803 0.068303 0.154273
0.0 0.823714 0.916519 0.029916 0.073260
0.0 0.772366 0.952477 0.056424 0.067269
0.0 0.741250 0.939869 0.076250 0.092484
0.0 0.789218 0.953806 0.043904 0.064609
1.0 0.881825 0.888889 0.086307 0.194444
1.0 0.926848 0.868803 0.068303 0.154273
0.0 0.853630 0.916519 0.029916 0.073260
0.0 0.904978 0.952477 0.056424 0.067269
0.0 0.936094 0.939869 0.076250 0.092484
0.0 0.888126 0.953806 0.043904 0.064609
1.0 0.993719 0.868803 0.012562 0.154273
0.0 0.987109 0.939869 0.025781 0.092484
0.0 0.091697 0.993056 0.056424 0.013889
0.0 0.122813 0.993056 0.076250 0.013889
0.0 0.074845 0.993056 0.043904 0.013889
0.0 0.230178 0.993056 0.056424 0.013889
0.0 0.199062 0.993056 0.076250 0.013889
0.0 0.247030 0.993056 0.043904 0.013889
0.0 0.362790 0.993056 0.056424 0.013889
0.0 0.393906 0.993056 0.076250 0.013889
0.0 0.345938 0.993056 0.043904 0.013889
0.0 0.501272 0.993056 0.056424 0.013889
0.0 0.470156 0.993056 0.076250 0.013889
0.0 0.518124 0.993056 0.043904 0.013889
0.0 0.633884 0.993056 0.056424 0.013889
0.0 0.665000 0.993056 0.076250 0.013889
0.0 0.617032 0.993056 0.043904 0.013889
0.0 0.772366 0.993056 0.056424 0.013889
0.0 0.741250 0.993056 0.076250 0.013889
0.0 0.789218 0.993056 0.043904 0.013889
0.0 0.904978 0.993056 0.056424 0.013889
0.0 0.936094 0.993056 0.076250 0.013889
0.0 0.888126 0.993056 0.043904 0.013889
