1.0 0.090732 0.635776 0.117465 0.187748
1.0 0.085755 0.468268 0.045460 0.094480
0.0 0.019439 0.708222 0.038879 0.114025
0.0 0.044857 0.506904 0.021259 0.044926
1.0 0.242862 0.635776 0.117465 0.187748
1.0 0.247838 0.468268 0.045460 0.094480
0.0 0.336875 0.708222 0.084320 0.114025
0.0 0.288736 0.506904 0.021259 0.044926
1.0 0.534872 0.635776 0.117465 0.187748
1.0 0.529896 0.468268 0.045460 0.094480
0.0 0.440859 0.708222 0.084320 0.114025
0.0 0.488998 0.506904 0.021259 0.044926
1.0 0.687003 0.635776 0.117465 0.187748
1.0 0.691979 0.468268 0.045460 0.094480
0.0 0.781016 0.708222 0.084320 0.114025
0.0 0.732877 0.506904 0.021259 0.044926
1.0 0.960140 0.635776 0.079719 0.187748
1.0 0.974037 0.468268 0.045460 0.094480
0.0 0.885000 0.708222 0.084320 0.114025
0.0 0.933139 0.506904 0.021259 0.044926
1.0 0.090732 0.928578 0.117465 0.142844
0.0 0.019439 0.878584 0.038879 0.114025
1.0 0.242862 0.928578 0.117465 0.142844
0.0 0.336875 0.878584 0.084320 0.114025
1.0 0.534872 0.928578 0.117465 0.142844
0.0 0.440859 0.878584 0.084320 0.114025
1.0 0.687003 0.928578 0.117465 0.142844
0.0 0.781016 0.878584 0.084320 0.114025
1.0 0.960140 0.928578 0.079719 0.142844
0.0 0.885000 0.878584 0.084320 0.114025
