1.0 0.473272 0.563010 0.144698 0.336995
1.0 0.592854 0.564326 0.171482 0.348520
1.0 0.050685 0.536565 0.101370 0.272193
1.0 0.717721 0.462150 0.063142 0.119842
1.0 0.841227 0.478215 0.055940 0.046416
1.0 0.334909 0.486239 0.027215 0.028141
1.0 0.225527 0.502632 0.030924 0.034995
1.0 0.097945 0.500120 0.024713 0.067815
1.0 0.186580 0.503249 0.030838 0.031672
1.0 0.394107 0.481107 0.029242 0.038215
1.0 0.679356 0.451083 0.020056 0.024403
1.0 0.777221 0.468650 0.034030 0.018585
1.0 0.736979 0.487650 0.027819 0.051405
0.0 0.659592 0.713360 0.114472 0.050442
0.0 0.553202 0.739263 0.129016 0.054314
1.0 0.934952 0.472724 0.055940 0.046416
1.0 0.990627 0.455701 0.018746 0.018585
