1.0 0.027391 0.155936 0.054781 0.249580
0.0 0.082918 0.129038 0.072446 0.114264
1.0 0.261431 0.155936 0.155861 0.249580
0.0 0.155364 0.129038 0.072446 0.114264
0.0 0.322602 0.058957 0.048105 0.092417
1.0 0.484663 0.155936 0.155861 0.249580
0.0 0.590730 0.129038 0.072446 0.114264
0.0 0.423492 0.058957 0.048105 0.092417
1.0 0.769243 0.155936 0.155861 0.249580
0.0 0.663176 0.129038 0.072446 0.114264
0.0 0.830415 0.058957 0.048105 0.092417
1.0 0.957272 0.155936 0.085455 0.249580
0.0 0.931304 0.058957 0.048105 0.092417
1.0 0.027391 0.495453 0.054781 0.249580
0.0 0.082918 0.522351 0.072446 0.114264
1.0 0.261431 0.495453 0.155861 0.249580
0.0 0.155364 0.522351 0.072446 0.114264
0.0 0.322602 0.592432 0.048105 0.092417
1.0 0.484663 0.495453 0.155861 0.249580
0.0 0.590730 0.522351 0.072446 0.114264
0.0 0.423492 0.592432 0.048105 0.092417
1.0 0.769243 0.495453 0.155861 0.249580
0.0 0.663176 0.522351 0.072446 0.114264
0.0 0.830415 0.592432 0.048105 0.092417
1.0 0.957272 0.495453 0.085455 0.249580
0.0 0.931304 0.592432 0.048105 0.092417
1.0 0.027391 0.852464 0.054781 0.249580
0.0 0.082918 0.825566 0.072446 0.114264
1.0 0.261431 0.852464 0.155861 0.249580
0.0 0.155364 0.825566 0.072446 0.114264
0.0 0.322602 0.755484 0.048105 0.092417
1.0 0.484663 0.852464 0.155861 0.249580
0.0 0.590730 0.825566 0.072446 0.114264
0.0 0.423492 0.755484 0.048105 0.092417
1.0 0.769243 0.852464 0.155861 0.249580
0.0 0.663176 0.825566 0.072446 0.114264
0.0 0.830415 0.755484 0.048105 0.092417
1.0 0.957272 0.852464 0.085455 0.249580
0.0 0.931304 0.755484 0.048105 0.092417
