1.0 0.256867 0.632457 0.041448 0.149499
1.0 0.315494 0.635047 0.031613 0.147885
1.0 0.595502 0.787302 0.098623 0.425395
1.0 0.728073 0.644865 0.044567 0.150891
1.0 0.796238 0.649060 0.035249 0.149294
1.0 0.447597 0.782948 0.094907 0.434105
1.0 0.334647 0.633104 0.021129 0.137233
1.0 0.713588 0.645674 0.018546 0.137147
1.0 0.775832 0.648383 0.026238 0.133538
1.0 0.275121 0.638865 0.024039 0.124449
1.0 0.645605 0.646642 0.021960 0.053538
1.0 0.549208 0.646667 0.016745 0.155120
1.0 0.524898 0.647795 0.066436 0.163209
1.0 0.497086 0.641071 0.012460 0.144674
1.0 0.826124 0.637803 0.033421 0.060358
1.0 0.685721 0.660221 0.012072 0.013281
1.0 0.991081 0.655812 0.017837 0.149294
1.0 0.970262 0.642584 0.033421 0.060358
