1.0 0.059230 0.122396 0.118461 0.244792
1.0 0.405990 0.122396 0.134057 0.244792
1.0 0.541992 0.115540 0.137944 0.231081
1.0 0.965612 0.115540 0.068776 0.231081
1.0 0.059230 0.457222 0.118461 0.424860
0.0 0.100439 0.676524 0.200878 0.157368
0.0 0.085406 0.625086 0.170812 0.213850
1.0 0.405990 0.457222 0.134057 0.424860
1.0 0.541992 0.489192 0.137944 0.461380
0.0 0.416816 0.676524 0.320546 0.157368
0.0 0.428537 0.625086 0.283854 0.213850
1.0 0.965612 0.489192 0.068776 0.461380
0.0 0.982549 0.676524 0.034902 0.157368
0.0 0.985862 0.625086 0.028277 0.213850
1.0 0.059230 0.920382 0.118461 0.159235
0.0 0.100439 0.833892 0.200878 0.157368
0.0 0.085406 0.885331 0.170812 0.213850
1.0 0.405990 0.920382 0.134057 0.159235
1.0 0.541992 0.895267 0.137944 0.209466
0.0 0.416816 0.833892 0.320546 0.157368
0.0 0.428537 0.885331 0.283854 0.213850
1.0 0.965612 0.895267 0.068776 0.209466
0.0 0.982549 0.833892 0.034902 0.157368
0.0 0.985862 0.885331 0.028277 0.213850
