1.0 0.005538 0.171710 0.011076 0.181221
0.0 0.021917 0.109255 0.043834 0.083012
1.0 0.279075 0.171710 0.103739 0.181221
0.0 0.218887 0.109255 0.048879 0.083012
0.0 0.328536 0.131297 0.032367 0.066913
1.0 0.467019 0.171710 0.103739 0.181221
0.0 0.527207 0.109255 0.048879 0.083012
0.0 0.417557 0.131297 0.032367 0.066913
1.0 0.786887 0.171710 0.103739 0.181221
0.0 0.726699 0.109255 0.048879 0.083012
0.0 0.836349 0.131297 0.032367 0.066913
1.0 0.961481 0.171710 0.077038 0.181221
0.0 0.925370 0.131297 0.032367 0.066913
1.0 0.005538 0.479679 0.011076 0.181221
0.0 0.021917 0.542134 0.043834 0.083012
1.0 0.279075 0.479679 0.103739 0.181221
0.0 0.218887 0.542134 0.048879 0.083012
0.0 0.328536 0.520092 0.032367 0.066913
1.0 0.467019 0.479679 0.103739 0.181221
0.0 0.527207 0.542134 0.048879 0.083012
0.0 0.417557 0.520092 0.032367 0.066913
1.0 0.786887 0.479679 0.103739 0.181221
0.0 0.726699 0.542134 0.048879 0.083012
0.0 0.836349 0.520092 0.032367 0.066913
1.0 0.961481 0.479679 0.077038 0.181221
0.0 0.925370 0.520092 0.032367 0.066913
1.0 0.005538 0.868237 0.011076 0.181221
0.0 0.021917 0.805783 0.043834 0.083012
1.0 0.279075 0.868237 0.103739 0.181221
0.0 0.218887 0.805783 0.048879 0.083012
0.0 0.328536 0.827825 0.032367 0.066913
1.0 0.467019 0.868237 0.103739 0.181221
0.0 0.527207 0.805783 0.048879 0.083012
0.0 0.417557 0.827825 0.032367 0.066913
1.0 0.786887 0.868237 0.103739 0.181221
0.0 0.726699 0.805783 0.048879 0.083012
0.0 0.836349 0.827825 0.032367 0.066913
1.0 0.961481 0.868237 0.077038 0.181221
0.0 0.925370 0.827825 0.032367 0.066913
