0.0 0.112679 0.107586 0.023966 0.032430
0.0 0.103869 0.015728 0.024668 0.031456
0.0 0.113326 0.014467 0.016502 0.023822
0.0 0.122768 0.097150 0.017118 0.028565
0.0 0.106488 0.138450 0.021087 0.030457
0.0 0.118424 0.131834 0.012486 0.013700
0.0 0.086507 0.056759 0.021896 0.037875
0.0 0.081945 0.102266 0.019005 0.031954
1.0 0.087482 0.109818 0.012267 0.018252
0.0 0.326384 0.107586 0.023966 0.032430
0.0 0.335194 0.015728 0.024668 0.031456
0.0 0.325737 0.014467 0.016502 0.023822
0.0 0.316294 0.097150 0.017118 0.028565
0.0 0.332575 0.138450 0.021087 0.030457
0.0 0.320638 0.131834 0.012486 0.013700
0.0 0.352556 0.056759 0.021896 0.037875
0.0 0.357118 0.102266 0.019005 0.031954
1.0 0.351580 0.109818 0.012267 0.018252
0.0 0.486507 0.107586 0.023966 0.032430
0.0 0.477697 0.015728 0.024668 0.031456
0.0 0.487154 0.014467 0.016502 0.023822
0.0 0.496596 0.097150 0.017118 0.028565
0.0 0.480316 0.138450 0.021087 0.030457
0.0 0.492252 0.131834 0.012486 0.013700
0.0 0.460335 0.056759 0.021896 0.037875
0.0 0.455773 0.102266 0.019005 0.031954
1.0 0.461310 0.109818 0.012267 0.018252
0.0 0.700212 0.107586 0.023966 0.032430
0.0 0.709022 0.015728 0.024668 0.031456
0.0 0.699565 0.014467 0.016502 0.023822
0.0 0.690123 0.097150 0.017118 0.028565
0.0 0.706403 0.138450 0.021087 0.030457
0.0 0.694466 0.131834 0.012486 0.013700
0.0 0.726384 0.056759 0.021896 0.037875
0.0 0.730946 0.102266 0.019005 0.031954
1.0 0.725408 0.109818 0.012267 0.018252
0.0 0.860335 0.107586 0.023966 0.032430
0.0 0.851525 0.015728 0.024668 0.031456
0.0 0.860982 0.014467 0.016502 0.023822
0.0 0.870424 0.097150 0.017118 0.028565
0.0 0.854144 0.138450 0.021087 0.030457
0.0 0.866081 0.131834 0.012486 0.013700
0.0 0.834163 0.056759 0.021896 0.037875
0.0 0.829601 0.102266 0.019005 0.031954
1.0 0.835139 0.109818 0.012267 0.018252
1.0 0.080825 0.561988 0.014295 0.019044
0.0 0.107562 0.564001 0.024220 0.032159
0.0 0.112679 0.441025 0.023966 0.032430
0.0 0.103869 0.534436 0.024668 0.034563
0.0 0.120254 0.571296 0.016936 0.029838
0.0 0.113326 0.534144 0.016502 0.023822
0.0 0.122768 0.451462 0.017118 0.028565
0.0 0.106488 0.410161 0.021087 0.030457
0.0 0.118424 0.416777 0.012486 0.013700
0.0 0.086507 0.491852 0.021896 0.037875
0.0 0.081945 0.446345 0.019005 0.031954
1.0 0.087482 0.438793 0.012267 0.018252
1.0 0.358238 0.561988 0.014295 0.019044
0.0 0.331500 0.564001 0.024220 0.032159
0.0 0.326384 0.441025 0.023966 0.032430
0.0 0.335194 0.534436 0.024668 0.034563
0.0 0.318809 0.571296 0.016936 0.029838
0.0 0.325737 0.534144 0.016502 0.023822
0.0 0.316294 0.451462 0.017118 0.028565
0.0 0.332575 0.410161 0.021087 0.030457
0.0 0.320638 0.416777 0.012486 0.013700
0.0 0.352556 0.491852 0.021896 0.037875
0.0 0.357118 0.446345 0.019005 0.031954
1.0 0.351580 0.438793 0.012267 0.018252
1.0 0.454653 0.561988 0.014295 0.019044
0.0 0.481390 0.564001 0.024220 0.032159
0.0 0.486507 0.441025 0.023966 0.032430
0.0 0.477697 0.534436 0.024668 0.034563
0.0 0.494082 0.571296 0.016936 0.029838
0.0 0.487154 0.534144 0.016502 0.023822
0.0 0.496596 0.451462 0.017118 0.028565
0.0 0.480316 0.410161 0.021087 0.030457
0.0 0.492252 0.416777 0.012486 0.013700
0.0 0.460335 0.491852 0.021896 0.037875
0.0 0.455773 0.446345 0.019005 0.031954
1.0 0.461310 0.438793 0.012267 0.018252
1.0 0.732066 0.561988 0.014295 0.019044
0.0 0.705329 0.564001 0.024220 0.032159
0.0 0.700212 0.441025 0.023966 0.032430
0.0 0.709022 0.534436 0.024668 0.034563
0.0 0.692637 0.571296 0.016936 0.029838
0.0 0.699565 0.534144 0.016502 0.023822
0.0 0.690123 0.451462 0.017118 0.028565
0.0 0.706403 0.410161 0.021087 0.030457
0.0 0.694466 0.416777 0.012486 0.013700
0.0 0.726384 0.491852 0.021896 0.037875
0.0 0.730946 0.446345 0.019005 0.031954
1.0 0.725408 0.438793 0.012267 0.018252
1.0 0.828481 0.561988 0.014295 0.019044
0.0 0.855218 0.564001 0.024220 0.032159
0.0 0.860335 0.441025 0.023966 0.032430
0.0 0.851525 0.534436 0.024668 0.034563
0.0 0.867910 0.571296 0.016936 0.029838
0.0 0.860982 0.534144 0.016502 0.023822
0.0 0.870424 0.451462 0.017118 0.028565
0.0 0.854144 0.410161 0.021087 0.030457
0.0 0.866081 0.416777 0.012486 0.013700
0.0 0.834163 0.491852 0.021896 0.037875
0.0 0.829601 0.446345 0.019005 0.031954
1.0 0.835139 0.438793 0.012267 0.018252
1.0 0.080825 0.889401 0.014295 0.019044
0.0 0.107562 0.887387 0.024220 0.032159
0.0 0.112679 0.997074 0.023966 0.005852
0.0 0.103869 0.916953 0.024668 0.034563
0.0 0.120254 0.880093 0.016936 0.029838
0.0 0.113326 0.917245 0.016502 0.023822
0.0 0.122768 0.992822 0.017118 0.014355
0.0 0.086507 0.959537 0.021896 0.037875
0.0 0.081945 0.994533 0.019005 0.010933
1.0 0.358238 0.889401 0.014295 0.019044
0.0 0.331500 0.887387 0.024220 0.032159
0.0 0.326384 0.997074 0.023966 0.005852
0.0 0.335194 0.916953 0.024668 0.034563
0.0 0.318809 0.880093 0.016936 0.029838
0.0 0.325737 0.917245 0.016502 0.023822
0.0 0.316294 0.992822 0.017118 0.014355
0.0 0.352556 0.959537 0.021896 0.037875
0.0 0.357118 0.994533 0.019005 0.010933
1.0 0.454653 0.889401 0.014295 0.019044
0.0 0.481390 0.887387 0.024220 0.032159
0.0 0.486507 0.997074 0.023966 0.005852
0.0 0.477697 0.916953 0.024668 0.034563
0.0 0.494082 0.880093 0.016936 0.029838
0.0 0.487154 0.917245 0.016502 0.023822
0.0 0.496596 0.992822 0.017118 0.014355
0.0 0.460335 0.959537 0.021896 0.037875
0.0 0.455773 0.994533 0.019005 0.010933
1.0 0.732066 0.889401 0.014295 0.019044
0.0 0.705329 0.887387 0.024220 0.032159
0.0 0.700212 0.997074 0.023966 0.005852
0.0 0.709022 0.916953 0.024668 0.034563
0.0 0.692637 0.880093 0.016936 0.029838
0.0 0.699565 0.917245 0.016502 0.023822
0.0 0.690123 0.992822 0.017118 0.014355
0.0 0.726384 0.959537 0.021896 0.037875
0.0 0.730946 0.994533 0.019005 0.010933
1.0 0.828481 0.889401 0.014295 0.019044
0.0 0.855218 0.887387 0.024220 0.032159
0.0 0.860335 0.997074 0.023966 0.005852
0.0 0.851525 0.916953 0.024668 0.034563
0.0 0.867910 0.880093 0.016936 0.029838
0.0 0.860982 0.917245 0.016502 0.023822
0.0 0.870424 0.992822 0.017118 0.014355
0.0 0.834163 0.959537 0.021896 0.037875
0.0 0.829601 0.994533 0.019005 0.010933
