0.0 0.067876 0.015625 0.135753 0.031250
0.0 0.249704 0.015625 0.177164 0.031250
0.0 0.515921 0.015625 0.177164 0.031250
0.0 0.718454 0.015625 0.177164 0.031250
0.0 0.948044 0.015625 0.103911 0.031250
0.0 0.066811 0.259890 0.133622 0.150732
0.0 0.067876 0.092125 0.135753 0.121751
0.0 0.249636 0.259890 0.172766 0.150732
0.0 0.249704 0.092125 0.177164 0.121751
0.0 0.515989 0.259890 0.172766 0.150732
0.0 0.515921 0.092125 0.177164 0.121751
0.0 0.718386 0.259890 0.172766 0.150732
0.0 0.718454 0.092125 0.177164 0.121751
0.0 0.949178 0.259890 0.101645 0.150732
0.0 0.948044 0.092125 0.103911 0.121751
0.0 0.066811 0.427610 0.133622 0.150732
0.0 0.067876 0.595375 0.135753 0.121751
0.0 0.249636 0.427610 0.172766 0.150732
0.0 0.249704 0.595375 0.177164 0.121751
0.0 0.515989 0.427610 0.172766 0.150732
0.0 0.515921 0.595375 0.177164 0.121751
0.0 0.718386 0.427610 0.172766 0.150732
0.0 0.718454 0.595375 0.177164 0.121751
0.0 0.949178 0.427610 0.101645 0.150732
0.0 0.948044 0.595375 0.103911 0.121751
0.0 0.066811 0.884890 0.133622 0.150732
0.0 0.067876 0.717125 0.135753 0.121751
0.0 0.249636 0.884890 0.172766 0.150732
0.0 0.249704 0.717125 0.177164 0.121751
0.0 0.515989 0.884890 0.172766 0.150732
0.0 0.515921 0.717125 0.177164 0.121751
0.0 0.718386 0.884890 0.172766 0.150732
0.0 0.718454 0.717125 0.177164 0.121751
0.0 0.949178 0.884890 0.101645 0.150732
0.0 0.948044 0.717125 0.103911 0.121751
0.0 0.066811 0.988622 0.133622 0.022756
0.0 0.249636 0.988622 0.172766 0.022756
0.0 0.515989 0.988622 0.172766 0.022756
0.0 0.718386 0.988622 0.172766 0.022756
0.0 0.949178 0.988622 0.101645 0.022756
