1.0 0.061321 0.351333 0.049879 0.081938
1.0 0.066857 0.630202 0.131398 0.457731
1.0 0.011551 0.366214 0.023102 0.041915
0.0 0.119727 0.830523 0.239453 0.086158
0.0 0.119727 0.890260 0.239453 0.086146
1.0 0.608528 0.621648 0.121452 0.465042
1.0 0.417585 0.351333 0.049879 0.081938
1.0 0.412049 0.630202 0.131398 0.457731
1.0 0.474223 0.366214 0.036839 0.041915
0.0 0.368925 0.830523 0.258944 0.086158
0.0 0.372101 0.890260 0.265295 0.086146
0.0 0.628355 0.817902 0.264383 0.083251
0.0 0.628924 0.883189 0.263246 0.100289
1.0 0.912566 0.621648 0.121452 0.465042
0.0 0.880273 0.817902 0.239453 0.083251
0.0 0.880273 0.883189 0.239453 0.100289
0.0 0.119727 0.966667 0.239453 0.066667
0.0 0.372101 0.966667 0.265295 0.066667
0.0 0.628924 0.966667 0.263246 0.066667
0.0 0.880273 0.966667 0.239453 0.066667
