1.0 0.005525 0.050017 0.011050 0.100035
1.0 0.094216 0.116007 0.101030 0.232014
1.0 0.043090 0.050017 0.063748 0.100035
1.0 0.142417 0.166319 0.128447 0.332639
0.0 0.130897 0.009474 0.062434 0.018948
0.0 0.190667 0.041267 0.031948 0.082533
1.0 0.319065 0.116007 0.101030 0.232014
1.0 0.370191 0.050017 0.063748 0.100035
1.0 0.270864 0.166319 0.128447 0.332639
0.0 0.282384 0.009474 0.062434 0.018948
0.0 0.222615 0.041267 0.031948 0.082533
1.0 0.485231 0.116007 0.101030 0.232014
1.0 0.434106 0.050017 0.063748 0.100035
1.0 0.533433 0.166319 0.128447 0.332639
0.0 0.521913 0.009474 0.062434 0.018948
0.0 0.581682 0.041267 0.031948 0.082533
1.0 0.710081 0.116007 0.101030 0.232014
1.0 0.761207 0.050017 0.063748 0.100035
1.0 0.661880 0.166319 0.128447 0.332639
0.0 0.673400 0.009474 0.062434 0.018948
0.0 0.613630 0.041267 0.031948 0.082533
1.0 0.876247 0.116007 0.101030 0.232014
1.0 0.825121 0.050017 0.063748 0.100035
1.0 0.924449 0.166319 0.128447 0.332639
0.0 0.912928 0.009474 0.062434 0.018948
0.0 0.972698 0.041267 0.031948 0.082533
1.0 0.994336 0.166319 0.011328 0.332639
0.0 0.994336 0.041267 0.011328 0.082533
1.0 0.005525 0.616128 0.011050 0.101771
1.0 0.094216 0.550139 0.101030 0.233750
1.0 0.043090 0.616128 0.063748 0.101771
1.0 0.142417 0.499826 0.128447 0.334375
0.0 0.130897 0.656672 0.062434 0.020684
0.0 0.190667 0.624879 0.031948 0.084269
1.0 0.319065 0.550139 0.101030 0.233750
1.0 0.370191 0.616128 0.063748 0.101771
1.0 0.270864 0.499826 0.128447 0.334375
0.0 0.282384 0.656672 0.062434 0.020684
0.0 0.222615 0.624879 0.031948 0.084269
1.0 0.485231 0.550139 0.101030 0.233750
1.0 0.434106 0.616128 0.063748 0.101771
1.0 0.533433 0.499826 0.128447 0.334375
0.0 0.521913 0.656672 0.062434 0.020684
0.0 0.581682 0.624879 0.031948 0.084269
1.0 0.710081 0.550139 0.101030 0.233750
1.0 0.761207 0.616128 0.063748 0.101771
1.0 0.661880 0.499826 0.128447 0.334375
0.0 0.673400 0.656672 0.062434 0.020684
0.0 0.613630 0.624879 0.031948 0.084269
1.0 0.876247 0.550139 0.101030 0.233750
1.0 0.825121 0.616128 0.063748 0.101771
1.0 0.924449 0.499826 0.128447 0.334375
0.0 0.912928 0.656672 0.062434 0.020684
0.0 0.972698 0.624879 0.031948 0.084269
1.0 0.994336 0.499826 0.011328 0.334375
0.0 0.994336 0.624879 0.011328 0.084269
1.0 0.005525 0.717899 0.011050 0.101771
1.0 0.094216 0.783889 0.101030 0.233750
1.0 0.043090 0.717899 0.063748 0.101771
1.0 0.142417 0.833507 0.128447 0.332986
0.0 0.130897 0.677356 0.062434 0.020684
0.0 0.190667 0.709149 0.031948 0.084269
1.0 0.319065 0.783889 0.101030 0.233750
1.0 0.370191 0.717899 0.063748 0.101771
1.0 0.270864 0.833507 0.128447 0.332986
0.0 0.282384 0.677356 0.062434 0.020684
0.0 0.222615 0.709149 0.031948 0.084269
1.0 0.485231 0.783889 0.101030 0.233750
1.0 0.434106 0.717899 0.063748 0.101771
1.0 0.533433 0.833507 0.128447 0.332986
0.0 0.521913 0.677356 0.062434 0.020684
0.0 0.581682 0.709149 0.031948 0.084269
1.0 0.710081 0.783889 0.101030 0.233750
1.0 0.761207 0.717899 0.063748 0.101771
1.0 0.661880 0.833507 0.128447 0.332986
0.0 0.673400 0.677356 0.062434 0.020684
0.0 0.613630 0.709149 0.031948 0.084269
1.0 0.876247 0.783889 0.101030 0.233750
1.0 0.825121 0.717899 0.063748 0.101771
1.0 0.924449 0.833507 0.128447 0.332986
0.0 0.912928 0.677356 0.062434 0.020684
0.0 0.972698 0.709149 0.031948 0.084269
1.0 0.994336 0.833507 0.011328 0.332986
0.0 0.994336 0.709149 0.011328 0.084269
