1.0 0.220280 0.078602 0.112794 0.157204
0.0 0.168325 0.009904 0.031989 0.019809
0.0 0.085358 0.087213 0.021318 0.040387
0.0 0.262478 0.013042 0.025198 0.026083
1.0 0.467220 0.078602 0.112794 0.157204
0.0 0.519175 0.009904 0.031989 0.019809
0.0 0.602142 0.087213 0.021318 0.040387
0.0 0.425022 0.013042 0.025198 0.026083
1.0 0.845280 0.078602 0.112794 0.157204
0.0 0.793325 0.009904 0.031989 0.019809
0.0 0.710358 0.087213 0.021318 0.040387
0.0 0.887478 0.013042 0.025198 0.026083
1.0 0.220280 0.577234 0.112794 0.210543
0.0 0.168325 0.639873 0.031989 0.061029
0.0 0.085358 0.541954 0.021318 0.040387
0.0 0.262478 0.627030 0.025198 0.047893
1.0 0.467220 0.577234 0.112794 0.210543
0.0 0.519175 0.639873 0.031989 0.061029
0.0 0.602142 0.541954 0.021318 0.040387
0.0 0.425022 0.627030 0.025198 0.047893
1.0 0.845280 0.577234 0.112794 0.210543
0.0 0.793325 0.639873 0.031989 0.061029
0.0 0.710358 0.541954 0.021318 0.040387
0.0 0.887478 0.627030 0.025198 0.047893
1.0 0.220280 0.793599 0.112794 0.210543
0.0 0.168325 0.730961 0.031989 0.061029
0.0 0.085358 0.828880 0.021318 0.040387
0.0 0.262478 0.743803 0.025198 0.047893
1.0 0.467220 0.793599 0.112794 0.210543
0.0 0.519175 0.730961 0.031989 0.061029
0.0 0.602142 0.828880 0.021318 0.040387
0.0 0.425022 0.743803 0.025198 0.047893
1.0 0.845280 0.793599 0.112794 0.210543
0.0 0.793325 0.730961 0.031989 0.061029
0.0 0.710358 0.828880 0.021318 0.040387
0.0 0.887478 0.743803 0.025198 0.047893
