0.0 0.020605 0.023438 0.041211 0.046875
0.0 0.108216 0.023438 0.069896 0.046875
0.0 0.070591 0.023438 0.058760 0.046875
0.0 0.178112 0.023438 0.069896 0.046875
0.0 0.215737 0.023438 0.058760 0.046875
0.0 0.312122 0.023438 0.069896 0.046875
0.0 0.274497 0.023438 0.058760 0.046875
0.0 0.382018 0.023438 0.069896 0.046875
0.0 0.419644 0.023438 0.058760 0.046875
0.0 0.516028 0.023438 0.069896 0.046875
0.0 0.478403 0.023438 0.058760 0.046875
0.0 0.585925 0.023438 0.069896 0.046875
0.0 0.623550 0.023438 0.058760 0.046875
0.0 0.719935 0.023438 0.069896 0.046875
0.0 0.682310 0.023438 0.058760 0.046875
0.0 0.789831 0.023438 0.069896 0.046875
0.0 0.827456 0.023438 0.058760 0.046875
0.0 0.923841 0.023438 0.069896 0.046875
0.0 0.886216 0.023438 0.058760 0.046875
0.0 0.979395 0.023438 0.041211 0.046875
0.0 0.004577 0.135255 0.009154 0.176760
0.0 0.020605 0.127823 0.041211 0.161897
0.0 0.108216 0.135255 0.069896 0.176760
0.0 0.070591 0.127823 0.058760 0.161897
0.0 0.178112 0.135255 0.069896 0.176760
0.0 0.215737 0.127823 0.058760 0.161897
0.0 0.312122 0.135255 0.069896 0.176760
0.0 0.274497 0.127823 0.058760 0.161897
0.0 0.382018 0.135255 0.069896 0.176760
0.0 0.419644 0.127823 0.058760 0.161897
0.0 0.516028 0.135255 0.069896 0.176760
0.0 0.478403 0.127823 0.058760 0.161897
0.0 0.585925 0.135255 0.069896 0.176760
0.0 0.623550 0.127823 0.058760 0.161897
0.0 0.719935 0.135255 0.069896 0.176760
0.0 0.682310 0.127823 0.058760 0.161897
0.0 0.789831 0.135255 0.069896 0.176760
0.0 0.827456 0.127823 0.058760 0.161897
0.0 0.923841 0.135255 0.069896 0.176760
0.0 0.886216 0.127823 0.058760 0.161897
0.0 0.979395 0.135255 0.041211 0.176760
0.0 0.004577 0.320995 0.009154 0.176760
0.0 0.020605 0.328427 0.041211 0.161897
0.0 0.108216 0.320995 0.069896 0.176760
0.0 0.070591 0.328427 0.058760 0.161897
0.0 0.178112 0.320995 0.069896 0.176760
0.0 0.215737 0.328427 0.058760 0.161897
0.0 0.312122 0.320995 0.069896 0.176760
0.0 0.274497 0.328427 0.058760 0.161897
0.0 0.382018 0.320995 0.069896 0.176760
0.0 0.419644 0.328427 0.058760 0.161897
0.0 0.516028 0.320995 0.069896 0.176760
0.0 0.478403 0.328427 0.058760 0.161897
0.0 0.585925 0.320995 0.069896 0.176760
0.0 0.623550 0.328427 0.058760 0.161897
0.0 0.719935 0.320995 0.069896 0.176760
0.0 0.682310 0.328427 0.058760 0.161897
0.0 0.789831 0.320995 0.069896 0.176760
0.0 0.827456 0.328427 0.058760 0.161897
0.0 0.923841 0.320995 0.069896 0.176760
0.0 0.886216 0.328427 0.058760 0.161897
0.0 0.979395 0.320995 0.041211 0.176760
0.0 0.004577 0.497755 0.009154 0.176760
0.0 0.020605 0.490323 0.041211 0.161897
0.0 0.108216 0.497755 0.069896 0.176760
0.0 0.070591 0.490323 0.058760 0.161897
0.0 0.178112 0.497755 0.069896 0.176760
0.0 0.215737 0.490323 0.058760 0.161897
0.0 0.312122 0.497755 0.069896 0.176760
0.0 0.274497 0.490323 0.058760 0.161897
0.0 0.382018 0.497755 0.069896 0.176760
0.0 0.419644 0.490323 0.058760 0.161897
0.0 0.516028 0.497755 0.069896 0.176760
0.0 0.478403 0.490323 0.058760 0.161897
0.0 0.585925 0.497755 0.069896 0.176760
0.0 0.623550 0.490323 0.058760 0.161897
0.0 0.719935 0.497755 0.069896 0.176760
0.0 0.682310 0.490323 0.058760 0.161897
0.0 0.789831 0.497755 0.069896 0.176760
0.0 0.827456 0.490323 0.058760 0.161897
0.0 0.923841 0.497755 0.069896 0.176760
0.0 0.886216 0.490323 0.058760 0.161897
0.0 0.979395 0.497755 0.041211 0.176760
0.0 0.004577 0.683495 0.009154 0.176760
0.0 0.020605 0.690927 0.041211 0.161897
0.0 0.108216 0.683495 0.069896 0.176760
0.0 0.070591 0.690927 0.058760 0.161897
0.0 0.178112 0.683495 0.069896 0.176760
0.0 0.215737 0.690927 0.058760 0.161897
0.0 0.312122 0.683495 0.069896 0.176760
0.0 0.274497 0.690927 0.058760 0.161897
0.0 0.382018 0.683495 0.069896 0.176760
0.0 0.419644 0.690927 0.058760 0.161897
0.0 0.516028 0.683495 0.069896 0.176760
0.0 0.478403 0.690927 0.058760 0.161897
0.0 0.585925 0.683495 0.069896 0.176760
0.0 0.623550 0.690927 0.058760 0.161897
0.0 0.719935 0.683495 0.069896 0.176760
0.0 0.682310 0.690927 0.058760 0.161897
0.0 0.789831 0.683495 0.069896 0.176760
0.0 0.827456 0.690927 0.058760 0.161897
0.0 0.923841 0.683495 0.069896 0.176760
0.0 0.886216 0.690927 0.058760 0.161897
0.0 0.979395 0.683495 0.041211 0.176760
0.0 0.004577 0.860255 0.009154 0.176760
0.0 0.020605 0.852823 0.041211 0.161897
0.0 0.108216 0.860255 0.069896 0.176760
0.0 0.070591 0.852823 0.058760 0.161897
0.0 0.178112 0.860255 0.069896 0.176760
0.0 0.215737 0.852823 0.058760 0.161897
0.0 0.312122 0.860255 0.069896 0.176760
0.0 0.274497 0.852823 0.058760 0.161897
0.0 0.382018 0.860255 0.069896 0.176760
0.0 0.419644 0.852823 0.058760 0.161897
0.0 0.516028 0.860255 0.069896 0.176760
0.0 0.478403 0.852823 0.058760 0.161897
0.0 0.585925 0.860255 0.069896 0.176760
0.0 0.623550 0.852823 0.058760 0.161897
0.0 0.719935 0.860255 0.069896 0.176760
0.0 0.682310 0.852823 0.058760 0.161897
0.0 0.789831 0.860255 0.069896 0.176760
0.0 0.827456 0.852823 0.058760 0.161897
0.0 0.923841 0.860255 0.069896 0.176760
0.0 0.886216 0.852823 0.058760 0.161897
0.0 0.979395 0.860255 0.041211 0.176760
0.0 0.020605 0.986239 0.041211 0.027522
0.0 0.108216 0.978807 0.069896 0.042385
0.0 0.070591 0.986239 0.058760 0.027522
0.0 0.178112 0.978807 0.069896 0.042385
0.0 0.215737 0.986239 0.058760 0.027522
0.0 0.312122 0.978807 0.069896 0.042385
0.0 0.274497 0.986239 0.058760 0.027522
0.0 0.382018 0.978807 0.069896 0.042385
0.0 0.419644 0.986239 0.058760 0.027522
0.0 0.516028 0.978807 0.069896 0.042385
0.0 0.478403 0.986239 0.058760 0.027522
0.0 0.585925 0.978807 0.069896 0.042385
0.0 0.623550 0.986239 0.058760 0.027522
0.0 0.719935 0.978807 0.069896 0.042385
0.0 0.682310 0.986239 0.058760 0.027522
0.0 0.789831 0.978807 0.069896 0.042385
0.0 0.827456 0.986239 0.058760 0.027522
0.0 0.923841 0.978807 0.069896 0.042385
0.0 0.886216 0.986239 0.058760 0.027522
0.0 0.979395 0.978807 0.041211 0.042385
