0.0 0.268381 0.074658 0.063239 0.149316
1.0 0.082485 0.131481 0.164970 0.262963
0.0 0.160582 0.058061 0.115023 0.116122
0.0 0.049617 0.032111 0.099234 0.064222
0.0 0.331619 0.074658 0.063239 0.149316
1.0 0.524754 0.131481 0.179448 0.262963
0.0 0.573052 0.006481 0.127325 0.012962
0.0 0.439418 0.058061 0.115023 0.116122
0.0 0.558275 0.032111 0.115018 0.064222
1.0 0.875246 0.131481 0.179448 0.262963
0.0 0.826948 0.006481 0.127325 0.012962
0.0 0.951535 0.058061 0.096930 0.116122
0.0 0.841725 0.032111 0.115018 0.064222
0.0 0.268381 0.469260 0.063239 0.185300
1.0 0.082485 0.466560 0.164970 0.407194
0.0 0.045305 0.625001 0.090610 0.224073
0.0 0.160582 0.502454 0.115023 0.185300
0.0 0.049617 0.554319 0.099234 0.185229
0.0 0.331619 0.469260 0.063239 0.185300
1.0 0.524754 0.466560 0.179448 0.407194
0.0 0.573052 0.625001 0.127325 0.224073
0.0 0.439418 0.502454 0.115023 0.185300
0.0 0.558275 0.554319 0.115018 0.185229
1.0 0.875246 0.466560 0.179448 0.407194
0.0 0.826948 0.625001 0.127325 0.224073
0.0 0.951535 0.502454 0.096930 0.185300
0.0 0.841725 0.554319 0.115018 0.185229
0.0 0.268381 0.956082 0.063239 0.087835
1.0 0.082485 0.901959 0.164970 0.196083
0.0 0.045305 0.849073 0.090610 0.224073
0.0 0.160582 0.939485 0.115023 0.121029
0.0 0.049617 0.913570 0.099234 0.172859
0.0 0.331619 0.956082 0.063239 0.087835
1.0 0.524754 0.901959 0.179448 0.196083
0.0 0.573052 0.849073 0.127325 0.224073
0.0 0.439418 0.939485 0.115023 0.121029
0.0 0.558275 0.913570 0.115018 0.172859
1.0 0.875246 0.901959 0.179448 0.196083
0.0 0.826948 0.849073 0.127325 0.224073
0.0 0.951535 0.939485 0.096930 0.121029
0.0 0.841725 0.913570 0.115018 0.172859
