1.0 0.003711 0.085243 0.007422 0.115625
1.0 0.076367 0.137153 0.065625 0.180556
1.0 0.036035 0.085243 0.042383 0.115625
1.0 0.132594 0.192882 0.116943 0.269965
0.0 0.047389 0.027083 0.031494 0.038194
0.0 0.099512 0.045747 0.042969 0.072917
0.0 0.169215 0.068316 0.067627 0.098958
0.0 0.139746 0.080035 0.031445 0.037847
0.0 0.108789 0.078993 0.046094 0.078125
0.0 0.089746 0.083681 0.059180 0.086806
1.0 0.336914 0.137153 0.065625 0.180556
1.0 0.377246 0.085243 0.042383 0.115625
1.0 0.280688 0.192882 0.116943 0.269965
0.0 0.365893 0.027083 0.031494 0.038194
0.0 0.313770 0.045747 0.042969 0.072917
0.0 0.244066 0.068316 0.067627 0.098958
0.0 0.273535 0.080035 0.031445 0.037847
0.0 0.304492 0.078993 0.046094 0.078125
0.0 0.323535 0.083681 0.059180 0.086806
1.0 0.467383 0.137153 0.065625 0.180556
1.0 0.427051 0.085243 0.042383 0.115625
1.0 0.523609 0.192882 0.116943 0.269965
0.0 0.438404 0.027083 0.031494 0.038194
0.0 0.490527 0.045747 0.042969 0.072917
0.0 0.560230 0.068316 0.067627 0.098958
0.0 0.530762 0.080035 0.031445 0.037847
0.0 0.499805 0.078993 0.046094 0.078125
0.0 0.480762 0.083681 0.059180 0.086806
1.0 0.727930 0.137153 0.065625 0.180556
1.0 0.768262 0.085243 0.042383 0.115625
1.0 0.671703 0.192882 0.116943 0.269965
0.0 0.756908 0.027083 0.031494 0.038194
0.0 0.704785 0.045747 0.042969 0.072917
0.0 0.635082 0.068316 0.067627 0.098958
0.0 0.664551 0.080035 0.031445 0.037847
0.0 0.695508 0.078993 0.046094 0.078125
0.0 0.714551 0.083681 0.059180 0.086806
1.0 0.858398 0.137153 0.065625 0.180556
1.0 0.818066 0.085243 0.042383 0.115625
1.0 0.914625 0.192882 0.116943 0.269965
0.0 0.829420 0.027083 0.031494 0.038194
0.0 0.881543 0.045747 0.042969 0.072917
0.0 0.951246 0.068316 0.067627 0.098958
0.0 0.921777 0.080035 0.031445 0.037847
0.0 0.890820 0.078993 0.046094 0.078125
0.0 0.871777 0.083681 0.059180 0.086806
0.0 0.996142 0.068316 0.007716 0.098958
1.0 0.003711 0.580035 0.007422 0.115625
1.0 0.076367 0.528125 0.065625 0.180556
1.0 0.036035 0.580035 0.042383 0.115625
1.0 0.132594 0.472396 0.116943 0.269965
0.0 0.047389 0.638194 0.031494 0.038194
0.0 0.099512 0.619531 0.042969 0.072917
0.0 0.169215 0.596962 0.067627 0.098958
0.0 0.139746 0.585243 0.031445 0.037847
0.0 0.108789 0.586285 0.046094 0.078125
0.0 0.089746 0.581597 0.059180 0.086806
1.0 0.336914 0.528125 0.065625 0.180556
1.0 0.377246 0.580035 0.042383 0.115625
1.0 0.280688 0.472396 0.116943 0.269965
0.0 0.365893 0.638194 0.031494 0.038194
0.0 0.313770 0.619531 0.042969 0.072917
0.0 0.244066 0.596962 0.067627 0.098958
0.0 0.273535 0.585243 0.031445 0.037847
0.0 0.304492 0.586285 0.046094 0.078125
0.0 0.323535 0.581597 0.059180 0.086806
1.0 0.467383 0.528125 0.065625 0.180556
1.0 0.427051 0.580035 0.042383 0.115625
1.0 0.523609 0.472396 0.116943 0.269965
0.0 0.438404 0.638194 0.031494 0.038194
0.0 0.490527 0.619531 0.042969 0.072917
0.0 0.560230 0.596962 0.067627 0.098958
0.0 0.530762 0.585243 0.031445 0.037847
0.0 0.499805 0.586285 0.046094 0.078125
0.0 0.480762 0.581597 0.059180 0.086806
1.0 0.727930 0.528125 0.065625 0.180556
1.0 0.768262 0.580035 0.042383 0.115625
1.0 0.671703 0.472396 0.116943 0.269965
0.0 0.756908 0.638194 0.031494 0.038194
0.0 0.704785 0.619531 0.042969 0.072917
0.0 0.635082 0.596962 0.067627 0.098958
0.0 0.664551 0.585243 0.031445 0.037847
0.0 0.695508 0.586285 0.046094 0.078125
0.0 0.714551 0.581597 0.059180 0.086806
1.0 0.858398 0.528125 0.065625 0.180556
1.0 0.818066 0.580035 0.042383 0.115625
1.0 0.914625 0.472396 0.116943 0.269965
0.0 0.829420 0.638194 0.031494 0.038194
0.0 0.881543 0.619531 0.042969 0.072917
0.0 0.951246 0.596962 0.067627 0.098958
0.0 0.921777 0.585243 0.031445 0.037847
0.0 0.890820 0.586285 0.046094 0.078125
0.0 0.871777 0.581597 0.059180 0.086806
0.0 0.996142 0.596962 0.007716 0.098958
1.0 0.003711 0.753993 0.007422 0.115625
1.0 0.076367 0.805903 0.065625 0.180556
1.0 0.036035 0.753993 0.042383 0.115625
1.0 0.132594 0.861632 0.116943 0.269965
0.0 0.047389 0.695833 0.031494 0.038194
0.0 0.099512 0.714497 0.042969 0.072917
0.0 0.169215 0.737066 0.067627 0.098958
0.0 0.139746 0.748785 0.031445 0.037847
0.0 0.108789 0.747743 0.046094 0.078125
0.0 0.089746 0.752431 0.059180 0.086806
1.0 0.336914 0.805903 0.065625 0.180556
1.0 0.377246 0.753993 0.042383 0.115625
1.0 0.280688 0.861632 0.116943 0.269965
0.0 0.365893 0.695833 0.031494 0.038194
0.0 0.313770 0.714497 0.042969 0.072917
0.0 0.244066 0.737066 0.067627 0.098958
0.0 0.273535 0.748785 0.031445 0.037847
0.0 0.304492 0.747743 0.046094 0.078125
0.0 0.323535 0.752431 0.059180 0.086806
1.0 0.467383 0.805903 0.065625 0.180556
1.0 0.427051 0.753993 0.042383 0.115625
1.0 0.523609 0.861632 0.116943 0.269965
0.0 0.438404 0.695833 0.031494 0.038194
0.0 0.490527 0.714497 0.042969 0.072917
0.0 0.560230 0.737066 0.067627 0.098958
0.0 0.530762 0.748785 0.031445 0.037847
0.0 0.499805 0.747743 0.046094 0.078125
0.0 0.480762 0.752431 0.059180 0.086806
1.0 0.727930 0.805903 0.065625 0.180556
1.0 0.768262 0.753993 0.042383 0.115625
1.0 0.671703 0.861632 0.116943 0.269965
0.0 0.756908 0.695833 0.031494 0.038194
0.0 0.704785 0.714497 0.042969 0.072917
0.0 0.635082 0.737066 0.067627 0.098958
0.0 0.664551 0.748785 0.031445 0.037847
0.0 0.695508 0.747743 0.046094 0.078125
0.0 0.714551 0.752431 0.059180 0.086806
1.0 0.858398 0.805903 0.065625 0.180556
1.0 0.818066 0.753993 0.042383 0.115625
1.0 0.914625 0.861632 0.116943 0.269965
0.0 0.829420 0.695833 0.031494 0.038194
0.0 0.881543 0.714497 0.042969 0.072917
0.0 0.951246 0.737066 0.067627 0.098958
0.0 0.921777 0.748785 0.031445 0.037847
0.0 0.890820 0.747743 0.046094 0.078125
0.0 0.871777 0.752431 0.059180 0.086806
0.0 0.996142 0.737066 0.007716 0.098958
