1 0.3330769230769231 0.7027168234064786 0.046153846153846156 0.06165099268547544
0 0.3101 0.5799373040752351 0.07788461538461539 0.1044932079414838
0 0.6548076923076923 0.5152873563218391 0.07884615384615384 0.10318704284221526
0 0.39615384615384613 0.5871264367816091 0.08461538461538462 0.10579937304075235
0 0.28125384615384613 0.5237722048066875 0.07596153846153846 0.07053291536050156
0 0.39086923076923075 0.5433646812957158 0.058653846153846154 0.07053291536050156
0 0.6187538461538461 0.472183908045977 0.07211538461538461 0.07183908045977011
0 0.7461538461538462 0.5335736677115988 0.075 0.09012539184952978
0 0.7197153846153846 0.48066875653082547 0.03173076923076923 0.054858934169279
0 0.5278846153846154 0.6530825496342738 0.09615384615384616 0.09143155694879833
0 0.6596153846153846 0.6589655172413793 0.08076923076923077 0.0796760710553814
1 0.6774076923076923 0.6308777429467085 0.04519230769230769 0.0522466039707419