1.0 0.045957 0.127286 0.091915 0.254571
0.0 0.011287 0.033228 0.022575 0.066457
0.0 0.055720 0.044917 0.066815 0.089834
0.0 0.366815 0.047834 0.031996 0.095667
1.0 0.261520 0.127286 0.113120 0.254571
0.0 0.310009 0.033228 0.071418 0.066457
0.0 0.241155 0.044917 0.066815 0.089834
0.0 0.398810 0.047834 0.031996 0.095667
1.0 0.504105 0.127286 0.113120 0.254571
0.0 0.455616 0.033228 0.071418 0.066457
0.0 0.524470 0.044917 0.066815 0.089834
0.0 0.835565 0.047834 0.031996 0.095667
1.0 0.730270 0.127286 0.113120 0.254571
0.0 0.778759 0.033228 0.071418 0.066457
0.0 0.709905 0.044917 0.066815 0.089834
0.0 0.867560 0.047834 0.031996 0.095667
1.0 0.958147 0.127286 0.083705 0.254571
0.0 0.924366 0.033228 0.071418 0.066457
0.0 0.979906 0.044917 0.040188 0.089834
1.0 0.045957 0.474485 0.091915 0.291446
0.0 0.011287 0.592779 0.022575 0.151804
0.0 0.055720 0.555252 0.066815 0.123505
0.0 0.366815 0.563568 0.031996 0.151804
1.0 0.261520 0.474485 0.113120 0.291446
0.0 0.310009 0.592779 0.071418 0.151804
0.0 0.241155 0.555252 0.066815 0.123505
0.0 0.398810 0.563568 0.031996 0.151804
1.0 0.504105 0.474485 0.113120 0.291446
0.0 0.455616 0.592779 0.071418 0.151804
0.0 0.524470 0.555252 0.066815 0.123505
0.0 0.835565 0.563568 0.031996 0.151804
1.0 0.730270 0.474485 0.113120 0.291446
0.0 0.778759 0.592779 0.071418 0.151804
0.0 0.709905 0.555252 0.066815 0.123505
0.0 0.867560 0.563568 0.031996 0.151804
1.0 0.958147 0.474485 0.083705 0.291446
0.0 0.924366 0.592779 0.071418 0.151804
0.0 0.979906 0.555252 0.040188 0.123505
1.0 0.045957 0.898229 0.091915 0.203542
0.0 0.011287 0.823888 0.022575 0.151804
0.0 0.055720 0.861415 0.066815 0.123505
0.0 0.366815 0.853099 0.031996 0.151804
1.0 0.261520 0.898229 0.113120 0.203542
0.0 0.310009 0.823888 0.071418 0.151804
0.0 0.241155 0.861415 0.066815 0.123505
0.0 0.398810 0.853099 0.031996 0.151804
1.0 0.504105 0.898229 0.113120 0.203542
0.0 0.455616 0.823888 0.071418 0.151804
0.0 0.524470 0.861415 0.066815 0.123505
0.0 0.835565 0.853099 0.031996 0.151804
1.0 0.730270 0.898229 0.113120 0.203542
0.0 0.778759 0.823888 0.071418 0.151804
0.0 0.709905 0.861415 0.066815 0.123505
0.0 0.867560 0.853099 0.031996 0.151804
1.0 0.958147 0.898229 0.083705 0.203542
0.0 0.924366 0.823888 0.071418 0.151804
0.0 0.979906 0.861415 0.040188 0.123505
