1.0 0.044727 0.110764 0.010547 0.045139
1.0 0.020703 0.109722 0.010937 0.043056
1.0 0.047461 0.097222 0.009766 0.040278
1.0 0.025000 0.089583 0.009375 0.026389
0.0 0.046648 0.131146 0.007664 0.007479
1.0 0.193555 0.110764 0.010547 0.045139
1.0 0.217578 0.109722 0.010937 0.043056
1.0 0.190820 0.097222 0.009766 0.040278
1.0 0.213281 0.089583 0.009375 0.026389
0.0 0.191633 0.131146 0.007664 0.007479
1.0 0.349414 0.110764 0.010547 0.045139
1.0 0.325391 0.109722 0.010937 0.043056
1.0 0.352148 0.097222 0.009766 0.040278
1.0 0.329688 0.089583 0.009375 0.026389
0.0 0.351336 0.131146 0.007664 0.007479
1.0 0.498242 0.110764 0.010547 0.045139
1.0 0.522266 0.109722 0.010937 0.043056
1.0 0.495508 0.097222 0.009766 0.040278
1.0 0.517969 0.089583 0.009375 0.026389
0.0 0.496320 0.131146 0.007664 0.007479
1.0 0.654102 0.110764 0.010547 0.045139
1.0 0.630078 0.109722 0.010937 0.043056
1.0 0.656836 0.097222 0.009766 0.040278
1.0 0.634375 0.089583 0.009375 0.026389
0.0 0.656023 0.131146 0.007664 0.007479
1.0 0.802930 0.110764 0.010547 0.045139
1.0 0.826953 0.109722 0.010937 0.043056
1.0 0.800195 0.097222 0.009766 0.040278
1.0 0.822656 0.089583 0.009375 0.026389
0.0 0.801008 0.131146 0.007664 0.007479
1.0 0.958789 0.110764 0.010547 0.045139
1.0 0.934766 0.109722 0.010937 0.043056
1.0 0.961523 0.097222 0.009766 0.040278
1.0 0.939063 0.089583 0.009375 0.026389
0.0 0.960711 0.131146 0.007664 0.007479
1.0 0.044727 0.305903 0.010547 0.045139
1.0 0.020703 0.306944 0.010937 0.043056
1.0 0.047461 0.319444 0.009766 0.040278
1.0 0.025000 0.327083 0.009375 0.026389
0.0 0.046648 0.285521 0.007664 0.007479
1.0 0.193555 0.305903 0.010547 0.045139
1.0 0.217578 0.306944 0.010937 0.043056
1.0 0.190820 0.319444 0.009766 0.040278
1.0 0.213281 0.327083 0.009375 0.026389
0.0 0.191633 0.285521 0.007664 0.007479
1.0 0.349414 0.305903 0.010547 0.045139
1.0 0.325391 0.306944 0.010937 0.043056
1.0 0.352148 0.319444 0.009766 0.040278
1.0 0.329688 0.327083 0.009375 0.026389
0.0 0.351336 0.285521 0.007664 0.007479
1.0 0.498242 0.305903 0.010547 0.045139
1.0 0.522266 0.306944 0.010937 0.043056
1.0 0.495508 0.319444 0.009766 0.040278
1.0 0.517969 0.327083 0.009375 0.026389
0.0 0.496320 0.285521 0.007664 0.007479
1.0 0.654102 0.305903 0.010547 0.045139
1.0 0.630078 0.306944 0.010937 0.043056
1.0 0.656836 0.319444 0.009766 0.040278
1.0 0.634375 0.327083 0.009375 0.026389
0.0 0.656023 0.285521 0.007664 0.007479
1.0 0.802930 0.305903 0.010547 0.045139
1.0 0.826953 0.306944 0.010937 0.043056
1.0 0.800195 0.319444 0.009766 0.040278
1.0 0.822656 0.327083 0.009375 0.026389
0.0 0.801008 0.285521 0.007664 0.007479
1.0 0.958789 0.305903 0.010547 0.045139
1.0 0.934766 0.306944 0.010937 0.043056
1.0 0.961523 0.319444 0.009766 0.040278
1.0 0.939063 0.327083 0.009375 0.026389
0.0 0.960711 0.285521 0.007664 0.007479
1.0 0.044727 0.499653 0.010547 0.045139
1.0 0.020703 0.498611 0.010937 0.043056
1.0 0.047461 0.486111 0.009766 0.040278
1.0 0.025000 0.478472 0.009375 0.026389
0.0 0.046648 0.520035 0.007664 0.007479
1.0 0.193555 0.499653 0.010547 0.045139
1.0 0.217578 0.498611 0.010937 0.043056
1.0 0.190820 0.486111 0.009766 0.040278
1.0 0.213281 0.478472 0.009375 0.026389
0.0 0.191633 0.520035 0.007664 0.007479
1.0 0.349414 0.499653 0.010547 0.045139
1.0 0.325391 0.498611 0.010937 0.043056
1.0 0.352148 0.486111 0.009766 0.040278
1.0 0.329688 0.478472 0.009375 0.026389
0.0 0.351336 0.520035 0.007664 0.007479
1.0 0.498242 0.499653 0.010547 0.045139
1.0 0.522266 0.498611 0.010937 0.043056
1.0 0.495508 0.486111 0.009766 0.040278
1.0 0.517969 0.478472 0.009375 0.026389
0.0 0.496320 0.520035 0.007664 0.007479
1.0 0.654102 0.499653 0.010547 0.045139
1.0 0.630078 0.498611 0.010937 0.043056
1.0 0.656836 0.486111 0.009766 0.040278
1.0 0.634375 0.478472 0.009375 0.026389
0.0 0.656023 0.520035 0.007664 0.007479
1.0 0.802930 0.499653 0.010547 0.045139
1.0 0.826953 0.498611 0.010937 0.043056
1.0 0.800195 0.486111 0.009766 0.040278
1.0 0.822656 0.478472 0.009375 0.026389
0.0 0.801008 0.520035 0.007664 0.007479
1.0 0.958789 0.499653 0.010547 0.045139
1.0 0.934766 0.498611 0.010937 0.043056
1.0 0.961523 0.486111 0.009766 0.040278
1.0 0.939063 0.478472 0.009375 0.026389
0.0 0.960711 0.520035 0.007664 0.007479
1.0 0.044727 0.694792 0.010547 0.045139
1.0 0.020703 0.695833 0.010937 0.043056
1.0 0.047461 0.708333 0.009766 0.040278
1.0 0.025000 0.715972 0.009375 0.026389
0.0 0.046648 0.674410 0.007664 0.007479
1.0 0.193555 0.694792 0.010547 0.045139
1.0 0.217578 0.695833 0.010937 0.043056
1.0 0.190820 0.708333 0.009766 0.040278
1.0 0.213281 0.715972 0.009375 0.026389
0.0 0.191633 0.674410 0.007664 0.007479
1.0 0.349414 0.694792 0.010547 0.045139
1.0 0.325391 0.695833 0.010937 0.043056
1.0 0.352148 0.708333 0.009766 0.040278
1.0 0.329688 0.715972 0.009375 0.026389
0.0 0.351336 0.674410 0.007664 0.007479
1.0 0.498242 0.694792 0.010547 0.045139
1.0 0.522266 0.695833 0.010937 0.043056
1.0 0.495508 0.708333 0.009766 0.040278
1.0 0.517969 0.715972 0.009375 0.026389
0.0 0.496320 0.674410 0.007664 0.007479
1.0 0.654102 0.694792 0.010547 0.045139
1.0 0.630078 0.695833 0.010937 0.043056
1.0 0.656836 0.708333 0.009766 0.040278
1.0 0.634375 0.715972 0.009375 0.026389
0.0 0.656023 0.674410 0.007664 0.007479
1.0 0.802930 0.694792 0.010547 0.045139
1.0 0.826953 0.695833 0.010937 0.043056
1.0 0.800195 0.708333 0.009766 0.040278
1.0 0.822656 0.715972 0.009375 0.026389
0.0 0.801008 0.674410 0.007664 0.007479
1.0 0.958789 0.694792 0.010547 0.045139
1.0 0.934766 0.695833 0.010937 0.043056
1.0 0.961523 0.708333 0.009766 0.040278
1.0 0.939063 0.715972 0.009375 0.026389
0.0 0.960711 0.674410 0.007664 0.007479
1.0 0.044727 0.888542 0.010547 0.045139
1.0 0.020703 0.887500 0.010937 0.043056
1.0 0.047461 0.875000 0.009766 0.040278
1.0 0.025000 0.867361 0.009375 0.026389
0.0 0.046648 0.908924 0.007664 0.007479
1.0 0.193555 0.888542 0.010547 0.045139
1.0 0.217578 0.887500 0.010937 0.043056
1.0 0.190820 0.875000 0.009766 0.040278
1.0 0.213281 0.867361 0.009375 0.026389
0.0 0.191633 0.908924 0.007664 0.007479
1.0 0.349414 0.888542 0.010547 0.045139
1.0 0.325391 0.887500 0.010937 0.043056
1.0 0.352148 0.875000 0.009766 0.040278
1.0 0.329688 0.867361 0.009375 0.026389
0.0 0.351336 0.908924 0.007664 0.007479
1.0 0.498242 0.888542 0.010547 0.045139
1.0 0.522266 0.887500 0.010937 0.043056
1.0 0.495508 0.875000 0.009766 0.040278
1.0 0.517969 0.867361 0.009375 0.026389
0.0 0.496320 0.908924 0.007664 0.007479
1.0 0.654102 0.888542 0.010547 0.045139
1.0 0.630078 0.887500 0.010937 0.043056
1.0 0.656836 0.875000 0.009766 0.040278
1.0 0.634375 0.867361 0.009375 0.026389
0.0 0.656023 0.908924 0.007664 0.007479
1.0 0.802930 0.888542 0.010547 0.045139
1.0 0.826953 0.887500 0.010937 0.043056
1.0 0.800195 0.875000 0.009766 0.040278
1.0 0.822656 0.867361 0.009375 0.026389
0.0 0.801008 0.908924 0.007664 0.007479
1.0 0.958789 0.888542 0.010547 0.045139
1.0 0.934766 0.887500 0.010937 0.043056
1.0 0.961523 0.875000 0.009766 0.040278
1.0 0.939063 0.867361 0.009375 0.026389
0.0 0.960711 0.908924 0.007664 0.007479
