1.0 0.223160 0.033457 0.023367 0.024823
1.0 0.201383 0.029638 0.014585 0.040693
1.0 0.166256 0.021130 0.021385 0.042260
1.0 0.117596 0.006680 0.022915 0.013361
1.0 0.265902 0.033457 0.023367 0.024823
1.0 0.287679 0.029638 0.014585 0.040693
1.0 0.322806 0.021130 0.021385 0.042260
1.0 0.371467 0.006680 0.022915 0.013361
1.0 0.223160 0.470710 0.023367 0.024823
1.0 0.201383 0.474528 0.014585 0.040693
1.0 0.166256 0.486127 0.021385 0.048441
1.0 0.117596 0.500543 0.022915 0.019474
0.0 0.026973 0.578713 0.026364 0.108804
0.0 0.063209 0.595751 0.020210 0.065206
0.0 0.050104 0.597431 0.020206 0.064443
1.0 0.265902 0.470710 0.023367 0.024823
1.0 0.287679 0.474528 0.014585 0.040693
1.0 0.322806 0.486127 0.021385 0.048441
1.0 0.698349 0.522325 0.014053 0.020845
1.0 0.557172 0.546151 0.012870 0.036085
1.0 0.572385 0.547031 0.014555 0.035351
1.0 0.371467 0.500543 0.022915 0.019474
0.0 0.462090 0.578713 0.026364 0.108804
0.0 0.425853 0.595751 0.020210 0.065206
0.0 0.438958 0.597431 0.020206 0.064443
1.0 0.811807 0.522325 0.014053 0.020845
1.0 0.952984 0.546151 0.012870 0.036085
1.0 0.937771 0.547031 0.014555 0.035351
1.0 0.166256 0.992743 0.021385 0.014514
1.0 0.117596 0.992777 0.022915 0.014446
0.0 0.026973 0.917120 0.026364 0.108804
0.0 0.063209 0.900082 0.020210 0.065206
0.0 0.050104 0.898402 0.020206 0.064443
1.0 0.322806 0.992743 0.021385 0.014514
1.0 0.698349 0.973508 0.014053 0.020845
1.0 0.557172 0.949683 0.012870 0.036085
1.0 0.572385 0.948803 0.014555 0.035351
1.0 0.371467 0.992777 0.022915 0.014446
0.0 0.462090 0.917120 0.026364 0.108804
0.0 0.425853 0.900082 0.020210 0.065206
0.0 0.438958 0.898402 0.020206 0.064443
1.0 0.811807 0.973508 0.014053 0.020845
1.0 0.952984 0.949683 0.012870 0.036085
1.0 0.937771 0.948803 0.014555 0.035351
