0.0 0.016274 0.011898 0.032549 0.023795
0.0 0.271158 0.011898 0.041789 0.023795
0.0 0.489779 0.011898 0.041789 0.023795
0.0 0.749283 0.011898 0.041789 0.023795
0.0 0.967904 0.011898 0.041789 0.023795
1.0 0.033339 0.235319 0.065459 0.152379
0.0 0.016274 0.167779 0.032549 0.083148
0.0 0.058815 0.197653 0.027439 0.049131
1.0 0.249473 0.235319 0.065459 0.152379
1.0 0.337544 0.300997 0.024719 0.052851
0.0 0.271158 0.167779 0.041789 0.083148
0.0 0.223997 0.197653 0.027439 0.049131
1.0 0.511464 0.235319 0.065459 0.152379
1.0 0.423394 0.300997 0.024719 0.052851
0.0 0.489779 0.167779 0.041789 0.083148
0.0 0.536940 0.197653 0.027439 0.049131
1.0 0.727598 0.235319 0.065459 0.152379
1.0 0.815669 0.300997 0.024719 0.052851
0.0 0.749283 0.167779 0.041789 0.083148
0.0 0.702122 0.197653 0.027439 0.049131
1.0 0.978430 0.235319 0.043140 0.152379
1.0 0.901519 0.300997 0.024719 0.052851
0.0 0.967904 0.167779 0.041789 0.083148
1.0 0.033339 0.481348 0.065459 0.152379
0.0 0.016274 0.548888 0.032549 0.083148
0.0 0.058815 0.519014 0.027439 0.049131
1.0 0.249473 0.481348 0.065459 0.152379
1.0 0.337544 0.415670 0.024719 0.052851
0.0 0.271158 0.548888 0.041789 0.083148
0.0 0.223997 0.519014 0.027439 0.049131
1.0 0.511464 0.481348 0.065459 0.152379
1.0 0.423394 0.415670 0.024719 0.052851
0.0 0.489779 0.548888 0.041789 0.083148
0.0 0.536940 0.519014 0.027439 0.049131
1.0 0.727598 0.481348 0.065459 0.152379
1.0 0.815669 0.415670 0.024719 0.052851
0.0 0.749283 0.548888 0.041789 0.083148
0.0 0.702122 0.519014 0.027439 0.049131
1.0 0.978430 0.481348 0.043140 0.152379
1.0 0.901519 0.415670 0.024719 0.052851
0.0 0.967904 0.548888 0.041789 0.083148
1.0 0.033339 0.801985 0.065459 0.152379
0.0 0.016274 0.734446 0.032549 0.083148
0.0 0.058815 0.764319 0.027439 0.049131
1.0 0.249473 0.801985 0.065459 0.152379
1.0 0.337544 0.867664 0.024719 0.052851
0.0 0.271158 0.734446 0.041789 0.083148
0.0 0.223997 0.764319 0.027439 0.049131
1.0 0.511464 0.801985 0.065459 0.152379
1.0 0.423394 0.867664 0.024719 0.052851
0.0 0.489779 0.734446 0.041789 0.083148
0.0 0.536940 0.764319 0.027439 0.049131
1.0 0.727598 0.801985 0.065459 0.152379
1.0 0.815669 0.867664 0.024719 0.052851
0.0 0.749283 0.734446 0.041789 0.083148
0.0 0.702122 0.764319 0.027439 0.049131
1.0 0.978430 0.801985 0.043140 0.152379
1.0 0.901519 0.867664 0.024719 0.052851
0.0 0.967904 0.734446 0.041789 0.083148
1.0 0.033339 0.985913 0.065459 0.028175
1.0 0.249473 0.985913 0.065459 0.028175
1.0 0.337544 0.977955 0.024719 0.044090
1.0 0.511464 0.985913 0.065459 0.028175
1.0 0.423394 0.977955 0.024719 0.044090
1.0 0.727598 0.985913 0.065459 0.028175
1.0 0.815669 0.977955 0.024719 0.044090
1.0 0.978430 0.985913 0.043140 0.028175
1.0 0.901519 0.977955 0.024719 0.044090
