1.0 0.061953 0.124079 0.012320 0.051428
1.0 0.037256 0.121723 0.012277 0.049212
1.0 0.064495 0.108983 0.011326 0.045388
1.0 0.041486 0.099244 0.010225 0.029793
0.0 0.064241 0.147131 0.008173 0.008927
1.0 0.176328 0.124079 0.012320 0.051428
1.0 0.201026 0.121723 0.012277 0.049212
1.0 0.173786 0.108983 0.011326 0.045388
1.0 0.196795 0.099244 0.010225 0.029793
0.0 0.174040 0.147131 0.008173 0.008927
1.0 0.366641 0.124079 0.012320 0.051428
1.0 0.341943 0.121723 0.012277 0.049212
1.0 0.369182 0.108983 0.011326 0.045388
1.0 0.346174 0.099244 0.010225 0.029793
0.0 0.368928 0.147131 0.008173 0.008927
1.0 0.481015 0.124079 0.012320 0.051428
1.0 0.505713 0.121723 0.012277 0.049212
1.0 0.478474 0.108983 0.011326 0.045388
1.0 0.501483 0.099244 0.010225 0.029793
0.0 0.478728 0.147131 0.008173 0.008927
1.0 0.671328 0.124079 0.012320 0.051428
1.0 0.646631 0.121723 0.012277 0.049212
1.0 0.673870 0.108983 0.011326 0.045388
1.0 0.650861 0.099244 0.010225 0.029793
0.0 0.673616 0.147131 0.008173 0.008927
1.0 0.785703 0.124079 0.012320 0.051428
1.0 0.810401 0.121723 0.012277 0.049212
1.0 0.783161 0.108983 0.011326 0.045388
1.0 0.806170 0.099244 0.010225 0.029793
0.0 0.783415 0.147131 0.008173 0.008927
1.0 0.976016 0.124079 0.012320 0.051428
1.0 0.951318 0.121723 0.012277 0.049212
1.0 0.978557 0.108983 0.011326 0.045388
1.0 0.955549 0.099244 0.010225 0.029793
0.0 0.978303 0.147131 0.008173 0.008927
1.0 0.061953 0.292587 0.012320 0.051428
1.0 0.037256 0.294943 0.012277 0.049212
1.0 0.064495 0.307683 0.011326 0.045388
1.0 0.041486 0.317423 0.010225 0.029793
0.0 0.064241 0.269536 0.008173 0.008927
1.0 0.176328 0.292587 0.012320 0.051428
1.0 0.201026 0.294943 0.012277 0.049212
1.0 0.173786 0.307683 0.011326 0.045388
1.0 0.196795 0.317423 0.010225 0.029793
0.0 0.174040 0.269536 0.008173 0.008927
1.0 0.366641 0.292587 0.012320 0.051428
1.0 0.341943 0.294943 0.012277 0.049212
1.0 0.369182 0.307683 0.011326 0.045388
1.0 0.346174 0.317423 0.010225 0.029793
0.0 0.368928 0.269536 0.008173 0.008927
1.0 0.481015 0.292587 0.012320 0.051428
1.0 0.505713 0.294943 0.012277 0.049212
1.0 0.478474 0.307683 0.011326 0.045388
1.0 0.501483 0.317423 0.010225 0.029793
0.0 0.478728 0.269536 0.008173 0.008927
1.0 0.671328 0.292587 0.012320 0.051428
1.0 0.646631 0.294943 0.012277 0.049212
1.0 0.673870 0.307683 0.011326 0.045388
1.0 0.650861 0.317423 0.010225 0.029793
0.0 0.673616 0.269536 0.008173 0.008927
1.0 0.785703 0.292587 0.012320 0.051428
1.0 0.810401 0.294943 0.012277 0.049212
1.0 0.783161 0.307683 0.011326 0.045388
1.0 0.806170 0.317423 0.010225 0.029793
0.0 0.783415 0.269536 0.008173 0.008927
1.0 0.976016 0.292587 0.012320 0.051428
1.0 0.951318 0.294943 0.012277 0.049212
1.0 0.978557 0.307683 0.011326 0.045388
1.0 0.955549 0.317423 0.010225 0.029793
0.0 0.978303 0.269536 0.008173 0.008927
1.0 0.061953 0.512968 0.012320 0.051428
1.0 0.037256 0.510612 0.012277 0.049212
1.0 0.064495 0.497872 0.011326 0.045388
1.0 0.041486 0.488133 0.010225 0.029793
0.0 0.064241 0.536020 0.008173 0.008927
1.0 0.176328 0.512968 0.012320 0.051428
1.0 0.201026 0.510612 0.012277 0.049212
1.0 0.173786 0.497872 0.011326 0.045388
1.0 0.196795 0.488133 0.010225 0.029793
0.0 0.174040 0.536020 0.008173 0.008927
1.0 0.366641 0.512968 0.012320 0.051428
1.0 0.341943 0.510612 0.012277 0.049212
1.0 0.369182 0.497872 0.011326 0.045388
1.0 0.346174 0.488133 0.010225 0.029793
0.0 0.368928 0.536020 0.008173 0.008927
1.0 0.481015 0.512968 0.012320 0.051428
1.0 0.505713 0.510612 0.012277 0.049212
1.0 0.478474 0.497872 0.011326 0.045388
1.0 0.501483 0.488133 0.010225 0.029793
0.0 0.478728 0.536020 0.008173 0.008927
1.0 0.671328 0.512968 0.012320 0.051428
1.0 0.646631 0.510612 0.012277 0.049212
1.0 0.673870 0.497872 0.011326 0.045388
1.0 0.650861 0.488133 0.010225 0.029793
0.0 0.673616 0.536020 0.008173 0.008927
1.0 0.785703 0.512968 0.012320 0.051428
1.0 0.810401 0.510612 0.012277 0.049212
1.0 0.783161 0.497872 0.011326 0.045388
1.0 0.806170 0.488133 0.010225 0.029793
0.0 0.783415 0.536020 0.008173 0.008927
1.0 0.976016 0.512968 0.012320 0.051428
1.0 0.951318 0.510612 0.012277 0.049212
1.0 0.978557 0.497872 0.011326 0.045388
1.0 0.955549 0.488133 0.010225 0.029793
0.0 0.978303 0.536020 0.008173 0.008927
1.0 0.061953 0.681476 0.012320 0.051428
1.0 0.037256 0.683832 0.012277 0.049212
1.0 0.064495 0.696572 0.011326 0.045388
1.0 0.041486 0.706312 0.010225 0.029793
0.0 0.064241 0.658425 0.008173 0.008927
1.0 0.176328 0.681476 0.012320 0.051428
1.0 0.201026 0.683832 0.012277 0.049212
1.0 0.173786 0.696572 0.011326 0.045388
1.0 0.196795 0.706312 0.010225 0.029793
0.0 0.174040 0.658425 0.008173 0.008927
1.0 0.366641 0.681476 0.012320 0.051428
1.0 0.341943 0.683832 0.012277 0.049212
1.0 0.369182 0.696572 0.011326 0.045388
1.0 0.346174 0.706312 0.010225 0.029793
0.0 0.368928 0.658425 0.008173 0.008927
1.0 0.481015 0.681476 0.012320 0.051428
1.0 0.505713 0.683832 0.012277 0.049212
1.0 0.478474 0.696572 0.011326 0.045388
1.0 0.501483 0.706312 0.010225 0.029793
0.0 0.478728 0.658425 0.008173 0.008927
1.0 0.671328 0.681476 0.012320 0.051428
1.0 0.646631 0.683832 0.012277 0.049212
1.0 0.673870 0.696572 0.011326 0.045388
1.0 0.650861 0.706312 0.010225 0.029793
0.0 0.673616 0.658425 0.008173 0.008927
1.0 0.785703 0.681476 0.012320 0.051428
1.0 0.810401 0.683832 0.012277 0.049212
1.0 0.783161 0.696572 0.011326 0.045388
1.0 0.806170 0.706312 0.010225 0.029793
0.0 0.783415 0.658425 0.008173 0.008927
1.0 0.976016 0.681476 0.012320 0.051428
1.0 0.951318 0.683832 0.012277 0.049212
1.0 0.978557 0.696572 0.011326 0.045388
1.0 0.955549 0.706312 0.010225 0.029793
0.0 0.978303 0.658425 0.008173 0.008927
1.0 0.061953 0.901857 0.012320 0.051428
1.0 0.037256 0.899501 0.012277 0.049212
1.0 0.064495 0.886761 0.011326 0.045388
1.0 0.041486 0.877022 0.010225 0.029793
0.0 0.064241 0.924909 0.008173 0.008927
1.0 0.176328 0.901857 0.012320 0.051428
1.0 0.201026 0.899501 0.012277 0.049212
1.0 0.173786 0.886761 0.011326 0.045388
1.0 0.196795 0.877022 0.010225 0.029793
0.0 0.174040 0.924909 0.008173 0.008927
1.0 0.366641 0.901857 0.012320 0.051428
1.0 0.341943 0.899501 0.012277 0.049212
1.0 0.369182 0.886761 0.011326 0.045388
1.0 0.346174 0.877022 0.010225 0.029793
0.0 0.368928 0.924909 0.008173 0.008927
1.0 0.481015 0.901857 0.012320 0.051428
1.0 0.505713 0.899501 0.012277 0.049212
1.0 0.478474 0.886761 0.011326 0.045388
1.0 0.501483 0.877022 0.010225 0.029793
0.0 0.478728 0.924909 0.008173 0.008927
1.0 0.671328 0.901857 0.012320 0.051428
1.0 0.646631 0.899501 0.012277 0.049212
1.0 0.673870 0.886761 0.011326 0.045388
1.0 0.650861 0.877022 0.010225 0.029793
0.0 0.673616 0.924909 0.008173 0.008927
1.0 0.785703 0.901857 0.012320 0.051428
1.0 0.810401 0.899501 0.012277 0.049212
1.0 0.783161 0.886761 0.011326 0.045388
1.0 0.806170 0.877022 0.010225 0.029793
0.0 0.783415 0.924909 0.008173 0.008927
1.0 0.976016 0.901857 0.012320 0.051428
1.0 0.951318 0.899501 0.012277 0.049212
1.0 0.978557 0.886761 0.011326 0.045388
1.0 0.955549 0.877022 0.010225 0.029793
0.0 0.978303 0.924909 0.008173 0.008927
