0.0 0.005859 0.092510 0.011718 0.185019
0.0 0.081473 0.233135 0.115514 0.183531
0.0 0.068918 0.092510 0.114396 0.185019
0.0 0.332590 0.233135 0.115514 0.183531
0.0 0.345145 0.092510 0.114396 0.185019
0.0 0.472098 0.233135 0.115514 0.183531
0.0 0.459543 0.092510 0.114396 0.185019
0.0 0.723215 0.233135 0.115514 0.183531
0.0 0.735770 0.092510 0.114396 0.185019
0.0 0.862723 0.233135 0.115514 0.183531
0.0 0.850168 0.092510 0.114396 0.185019
0.0 0.005859 0.566965 0.011718 0.198413
0.0 0.081473 0.419642 0.115514 0.183531
0.0 0.068918 0.566965 0.114396 0.198413
0.0 0.332590 0.419642 0.115514 0.183531
0.0 0.345145 0.566965 0.114396 0.198413
0.0 0.472098 0.419642 0.115514 0.183531
0.0 0.459543 0.566965 0.114396 0.198413
0.0 0.723215 0.419642 0.115514 0.183531
0.0 0.735770 0.566965 0.114396 0.198413
0.0 0.862723 0.419642 0.115514 0.183531
0.0 0.850168 0.566965 0.114396 0.198413
0.0 0.005859 0.780257 0.011718 0.198413
0.0 0.081473 0.917907 0.115514 0.164186
0.0 0.068918 0.780257 0.114396 0.198413
0.0 0.332590 0.917907 0.115514 0.164186
0.0 0.345145 0.780257 0.114396 0.198413
0.0 0.472098 0.917907 0.115514 0.164186
0.0 0.459543 0.780257 0.114396 0.198413
0.0 0.723215 0.917907 0.115514 0.164186
0.0 0.735770 0.780257 0.114396 0.198413
0.0 0.862723 0.917907 0.115514 0.164186
0.0 0.850168 0.780257 0.114396 0.198413
