0.0 0.202971 0.039520 0.068565 0.079040
0.0 0.288204 0.055185 0.067058 0.110370
0.0 0.484529 0.039520 0.068565 0.079040
0.0 0.399296 0.055185 0.067058 0.110370
0.0 0.827971 0.039520 0.068565 0.079040
0.0 0.913204 0.055185 0.067058 0.110370
1.0 0.025845 0.517711 0.010810 0.069929
1.0 0.036655 0.517711 0.010810 0.069929
1.0 0.225245 0.508133 0.017106 0.064532
1.0 0.249352 0.505708 0.017941 0.063136
1.0 0.118286 0.561201 0.019097 0.088369
1.0 0.153512 0.558063 0.019118 0.085474
0.0 0.117009 0.616295 0.035609 0.033702
0.0 0.155391 0.610602 0.031569 0.027846
0.0 0.254010 0.536558 0.017286 0.013420
0.0 0.202971 0.461936 0.068565 0.193064
0.0 0.288204 0.465680 0.067058 0.263211
1.0 0.650845 0.517711 0.010810 0.069929
1.0 0.462255 0.508133 0.017106 0.064532
1.0 0.438148 0.505708 0.017941 0.063136
1.0 0.569214 0.561201 0.019097 0.088369
1.0 0.533988 0.558063 0.019118 0.085474
0.0 0.570491 0.616295 0.035609 0.033702
0.0 0.532109 0.610602 0.031569 0.027846
0.0 0.433490 0.536558 0.017286 0.013420
0.0 0.484529 0.461936 0.068565 0.193064
0.0 0.399296 0.465680 0.067058 0.263211
1.0 0.661655 0.517711 0.010810 0.069929
1.0 0.850245 0.508133 0.017106 0.064532
1.0 0.874352 0.505708 0.017941 0.063136
1.0 0.743286 0.561201 0.019097 0.088369
1.0 0.778512 0.558063 0.019118 0.085474
0.0 0.742009 0.616295 0.035609 0.033702
0.0 0.780391 0.610602 0.031569 0.027846
0.0 0.879010 0.536558 0.017286 0.013420
0.0 0.827971 0.461936 0.068565 0.193064
0.0 0.913204 0.465680 0.067058 0.263211
0.0 0.995384 0.465680 0.009233 0.263211
1.0 0.118286 0.975085 0.019097 0.049830
1.0 0.153512 0.977378 0.019118 0.045244
0.0 0.117009 0.939260 0.035609 0.033702
0.0 0.155391 0.944953 0.031569 0.027846
0.0 0.288204 0.979135 0.067058 0.041730
1.0 0.569214 0.975085 0.019097 0.049830
1.0 0.533988 0.977378 0.019118 0.045244
0.0 0.570491 0.939260 0.035609 0.033702
0.0 0.532109 0.944953 0.031569 0.027846
0.0 0.399296 0.979135 0.067058 0.041730
1.0 0.743286 0.975085 0.019097 0.049830
1.0 0.778512 0.977378 0.019118 0.045244
0.0 0.742009 0.939260 0.035609 0.033702
0.0 0.780391 0.944953 0.031569 0.027846
0.0 0.913204 0.979135 0.067058 0.041730
