1.0 0.058649 0.009495 0.041786 0.018989
0.0 0.071552 0.004494 0.017717 0.008988
0.0 0.042800 0.023148 0.025210 0.046296
1.0 0.127809 0.009495 0.041786 0.018989
0.0 0.114906 0.004494 0.017717 0.008988
0.0 0.143659 0.023148 0.025210 0.046296
1.0 0.239378 0.009495 0.041786 0.018989
0.0 0.252281 0.004494 0.017717 0.008988
0.0 0.223529 0.023148 0.025210 0.046296
1.0 0.308538 0.009495 0.041786 0.018989
0.0 0.295636 0.004494 0.017717 0.008988
0.0 0.324388 0.023148 0.025210 0.046296
1.0 0.420108 0.009495 0.041786 0.018989
0.0 0.433010 0.004494 0.017717 0.008988
0.0 0.404258 0.023148 0.025210 0.046296
1.0 0.489267 0.009495 0.041786 0.018989
0.0 0.476365 0.004494 0.017717 0.008988
0.0 0.505117 0.023148 0.025210 0.046296
1.0 0.600837 0.009495 0.041786 0.018989
0.0 0.613739 0.004494 0.017717 0.008988
0.0 0.584987 0.023148 0.025210 0.046296
1.0 0.669997 0.009495 0.041786 0.018989
0.0 0.657094 0.004494 0.017717 0.008988
0.0 0.685846 0.023148 0.025210 0.046296
1.0 0.781566 0.009495 0.041786 0.018989
0.0 0.794469 0.004494 0.017717 0.008988
0.0 0.765716 0.023148 0.025210 0.046296
1.0 0.850726 0.009495 0.041786 0.018989
0.0 0.837823 0.004494 0.017717 0.008988
0.0 0.866575 0.023148 0.025210 0.046296
1.0 0.962295 0.009495 0.041786 0.018989
0.0 0.975198 0.004494 0.017717 0.008988
0.0 0.946446 0.023148 0.025210 0.046296
1.0 0.001432 0.167532 0.002865 0.016787
0.0 0.001612 0.163641 0.002505 0.008843
1.0 0.058649 0.123178 0.041786 0.099149
1.0 0.010131 0.167532 0.014533 0.016787
1.0 0.035931 0.141214 0.028728 0.069424
0.0 0.071552 0.097896 0.017717 0.028584
0.0 0.042800 0.074069 0.025210 0.055545
0.0 0.004117 0.163641 0.002505 0.008843
1.0 0.127809 0.123178 0.041786 0.099149
1.0 0.176327 0.167532 0.014533 0.016787
1.0 0.150528 0.141214 0.028728 0.069424
0.0 0.114906 0.097896 0.017717 0.028584
0.0 0.143659 0.074069 0.025210 0.055545
0.0 0.182341 0.163641 0.002505 0.008843
1.0 0.239378 0.123178 0.041786 0.099149
1.0 0.190860 0.167532 0.014533 0.016787
1.0 0.216660 0.141214 0.028728 0.069424
0.0 0.252281 0.097896 0.017717 0.028584
0.0 0.223529 0.074069 0.025210 0.055545
0.0 0.184846 0.163641 0.002505 0.008843
1.0 0.308538 0.123178 0.041786 0.099149
1.0 0.357056 0.167532 0.014533 0.016787
1.0 0.331257 0.141214 0.028728 0.069424
0.0 0.295636 0.097896 0.017717 0.028584
0.0 0.324388 0.074069 0.025210 0.055545
0.0 0.363070 0.163641 0.002505 0.008843
1.0 0.420108 0.123178 0.041786 0.099149
1.0 0.371590 0.167532 0.014533 0.016787
1.0 0.397389 0.141214 0.028728 0.069424
0.0 0.433010 0.097896 0.017717 0.028584
0.0 0.404258 0.074069 0.025210 0.055545
0.0 0.365575 0.163641 0.002505 0.008843
1.0 0.489267 0.123178 0.041786 0.099149
1.0 0.537785 0.167532 0.014533 0.016787
1.0 0.511986 0.141214 0.028728 0.069424
0.0 0.476365 0.097896 0.017717 0.028584
0.0 0.505117 0.074069 0.025210 0.055545
0.0 0.543800 0.163641 0.002505 0.008843
1.0 0.600837 0.123178 0.041786 0.099149
1.0 0.552319 0.167532 0.014533 0.016787
1.0 0.578118 0.141214 0.028728 0.069424
0.0 0.613739 0.097896 0.017717 0.028584
0.0 0.584987 0.074069 0.025210 0.055545
0.0 0.546305 0.163641 0.002505 0.008843
1.0 0.669997 0.123178 0.041786 0.099149
1.0 0.718515 0.167532 0.014533 0.016787
1.0 0.692715 0.141214 0.028728 0.069424
0.0 0.657094 0.097896 0.017717 0.028584
0.0 0.685846 0.074069 0.025210 0.055545
0.0 0.724529 0.163641 0.002505 0.008843
1.0 0.781566 0.123178 0.041786 0.099149
1.0 0.733048 0.167532 0.014533 0.016787
1.0 0.758847 0.141214 0.028728 0.069424
0.0 0.794469 0.097896 0.017717 0.028584
0.0 0.765716 0.074069 0.025210 0.055545
0.0 0.727034 0.163641 0.002505 0.008843
1.0 0.850726 0.123178 0.041786 0.099149
1.0 0.899244 0.167532 0.014533 0.016787
1.0 0.873444 0.141214 0.028728 0.069424
0.0 0.837823 0.097896 0.017717 0.028584
0.0 0.866575 0.074069 0.025210 0.055545
0.0 0.905258 0.163641 0.002505 0.008843
1.0 0.962295 0.123178 0.041786 0.099149
1.0 0.913777 0.167532 0.014533 0.016787
1.0 0.939577 0.141214 0.028728 0.069424
0.0 0.975198 0.097896 0.017717 0.028584
0.0 0.946446 0.074069 0.025210 0.055545
0.0 0.907763 0.163641 0.002505 0.008843
1.0 0.001432 0.184319 0.002865 0.016787
0.0 0.001612 0.188211 0.002505 0.008843
1.0 0.058649 0.228674 0.041786 0.099149
1.0 0.010131 0.184319 0.014533 0.016787
1.0 0.035931 0.210638 0.028728 0.069424
0.0 0.071552 0.253956 0.017717 0.028584
0.0 0.042800 0.277783 0.025210 0.055545
0.0 0.004117 0.188211 0.002505 0.008843
1.0 0.127809 0.228674 0.041786 0.099149
1.0 0.176327 0.184319 0.014533 0.016787
1.0 0.150528 0.210638 0.028728 0.069424
0.0 0.114906 0.253956 0.017717 0.028584
0.0 0.143659 0.277783 0.025210 0.055545
0.0 0.182341 0.188211 0.002505 0.008843
1.0 0.239378 0.228674 0.041786 0.099149
1.0 0.190860 0.184319 0.014533 0.016787
1.0 0.216660 0.210638 0.028728 0.069424
0.0 0.252281 0.253956 0.017717 0.028584
0.0 0.223529 0.277783 0.025210 0.055545
0.0 0.184846 0.188211 0.002505 0.008843
1.0 0.308538 0.228674 0.041786 0.099149
1.0 0.357056 0.184319 0.014533 0.016787
1.0 0.331257 0.210638 0.028728 0.069424
0.0 0.295636 0.253956 0.017717 0.028584
0.0 0.324388 0.277783 0.025210 0.055545
0.0 0.363070 0.188211 0.002505 0.008843
1.0 0.420108 0.228674 0.041786 0.099149
1.0 0.371590 0.184319 0.014533 0.016787
1.0 0.397389 0.210638 0.028728 0.069424
0.0 0.433010 0.253956 0.017717 0.028584
0.0 0.404258 0.277783 0.025210 0.055545
0.0 0.365575 0.188211 0.002505 0.008843
1.0 0.489267 0.228674 0.041786 0.099149
1.0 0.537785 0.184319 0.014533 0.016787
1.0 0.511986 0.210638 0.028728 0.069424
0.0 0.476365 0.253956 0.017717 0.028584
0.0 0.505117 0.277783 0.025210 0.055545
0.0 0.543800 0.188211 0.002505 0.008843
1.0 0.600837 0.228674 0.041786 0.099149
1.0 0.552319 0.184319 0.014533 0.016787
1.0 0.578118 0.210638 0.028728 0.069424
0.0 0.613739 0.253956 0.017717 0.028584
0.0 0.584987 0.277783 0.025210 0.055545
0.0 0.546305 0.188211 0.002505 0.008843
1.0 0.669997 0.228674 0.041786 0.099149
1.0 0.718515 0.184319 0.014533 0.016787
1.0 0.692715 0.210638 0.028728 0.069424
0.0 0.657094 0.253956 0.017717 0.028584
0.0 0.685846 0.277783 0.025210 0.055545
0.0 0.724529 0.188211 0.002505 0.008843
1.0 0.781566 0.228674 0.041786 0.099149
1.0 0.733048 0.184319 0.014533 0.016787
1.0 0.758847 0.210638 0.028728 0.069424
0.0 0.794469 0.253956 0.017717 0.028584
0.0 0.765716 0.277783 0.025210 0.055545
0.0 0.727034 0.188211 0.002505 0.008843
1.0 0.850726 0.228674 0.041786 0.099149
1.0 0.899244 0.184319 0.014533 0.016787
1.0 0.873444 0.210638 0.028728 0.069424
0.0 0.837823 0.253956 0.017717 0.028584
0.0 0.866575 0.277783 0.025210 0.055545
0.0 0.905258 0.188211 0.002505 0.008843
1.0 0.962295 0.228674 0.041786 0.099149
1.0 0.913777 0.184319 0.014533 0.016787
1.0 0.939577 0.210638 0.028728 0.069424
0.0 0.975198 0.253956 0.017717 0.028584
0.0 0.946446 0.277783 0.025210 0.055545
0.0 0.907763 0.188211 0.002505 0.008843
1.0 0.001432 0.426792 0.002865 0.016787
0.0 0.001612 0.422901 0.002505 0.008843
1.0 0.058649 0.382437 0.041786 0.099149
1.0 0.010131 0.426792 0.014533 0.016787
1.0 0.035931 0.400473 0.028728 0.069424
0.0 0.071552 0.357155 0.017717 0.028584
0.0 0.042800 0.333328 0.025210 0.055545
0.0 0.004117 0.422901 0.002505 0.008843
1.0 0.127809 0.382437 0.041786 0.099149
1.0 0.176327 0.426792 0.014533 0.016787
1.0 0.150528 0.400473 0.028728 0.069424
0.0 0.114906 0.357155 0.017717 0.028584
0.0 0.143659 0.333328 0.025210 0.055545
0.0 0.182341 0.422901 0.002505 0.008843
1.0 0.239378 0.382437 0.041786 0.099149
1.0 0.190860 0.426792 0.014533 0.016787
1.0 0.216660 0.400473 0.028728 0.069424
0.0 0.252281 0.357155 0.017717 0.028584
0.0 0.223529 0.333328 0.025210 0.055545
0.0 0.184846 0.422901 0.002505 0.008843
1.0 0.308538 0.382437 0.041786 0.099149
1.0 0.357056 0.426792 0.014533 0.016787
1.0 0.331257 0.400473 0.028728 0.069424
0.0 0.295636 0.357155 0.017717 0.028584
0.0 0.324388 0.333328 0.025210 0.055545
0.0 0.363070 0.422901 0.002505 0.008843
1.0 0.420108 0.382437 0.041786 0.099149
1.0 0.371590 0.426792 0.014533 0.016787
1.0 0.397389 0.400473 0.028728 0.069424
0.0 0.433010 0.357155 0.017717 0.028584
0.0 0.404258 0.333328 0.025210 0.055545
0.0 0.365575 0.422901 0.002505 0.008843
1.0 0.489267 0.382437 0.041786 0.099149
1.0 0.537785 0.426792 0.014533 0.016787
1.0 0.511986 0.400473 0.028728 0.069424
0.0 0.476365 0.357155 0.017717 0.028584
0.0 0.505117 0.333328 0.025210 0.055545
0.0 0.543800 0.422901 0.002505 0.008843
1.0 0.600837 0.382437 0.041786 0.099149
1.0 0.552319 0.426792 0.014533 0.016787
1.0 0.578118 0.400473 0.028728 0.069424
0.0 0.613739 0.357155 0.017717 0.028584
0.0 0.584987 0.333328 0.025210 0.055545
0.0 0.546305 0.422901 0.002505 0.008843
1.0 0.669997 0.382437 0.041786 0.099149
1.0 0.718515 0.426792 0.014533 0.016787
1.0 0.692715 0.400473 0.028728 0.069424
0.0 0.657094 0.357155 0.017717 0.028584
0.0 0.685846 0.333328 0.025210 0.055545
0.0 0.724529 0.422901 0.002505 0.008843
1.0 0.781566 0.382437 0.041786 0.099149
1.0 0.733048 0.426792 0.014533 0.016787
1.0 0.758847 0.400473 0.028728 0.069424
0.0 0.794469 0.357155 0.017717 0.028584
0.0 0.765716 0.333328 0.025210 0.055545
0.0 0.727034 0.422901 0.002505 0.008843
1.0 0.850726 0.382437 0.041786 0.099149
1.0 0.899244 0.426792 0.014533 0.016787
1.0 0.873444 0.400473 0.028728 0.069424
0.0 0.837823 0.357155 0.017717 0.028584
0.0 0.866575 0.333328 0.025210 0.055545
0.0 0.905258 0.422901 0.002505 0.008843
1.0 0.962295 0.382437 0.041786 0.099149
1.0 0.913777 0.426792 0.014533 0.016787
1.0 0.939577 0.400473 0.028728 0.069424
0.0 0.975198 0.357155 0.017717 0.028584
0.0 0.946446 0.333328 0.025210 0.055545
0.0 0.907763 0.422901 0.002505 0.008843
1.0 0.001432 0.443579 0.002865 0.016787
0.0 0.001612 0.447470 0.002505 0.008843
1.0 0.058649 0.487933 0.041786 0.099149
1.0 0.010131 0.443579 0.014533 0.016787
1.0 0.035931 0.469897 0.028728 0.069424
0.0 0.071552 0.513215 0.017717 0.028584
0.0 0.042800 0.537042 0.025210 0.055545
0.0 0.004117 0.447470 0.002505 0.008843
1.0 0.127809 0.487933 0.041786 0.099149
1.0 0.176327 0.443579 0.014533 0.016787
1.0 0.150528 0.469897 0.028728 0.069424
0.0 0.114906 0.513215 0.017717 0.028584
0.0 0.143659 0.537042 0.025210 0.055545
0.0 0.182341 0.447470 0.002505 0.008843
1.0 0.239378 0.487933 0.041786 0.099149
1.0 0.190860 0.443579 0.014533 0.016787
1.0 0.216660 0.469897 0.028728 0.069424
0.0 0.252281 0.513215 0.017717 0.028584
0.0 0.223529 0.537042 0.025210 0.055545
0.0 0.184846 0.447470 0.002505 0.008843
1.0 0.308538 0.487933 0.041786 0.099149
1.0 0.357056 0.443579 0.014533 0.016787
1.0 0.331257 0.469897 0.028728 0.069424
0.0 0.295636 0.513215 0.017717 0.028584
0.0 0.324388 0.537042 0.025210 0.055545
0.0 0.363070 0.447470 0.002505 0.008843
1.0 0.420108 0.487933 0.041786 0.099149
1.0 0.371590 0.443579 0.014533 0.016787
1.0 0.397389 0.469897 0.028728 0.069424
0.0 0.433010 0.513215 0.017717 0.028584
0.0 0.404258 0.537042 0.025210 0.055545
0.0 0.365575 0.447470 0.002505 0.008843
1.0 0.489267 0.487933 0.041786 0.099149
1.0 0.537785 0.443579 0.014533 0.016787
1.0 0.511986 0.469897 0.028728 0.069424
0.0 0.476365 0.513215 0.017717 0.028584
0.0 0.505117 0.537042 0.025210 0.055545
0.0 0.543800 0.447470 0.002505 0.008843
1.0 0.600837 0.487933 0.041786 0.099149
1.0 0.552319 0.443579 0.014533 0.016787
1.0 0.578118 0.469897 0.028728 0.069424
0.0 0.613739 0.513215 0.017717 0.028584
0.0 0.584987 0.537042 0.025210 0.055545
0.0 0.546305 0.447470 0.002505 0.008843
1.0 0.669997 0.487933 0.041786 0.099149
1.0 0.718515 0.443579 0.014533 0.016787
1.0 0.692715 0.469897 0.028728 0.069424
0.0 0.657094 0.513215 0.017717 0.028584
0.0 0.685846 0.537042 0.025210 0.055545
0.0 0.724529 0.447470 0.002505 0.008843
1.0 0.781566 0.487933 0.041786 0.099149
1.0 0.733048 0.443579 0.014533 0.016787
1.0 0.758847 0.469897 0.028728 0.069424
0.0 0.794469 0.513215 0.017717 0.028584
0.0 0.765716 0.537042 0.025210 0.055545
0.0 0.727034 0.447470 0.002505 0.008843
1.0 0.850726 0.487933 0.041786 0.099149
1.0 0.899244 0.443579 0.014533 0.016787
1.0 0.873444 0.469897 0.028728 0.069424
0.0 0.837823 0.513215 0.017717 0.028584
0.0 0.866575 0.537042 0.025210 0.055545
0.0 0.905258 0.447470 0.002505 0.008843
1.0 0.962295 0.487933 0.041786 0.099149
1.0 0.913777 0.443579 0.014533 0.016787
1.0 0.939577 0.469897 0.028728 0.069424
0.0 0.975198 0.513215 0.017717 0.028584
0.0 0.946446 0.537042 0.025210 0.055545
0.0 0.907763 0.447470 0.002505 0.008843
1.0 0.001432 0.686051 0.002865 0.016787
0.0 0.001612 0.682160 0.002505 0.008843
1.0 0.058649 0.641696 0.041786 0.099149
1.0 0.010131 0.686051 0.014533 0.016787
1.0 0.035931 0.659733 0.028728 0.069424
0.0 0.071552 0.616415 0.017717 0.028584
0.0 0.042800 0.592587 0.025210 0.055545
0.0 0.004117 0.682160 0.002505 0.008843
1.0 0.127809 0.641696 0.041786 0.099149
1.0 0.176327 0.686051 0.014533 0.016787
1.0 0.150528 0.659733 0.028728 0.069424
0.0 0.114906 0.616415 0.017717 0.028584
0.0 0.143659 0.592587 0.025210 0.055545
0.0 0.182341 0.682160 0.002505 0.008843
1.0 0.239378 0.641696 0.041786 0.099149
1.0 0.190860 0.686051 0.014533 0.016787
1.0 0.216660 0.659733 0.028728 0.069424
0.0 0.252281 0.616415 0.017717 0.028584
0.0 0.223529 0.592587 0.025210 0.055545
0.0 0.184846 0.682160 0.002505 0.008843
1.0 0.308538 0.641696 0.041786 0.099149
1.0 0.357056 0.686051 0.014533 0.016787
1.0 0.331257 0.659733 0.028728 0.069424
0.0 0.295636 0.616415 0.017717 0.028584
0.0 0.324388 0.592587 0.025210 0.055545
0.0 0.363070 0.682160 0.002505 0.008843
1.0 0.420108 0.641696 0.041786 0.099149
1.0 0.371590 0.686051 0.014533 0.016787
1.0 0.397389 0.659733 0.028728 0.069424
0.0 0.433010 0.616415 0.017717 0.028584
0.0 0.404258 0.592587 0.025210 0.055545
0.0 0.365575 0.682160 0.002505 0.008843
1.0 0.489267 0.641696 0.041786 0.099149
1.0 0.537785 0.686051 0.014533 0.016787
1.0 0.511986 0.659733 0.028728 0.069424
0.0 0.476365 0.616415 0.017717 0.028584
0.0 0.505117 0.592587 0.025210 0.055545
0.0 0.543800 0.682160 0.002505 0.008843
1.0 0.600837 0.641696 0.041786 0.099149
1.0 0.552319 0.686051 0.014533 0.016787
1.0 0.578118 0.659733 0.028728 0.069424
0.0 0.613739 0.616415 0.017717 0.028584
0.0 0.584987 0.592587 0.025210 0.055545
0.0 0.546305 0.682160 0.002505 0.008843
1.0 0.669997 0.641696 0.041786 0.099149
1.0 0.718515 0.686051 0.014533 0.016787
1.0 0.692715 0.659733 0.028728 0.069424
0.0 0.657094 0.616415 0.017717 0.028584
0.0 0.685846 0.592587 0.025210 0.055545
0.0 0.724529 0.682160 0.002505 0.008843
1.0 0.781566 0.641696 0.041786 0.099149
1.0 0.733048 0.686051 0.014533 0.016787
1.0 0.758847 0.659733 0.028728 0.069424
0.0 0.794469 0.616415 0.017717 0.028584
0.0 0.765716 0.592587 0.025210 0.055545
0.0 0.727034 0.682160 0.002505 0.008843
1.0 0.850726 0.641696 0.041786 0.099149
1.0 0.899244 0.686051 0.014533 0.016787
1.0 0.873444 0.659733 0.028728 0.069424
0.0 0.837823 0.616415 0.017717 0.028584
0.0 0.866575 0.592587 0.025210 0.055545
0.0 0.905258 0.682160 0.002505 0.008843
1.0 0.962295 0.641696 0.041786 0.099149
1.0 0.913777 0.686051 0.014533 0.016787
1.0 0.939577 0.659733 0.028728 0.069424
0.0 0.975198 0.616415 0.017717 0.028584
0.0 0.946446 0.592587 0.025210 0.055545
0.0 0.907763 0.682160 0.002505 0.008843
1.0 0.001432 0.702838 0.002865 0.016787
0.0 0.001612 0.706729 0.002505 0.008843
1.0 0.058649 0.747192 0.041786 0.099149
1.0 0.010131 0.702838 0.014533 0.016787
1.0 0.035931 0.729156 0.028728 0.069424
0.0 0.071552 0.772474 0.017717 0.028584
0.0 0.042800 0.796302 0.025210 0.055545
0.0 0.004117 0.706729 0.002505 0.008843
1.0 0.127809 0.747192 0.041786 0.099149
1.0 0.176327 0.702838 0.014533 0.016787
1.0 0.150528 0.729156 0.028728 0.069424
0.0 0.114906 0.772474 0.017717 0.028584
0.0 0.143659 0.796302 0.025210 0.055545
0.0 0.182341 0.706729 0.002505 0.008843
1.0 0.239378 0.747192 0.041786 0.099149
1.0 0.190860 0.702838 0.014533 0.016787
1.0 0.216660 0.729156 0.028728 0.069424
0.0 0.252281 0.772474 0.017717 0.028584
0.0 0.223529 0.796302 0.025210 0.055545
0.0 0.184846 0.706729 0.002505 0.008843
1.0 0.308538 0.747192 0.041786 0.099149
1.0 0.357056 0.702838 0.014533 0.016787
1.0 0.331257 0.729156 0.028728 0.069424
0.0 0.295636 0.772474 0.017717 0.028584
0.0 0.324388 0.796302 0.025210 0.055545
0.0 0.363070 0.706729 0.002505 0.008843
1.0 0.420108 0.747192 0.041786 0.099149
1.0 0.371590 0.702838 0.014533 0.016787
1.0 0.397389 0.729156 0.028728 0.069424
0.0 0.433010 0.772474 0.017717 0.028584
0.0 0.404258 0.796302 0.025210 0.055545
0.0 0.365575 0.706729 0.002505 0.008843
1.0 0.489267 0.747192 0.041786 0.099149
1.0 0.537785 0.702838 0.014533 0.016787
1.0 0.511986 0.729156 0.028728 0.069424
0.0 0.476365 0.772474 0.017717 0.028584
0.0 0.505117 0.796302 0.025210 0.055545
0.0 0.543800 0.706729 0.002505 0.008843
1.0 0.600837 0.747192 0.041786 0.099149
1.0 0.552319 0.702838 0.014533 0.016787
1.0 0.578118 0.729156 0.028728 0.069424
0.0 0.613739 0.772474 0.017717 0.028584
0.0 0.584987 0.796302 0.025210 0.055545
0.0 0.546305 0.706729 0.002505 0.008843
1.0 0.669997 0.747192 0.041786 0.099149
1.0 0.718515 0.702838 0.014533 0.016787
1.0 0.692715 0.729156 0.028728 0.069424
0.0 0.657094 0.772474 0.017717 0.028584
0.0 0.685846 0.796302 0.025210 0.055545
0.0 0.724529 0.706729 0.002505 0.008843
1.0 0.781566 0.747192 0.041786 0.099149
1.0 0.733048 0.702838 0.014533 0.016787
1.0 0.758847 0.729156 0.028728 0.069424
0.0 0.794469 0.772474 0.017717 0.028584
0.0 0.765716 0.796302 0.025210 0.055545
0.0 0.727034 0.706729 0.002505 0.008843
1.0 0.850726 0.747192 0.041786 0.099149
1.0 0.899244 0.702838 0.014533 0.016787
1.0 0.873444 0.729156 0.028728 0.069424
0.0 0.837823 0.772474 0.017717 0.028584
0.0 0.866575 0.796302 0.025210 0.055545
0.0 0.905258 0.706729 0.002505 0.008843
1.0 0.962295 0.747192 0.041786 0.099149
1.0 0.913777 0.702838 0.014533 0.016787
1.0 0.939577 0.729156 0.028728 0.069424
0.0 0.975198 0.772474 0.017717 0.028584
0.0 0.946446 0.796302 0.025210 0.055545
0.0 0.907763 0.706729 0.002505 0.008843
1.0 0.001432 0.945310 0.002865 0.016787
0.0 0.001612 0.941419 0.002505 0.008843
1.0 0.058649 0.900956 0.041786 0.099149
1.0 0.010131 0.945310 0.014533 0.016787
1.0 0.035931 0.918992 0.028728 0.069424
0.0 0.071552 0.875674 0.017717 0.028584
0.0 0.042800 0.851846 0.025210 0.055545
0.0 0.004117 0.941419 0.002505 0.008843
1.0 0.127809 0.900956 0.041786 0.099149
1.0 0.176327 0.945310 0.014533 0.016787
1.0 0.150528 0.918992 0.028728 0.069424
0.0 0.114906 0.875674 0.017717 0.028584
0.0 0.143659 0.851846 0.025210 0.055545
0.0 0.182341 0.941419 0.002505 0.008843
1.0 0.239378 0.900956 0.041786 0.099149
1.0 0.190860 0.945310 0.014533 0.016787
1.0 0.216660 0.918992 0.028728 0.069424
0.0 0.252281 0.875674 0.017717 0.028584
0.0 0.223529 0.851846 0.025210 0.055545
0.0 0.184846 0.941419 0.002505 0.008843
1.0 0.308538 0.900956 0.041786 0.099149
1.0 0.357056 0.945310 0.014533 0.016787
1.0 0.331257 0.918992 0.028728 0.069424
0.0 0.295636 0.875674 0.017717 0.028584
0.0 0.324388 0.851846 0.025210 0.055545
0.0 0.363070 0.941419 0.002505 0.008843
1.0 0.420108 0.900956 0.041786 0.099149
1.0 0.371590 0.945310 0.014533 0.016787
1.0 0.397389 0.918992 0.028728 0.069424
0.0 0.433010 0.875674 0.017717 0.028584
0.0 0.404258 0.851846 0.025210 0.055545
0.0 0.365575 0.941419 0.002505 0.008843
1.0 0.489267 0.900956 0.041786 0.099149
1.0 0.537785 0.945310 0.014533 0.016787
1.0 0.511986 0.918992 0.028728 0.069424
0.0 0.476365 0.875674 0.017717 0.028584
0.0 0.505117 0.851846 0.025210 0.055545
0.0 0.543800 0.941419 0.002505 0.008843
1.0 0.600837 0.900956 0.041786 0.099149
1.0 0.552319 0.945310 0.014533 0.016787
1.0 0.578118 0.918992 0.028728 0.069424
0.0 0.613739 0.875674 0.017717 0.028584
0.0 0.584987 0.851846 0.025210 0.055545
0.0 0.546305 0.941419 0.002505 0.008843
1.0 0.669997 0.900956 0.041786 0.099149
1.0 0.718515 0.945310 0.014533 0.016787
1.0 0.692715 0.918992 0.028728 0.069424
0.0 0.657094 0.875674 0.017717 0.028584
0.0 0.685846 0.851846 0.025210 0.055545
0.0 0.724529 0.941419 0.002505 0.008843
1.0 0.781566 0.900956 0.041786 0.099149
1.0 0.733048 0.945310 0.014533 0.016787
1.0 0.758847 0.918992 0.028728 0.069424
0.0 0.794469 0.875674 0.017717 0.028584
0.0 0.765716 0.851846 0.025210 0.055545
0.0 0.727034 0.941419 0.002505 0.008843
1.0 0.850726 0.900956 0.041786 0.099149
1.0 0.899244 0.945310 0.014533 0.016787
1.0 0.873444 0.918992 0.028728 0.069424
0.0 0.837823 0.875674 0.017717 0.028584
0.0 0.866575 0.851846 0.025210 0.055545
0.0 0.905258 0.941419 0.002505 0.008843
1.0 0.962295 0.900956 0.041786 0.099149
1.0 0.913777 0.945310 0.014533 0.016787
1.0 0.939577 0.918992 0.028728 0.069424
0.0 0.975198 0.875674 0.017717 0.028584
0.0 0.946446 0.851846 0.025210 0.055545
0.0 0.907763 0.941419 0.002505 0.008843
1.0 0.001432 0.962097 0.002865 0.016787
0.0 0.001612 0.965988 0.002505 0.008843
1.0 0.058649 0.978439 0.041786 0.043123
1.0 0.010131 0.962097 0.014533 0.016787
1.0 0.035931 0.976852 0.028728 0.046296
0.0 0.004117 0.965988 0.002505 0.008843
1.0 0.127809 0.978439 0.041786 0.043123
1.0 0.176327 0.962097 0.014533 0.016787
1.0 0.150528 0.976852 0.028728 0.046296
0.0 0.182341 0.965988 0.002505 0.008843
1.0 0.239378 0.978439 0.041786 0.043123
1.0 0.190860 0.962097 0.014533 0.016787
1.0 0.216660 0.976852 0.028728 0.046296
0.0 0.184846 0.965988 0.002505 0.008843
1.0 0.308538 0.978439 0.041786 0.043123
1.0 0.357056 0.962097 0.014533 0.016787
1.0 0.331257 0.976852 0.028728 0.046296
0.0 0.363070 0.965988 0.002505 0.008843
1.0 0.420108 0.978439 0.041786 0.043123
1.0 0.371590 0.962097 0.014533 0.016787
1.0 0.397389 0.976852 0.028728 0.046296
0.0 0.365575 0.965988 0.002505 0.008843
1.0 0.489267 0.978439 0.041786 0.043123
1.0 0.537785 0.962097 0.014533 0.016787
1.0 0.511986 0.976852 0.028728 0.046296
0.0 0.543800 0.965988 0.002505 0.008843
1.0 0.600837 0.978439 0.041786 0.043123
1.0 0.552319 0.962097 0.014533 0.016787
1.0 0.578118 0.976852 0.028728 0.046296
0.0 0.546305 0.965988 0.002505 0.008843
1.0 0.669997 0.978439 0.041786 0.043123
1.0 0.718515 0.962097 0.014533 0.016787
1.0 0.692715 0.976852 0.028728 0.046296
0.0 0.724529 0.965988 0.002505 0.008843
1.0 0.781566 0.978439 0.041786 0.043123
1.0 0.733048 0.962097 0.014533 0.016787
1.0 0.758847 0.976852 0.028728 0.046296
0.0 0.727034 0.965988 0.002505 0.008843
1.0 0.850726 0.978439 0.041786 0.043123
1.0 0.899244 0.962097 0.014533 0.016787
1.0 0.873444 0.976852 0.028728 0.046296
0.0 0.905258 0.965988 0.002505 0.008843
1.0 0.962295 0.978439 0.041786 0.043123
1.0 0.913777 0.962097 0.014533 0.016787
1.0 0.939577 0.976852 0.028728 0.046296
0.0 0.907763 0.965988 0.002505 0.008843
