1.0 0.144641 0.090278 0.269521 0.180556
1.0 0.495984 0.090278 0.269521 0.180556
1.0 0.863391 0.090278 0.269521 0.180556
0.0 0.221396 0.715037 0.160562 0.208814
0.0 0.046684 0.615132 0.093368 0.175580
1.0 0.144641 0.463748 0.269521 0.566385
0.0 0.084102 0.681694 0.103388 0.161476
0.0 0.169655 0.633401 0.168330 0.259487
0.0 0.419229 0.715037 0.160562 0.208814
0.0 0.602160 0.615132 0.109806 0.175580
1.0 0.495984 0.463748 0.269521 0.566385
0.0 0.556523 0.681694 0.103388 0.161476
0.0 0.470970 0.633401 0.168330 0.259487
0.0 0.929933 0.715037 0.140135 0.208814
0.0 0.757215 0.615132 0.109806 0.175580
1.0 0.863391 0.463748 0.269521 0.566385
0.0 0.802852 0.681694 0.103388 0.161476
0.0 0.888405 0.633401 0.168330 0.259487
0.0 0.221396 0.909722 0.160562 0.180556
0.0 0.046684 0.967983 0.093368 0.064033
1.0 0.144641 0.945974 0.269521 0.108052
0.0 0.084102 0.938228 0.103388 0.123543
0.0 0.169655 0.937872 0.168330 0.124256
0.0 0.419229 0.909722 0.160562 0.180556
0.0 0.602160 0.967983 0.109806 0.064033
1.0 0.495984 0.945974 0.269521 0.108052
0.0 0.556523 0.938228 0.103388 0.123543
0.0 0.470970 0.937872 0.168330 0.124256
0.0 0.929933 0.909722 0.140135 0.180556
0.0 0.757215 0.967983 0.109806 0.064033
1.0 0.863391 0.945974 0.269521 0.108052
0.0 0.802852 0.938228 0.103388 0.123543
0.0 0.888405 0.937872 0.168330 0.124256
