1.0 0.135165 0.141129 0.017714 0.032671
1.0 0.158074 0.147021 0.013860 0.031415
1.0 0.271244 0.142143 0.043536 0.103530
1.0 0.319105 0.190095 0.018945 0.033238
1.0 0.345766 0.196718 0.015293 0.032035
1.0 0.213327 0.128361 0.042014 0.101841
1.0 0.165497 0.149480 0.009659 0.028362
1.0 0.313477 0.188361 0.008651 0.028097
1.0 0.337797 0.194624 0.011615 0.028145
1.0 0.142420 0.141890 0.010663 0.026190
1.0 0.286999 0.180768 0.009120 0.012385
1.0 0.249425 0.170260 0.008134 0.031372
1.0 0.239974 0.167395 0.027605 0.037706
1.0 0.228987 0.165653 0.006354 0.028956
1.0 0.302932 0.182537 0.004847 0.003710
0.0 0.277894 0.095279 0.038695 0.031397
0.0 0.214473 0.078796 0.039300 0.031904
1.0 0.283088 0.025721 0.043536 0.051442
1.0 0.225405 0.017003 0.042014 0.034006
0.0 0.281828 0.047957 0.038695 0.031397
0.0 0.218437 0.031120 0.039300 0.031904
1.0 0.571866 0.141129 0.017714 0.032671
1.0 0.548958 0.147021 0.013860 0.031415
1.0 0.435787 0.142143 0.043536 0.103530
1.0 0.387927 0.190095 0.018945 0.033238
1.0 0.361265 0.196718 0.015293 0.032035
1.0 0.493704 0.128361 0.042014 0.101841
1.0 0.541535 0.149480 0.009659 0.028362
1.0 0.393555 0.188361 0.008651 0.028097
1.0 0.369234 0.194624 0.011615 0.028145
1.0 0.564611 0.141890 0.010663 0.026190
1.0 0.420032 0.180768 0.009120 0.012385
1.0 0.457606 0.170260 0.008134 0.031372
1.0 0.467057 0.167395 0.027605 0.037706
1.0 0.478044 0.165653 0.006354 0.028956
1.0 0.404100 0.182537 0.004847 0.003710
0.0 0.429137 0.095279 0.038695 0.031397
0.0 0.492558 0.078796 0.039300 0.031904
1.0 0.423943 0.025721 0.043536 0.051442
1.0 0.481626 0.017003 0.042014 0.034006
0.0 0.425203 0.047957 0.038695 0.031397
0.0 0.488594 0.031120 0.039300 0.031904
1.0 0.721103 0.141129 0.017714 0.032671
1.0 0.744011 0.147021 0.013860 0.031415
1.0 0.857182 0.142143 0.043536 0.103530
1.0 0.905042 0.190095 0.018945 0.033238
1.0 0.931704 0.196718 0.015293 0.032035
1.0 0.799265 0.128361 0.042014 0.101841
1.0 0.751434 0.149480 0.009659 0.028362
1.0 0.899414 0.188361 0.008651 0.028097
1.0 0.923735 0.194624 0.011615 0.028145
1.0 0.728358 0.141890 0.010663 0.026190
1.0 0.872936 0.180768 0.009120 0.012385
1.0 0.835363 0.170260 0.008134 0.031372
1.0 0.825912 0.167395 0.027605 0.037706
1.0 0.814924 0.165653 0.006354 0.028956
1.0 0.888869 0.182537 0.004847 0.003710
0.0 0.863832 0.095279 0.038695 0.031397
0.0 0.800411 0.078796 0.039300 0.031904
1.0 0.869026 0.025721 0.043536 0.051442
1.0 0.811342 0.017003 0.042014 0.034006
0.0 0.867766 0.047957 0.038695 0.031397
0.0 0.804374 0.031120 0.039300 0.031904
1.0 0.973864 0.190095 0.018945 0.033238
1.0 0.947203 0.196718 0.015293 0.032035
1.0 0.979492 0.188361 0.008651 0.028097
1.0 0.955172 0.194624 0.011615 0.028145
1.0 0.990037 0.182537 0.004847 0.003710
0.0 0.997863 0.095279 0.004273 0.031397
1.0 0.994056 0.025721 0.011887 0.051442
0.0 0.995896 0.047957 0.008207 0.031397
1.0 0.135165 0.511649 0.017714 0.032671
1.0 0.158074 0.505757 0.013860 0.031415
1.0 0.271244 0.510635 0.043536 0.103530
1.0 0.319105 0.462683 0.018945 0.033238
1.0 0.345766 0.456060 0.015293 0.032035
1.0 0.213327 0.524417 0.042014 0.101841
1.0 0.165497 0.503298 0.009659 0.028362
1.0 0.313477 0.464416 0.008651 0.028097
1.0 0.337797 0.458153 0.011615 0.028145
1.0 0.142420 0.510888 0.010663 0.026190
1.0 0.286999 0.472010 0.009120 0.012385
1.0 0.249425 0.482518 0.008134 0.031372
1.0 0.239974 0.485383 0.027605 0.037706
1.0 0.228987 0.487125 0.006354 0.028956
1.0 0.302932 0.470241 0.004847 0.003710
0.0 0.277894 0.557498 0.038695 0.031397
0.0 0.214473 0.573982 0.039300 0.031904
1.0 0.283088 0.637474 0.043536 0.072275
1.0 0.336705 0.665691 0.018945 0.015841
1.0 0.225405 0.646192 0.042014 0.054839
1.0 0.331035 0.667594 0.008651 0.012035
0.0 0.281828 0.604821 0.038695 0.031397
0.0 0.218437 0.621658 0.039300 0.031904
1.0 0.571866 0.511649 0.017714 0.032671
1.0 0.548958 0.505757 0.013860 0.031415
1.0 0.435787 0.510635 0.043536 0.103530
1.0 0.387927 0.462683 0.018945 0.033238
1.0 0.361265 0.456060 0.015293 0.032035
1.0 0.493704 0.524417 0.042014 0.101841
1.0 0.541535 0.503298 0.009659 0.028362
1.0 0.393555 0.464416 0.008651 0.028097
1.0 0.369234 0.458153 0.011615 0.028145
1.0 0.564611 0.510888 0.010663 0.026190
1.0 0.420032 0.472010 0.009120 0.012385
1.0 0.457606 0.482518 0.008134 0.031372
1.0 0.467057 0.485383 0.027605 0.037706
1.0 0.478044 0.487125 0.006354 0.028956
1.0 0.404100 0.470241 0.004847 0.003710
0.0 0.429137 0.557498 0.038695 0.031397
0.0 0.492558 0.573982 0.039300 0.031904
1.0 0.423943 0.637474 0.043536 0.072275
1.0 0.370326 0.665691 0.018945 0.015841
1.0 0.481626 0.646192 0.042014 0.054839
1.0 0.375996 0.667594 0.008651 0.012035
0.0 0.425203 0.604821 0.038695 0.031397
0.0 0.488594 0.621658 0.039300 0.031904
1.0 0.721103 0.511649 0.017714 0.032671
1.0 0.744011 0.505757 0.013860 0.031415
1.0 0.857182 0.510635 0.043536 0.103530
1.0 0.905042 0.462683 0.018945 0.033238
1.0 0.931704 0.456060 0.015293 0.032035
1.0 0.799265 0.524417 0.042014 0.101841
1.0 0.751434 0.503298 0.009659 0.028362
1.0 0.899414 0.464416 0.008651 0.028097
1.0 0.923735 0.458153 0.011615 0.028145
1.0 0.728358 0.510888 0.010663 0.026190
1.0 0.872936 0.472010 0.009120 0.012385
1.0 0.835363 0.482518 0.008134 0.031372
1.0 0.825912 0.485383 0.027605 0.037706
1.0 0.814924 0.487125 0.006354 0.028956
1.0 0.888869 0.470241 0.004847 0.003710
0.0 0.863832 0.557498 0.038695 0.031397
0.0 0.800411 0.573982 0.039300 0.031904
1.0 0.869026 0.637474 0.043536 0.072275
1.0 0.922643 0.665691 0.018945 0.015841
1.0 0.811342 0.646192 0.042014 0.054839
1.0 0.916973 0.667594 0.008651 0.012035
0.0 0.867766 0.604821 0.038695 0.031397
0.0 0.804374 0.621658 0.039300 0.031904
1.0 0.973864 0.462683 0.018945 0.033238
1.0 0.947203 0.456060 0.015293 0.032035
1.0 0.979492 0.464416 0.008651 0.028097
1.0 0.955172 0.458153 0.011615 0.028145
1.0 0.990037 0.470241 0.004847 0.003710
0.0 0.997863 0.557498 0.004273 0.031397
1.0 0.994056 0.637474 0.011887 0.072275
1.0 0.956264 0.665691 0.018945 0.015841
1.0 0.961933 0.667594 0.008651 0.012035
0.0 0.995896 0.604821 0.008207 0.031397
1.0 0.135165 0.835573 0.017714 0.032671
1.0 0.158074 0.841465 0.013860 0.031415
1.0 0.271244 0.836587 0.043536 0.103530
1.0 0.319105 0.884539 0.018945 0.033238
1.0 0.345766 0.891163 0.015293 0.032035
1.0 0.213327 0.822805 0.042014 0.101841
1.0 0.165497 0.843924 0.009659 0.028362
1.0 0.313477 0.882806 0.008651 0.028097
1.0 0.337797 0.889069 0.011615 0.028145
1.0 0.142420 0.836334 0.010663 0.026190
1.0 0.286999 0.875213 0.009120 0.012385
1.0 0.249425 0.864704 0.008134 0.031372
1.0 0.239974 0.861839 0.027605 0.037706
1.0 0.228987 0.860097 0.006354 0.028956
1.0 0.302932 0.876981 0.004847 0.003710
0.0 0.277894 0.789724 0.038695 0.031397
0.0 0.214473 0.773241 0.039300 0.031904
1.0 0.283088 0.709749 0.043536 0.072275
1.0 0.336705 0.681531 0.018945 0.015841
1.0 0.225405 0.701031 0.042014 0.054839
1.0 0.331035 0.679629 0.008651 0.012035
0.0 0.281828 0.742401 0.038695 0.031397
0.0 0.218437 0.725564 0.039300 0.031904
1.0 0.571866 0.835573 0.017714 0.032671
1.0 0.548958 0.841465 0.013860 0.031415
1.0 0.435787 0.836587 0.043536 0.103530
1.0 0.387927 0.884539 0.018945 0.033238
1.0 0.361265 0.891163 0.015293 0.032035
1.0 0.493704 0.822805 0.042014 0.101841
1.0 0.541535 0.843924 0.009659 0.028362
1.0 0.393555 0.882806 0.008651 0.028097
1.0 0.369234 0.889069 0.011615 0.028145
1.0 0.564611 0.836334 0.010663 0.026190
1.0 0.420032 0.875213 0.009120 0.012385
1.0 0.457606 0.864704 0.008134 0.031372
1.0 0.467057 0.861839 0.027605 0.037706
1.0 0.478044 0.860097 0.006354 0.028956
1.0 0.404100 0.876981 0.004847 0.003710
0.0 0.429137 0.789724 0.038695 0.031397
0.0 0.492558 0.773241 0.039300 0.031904
1.0 0.423943 0.709749 0.043536 0.072275
1.0 0.370326 0.681531 0.018945 0.015841
1.0 0.481626 0.701031 0.042014 0.054839
1.0 0.375996 0.679629 0.008651 0.012035
0.0 0.425203 0.742401 0.038695 0.031397
0.0 0.488594 0.725564 0.039300 0.031904
1.0 0.721103 0.835573 0.017714 0.032671
1.0 0.744011 0.841465 0.013860 0.031415
1.0 0.857182 0.836587 0.043536 0.103530
1.0 0.905042 0.884539 0.018945 0.033238
1.0 0.931704 0.891163 0.015293 0.032035
1.0 0.799265 0.822805 0.042014 0.101841
1.0 0.751434 0.843924 0.009659 0.028362
1.0 0.899414 0.882806 0.008651 0.028097
1.0 0.923735 0.889069 0.011615 0.028145
1.0 0.728358 0.836334 0.010663 0.026190
1.0 0.872936 0.875213 0.009120 0.012385
1.0 0.835363 0.864704 0.008134 0.031372
1.0 0.825912 0.861839 0.027605 0.037706
1.0 0.814924 0.860097 0.006354 0.028956
1.0 0.888869 0.876981 0.004847 0.003710
0.0 0.863832 0.789724 0.038695 0.031397
0.0 0.800411 0.773241 0.039300 0.031904
1.0 0.869026 0.709749 0.043536 0.072275
1.0 0.922643 0.681531 0.018945 0.015841
1.0 0.811342 0.701031 0.042014 0.054839
1.0 0.916973 0.679629 0.008651 0.012035
0.0 0.867766 0.742401 0.038695 0.031397
0.0 0.804374 0.725564 0.039300 0.031904
1.0 0.973864 0.884539 0.018945 0.033238
1.0 0.947203 0.891163 0.015293 0.032035
1.0 0.979492 0.882806 0.008651 0.028097
1.0 0.955172 0.889069 0.011615 0.028145
1.0 0.990037 0.876981 0.004847 0.003710
0.0 0.997863 0.789724 0.004273 0.031397
1.0 0.994056 0.709749 0.011887 0.072275
1.0 0.956264 0.681531 0.018945 0.015841
1.0 0.961933 0.679629 0.008651 0.012035
0.0 0.995896 0.742401 0.008207 0.031397
