1.0 0.018750 0.066667 0.037500 0.133333
1.0 0.087630 0.066898 0.041406 0.133796
1.0 0.030859 0.131019 0.019531 0.055556
1.0 0.072526 0.132639 0.017969 0.050463
1.0 0.024349 0.187731 0.002865 0.008796
1.0 0.028255 0.188426 0.002865 0.007407
0.0 0.028385 0.183565 0.003125 0.004167
1.0 0.232031 0.066667 0.039062 0.133333
1.0 0.162370 0.066898 0.041406 0.133796
1.0 0.219141 0.131019 0.019531 0.055556
1.0 0.177474 0.132639 0.017969 0.050463
1.0 0.225651 0.187731 0.002865 0.008796
1.0 0.221745 0.188426 0.002865 0.007407
0.0 0.221615 0.183565 0.003125 0.004167
1.0 0.317969 0.066667 0.039062 0.133333
1.0 0.387630 0.066898 0.041406 0.133796
1.0 0.330859 0.131019 0.019531 0.055556
1.0 0.372526 0.132639 0.017969 0.050463
1.0 0.324349 0.187731 0.002865 0.008796
1.0 0.328255 0.188426 0.002865 0.007407
0.0 0.328385 0.183565 0.003125 0.004167
1.0 0.532031 0.066667 0.039062 0.133333
1.0 0.462370 0.066898 0.041406 0.133796
1.0 0.519141 0.131019 0.019531 0.055556
1.0 0.477474 0.132639 0.017969 0.050463
1.0 0.525651 0.187731 0.002865 0.008796
1.0 0.521745 0.188426 0.002865 0.007407
0.0 0.521615 0.183565 0.003125 0.004167
1.0 0.617969 0.066667 0.039062 0.133333
1.0 0.687630 0.066898 0.041406 0.133796
1.0 0.630859 0.131019 0.019531 0.055556
1.0 0.672526 0.132639 0.017969 0.050463
1.0 0.624349 0.187731 0.002865 0.008796
1.0 0.628255 0.188426 0.002865 0.007407
0.0 0.628385 0.183565 0.003125 0.004167
1.0 0.832031 0.066667 0.039062 0.133333
1.0 0.762370 0.066898 0.041406 0.133796
1.0 0.819141 0.131019 0.019531 0.055556
1.0 0.777474 0.132639 0.017969 0.050463
1.0 0.825651 0.187731 0.002865 0.008796
1.0 0.821745 0.188426 0.002865 0.007407
0.0 0.821615 0.183565 0.003125 0.004167
1.0 0.917969 0.066667 0.039062 0.133333
1.0 0.983464 0.066898 0.033073 0.133796
1.0 0.930859 0.131019 0.019531 0.055556
1.0 0.972526 0.132639 0.017969 0.050463
1.0 0.924349 0.187731 0.002865 0.008796
1.0 0.928255 0.188426 0.002865 0.007407
0.0 0.928385 0.183565 0.003125 0.004167
1.0 0.018750 0.580093 0.037500 0.137963
1.0 0.087630 0.581019 0.041406 0.140741
1.0 0.030859 0.513426 0.019531 0.055556
1.0 0.072526 0.511806 0.017969 0.050463
1.0 0.024349 0.456713 0.002865 0.008796
1.0 0.028255 0.456019 0.002865 0.007407
0.0 0.090625 0.664120 0.042708 0.026389
0.0 0.015885 0.663194 0.031771 0.029167
0.0 0.028385 0.460880 0.003125 0.004167
1.0 0.232031 0.580093 0.039062 0.137963
1.0 0.162370 0.581019 0.041406 0.140741
1.0 0.219141 0.513426 0.019531 0.055556
1.0 0.177474 0.511806 0.017969 0.050463
1.0 0.225651 0.456713 0.002865 0.008796
1.0 0.221745 0.456019 0.002865 0.007407
0.0 0.159375 0.664120 0.042708 0.026389
0.0 0.238672 0.663194 0.040885 0.029167
0.0 0.221615 0.460880 0.003125 0.004167
1.0 0.317969 0.580093 0.039062 0.137963
1.0 0.387630 0.581019 0.041406 0.140741
1.0 0.330859 0.513426 0.019531 0.055556
1.0 0.372526 0.511806 0.017969 0.050463
1.0 0.324349 0.456713 0.002865 0.008796
1.0 0.328255 0.456019 0.002865 0.007407
0.0 0.390625 0.664120 0.042708 0.026389
0.0 0.311328 0.663194 0.040885 0.029167
0.0 0.328385 0.460880 0.003125 0.004167
1.0 0.532031 0.580093 0.039062 0.137963
1.0 0.462370 0.581019 0.041406 0.140741
1.0 0.519141 0.513426 0.019531 0.055556
1.0 0.477474 0.511806 0.017969 0.050463
1.0 0.525651 0.456713 0.002865 0.008796
1.0 0.521745 0.456019 0.002865 0.007407
0.0 0.459375 0.664120 0.042708 0.026389
0.0 0.538672 0.663194 0.040885 0.029167
0.0 0.521615 0.460880 0.003125 0.004167
1.0 0.617969 0.580093 0.039062 0.137963
1.0 0.687630 0.581019 0.041406 0.140741
1.0 0.630859 0.513426 0.019531 0.055556
1.0 0.672526 0.511806 0.017969 0.050463
1.0 0.624349 0.456713 0.002865 0.008796
1.0 0.628255 0.456019 0.002865 0.007407
0.0 0.690625 0.664120 0.042708 0.026389
0.0 0.611328 0.663194 0.040885 0.029167
0.0 0.628385 0.460880 0.003125 0.004167
1.0 0.832031 0.580093 0.039062 0.137963
1.0 0.762370 0.581019 0.041406 0.140741
1.0 0.819141 0.513426 0.019531 0.055556
1.0 0.777474 0.511806 0.017969 0.050463
1.0 0.825651 0.456713 0.002865 0.008796
1.0 0.821745 0.456019 0.002865 0.007407
0.0 0.759375 0.664120 0.042708 0.026389
0.0 0.838672 0.663194 0.040885 0.029167
0.0 0.821615 0.460880 0.003125 0.004167
1.0 0.917969 0.580093 0.039062 0.137963
1.0 0.983464 0.581019 0.033073 0.140741
1.0 0.930859 0.513426 0.019531 0.055556
1.0 0.972526 0.511806 0.017969 0.050463
1.0 0.924349 0.456713 0.002865 0.008796
1.0 0.928255 0.456019 0.002865 0.007407
0.0 0.984635 0.664120 0.030729 0.026389
0.0 0.911328 0.663194 0.040885 0.029167
0.0 0.928385 0.460880 0.003125 0.004167
1.0 0.018750 0.775463 0.037500 0.137963
1.0 0.087630 0.774537 0.041406 0.140741
1.0 0.030859 0.842130 0.019531 0.055556
1.0 0.072526 0.843750 0.017969 0.050463
1.0 0.024349 0.898843 0.002865 0.008796
1.0 0.028255 0.899537 0.002865 0.007407
0.0 0.090625 0.691435 0.042708 0.026389
0.0 0.015885 0.692361 0.031771 0.029167
0.0 0.028385 0.894676 0.003125 0.004167
1.0 0.232031 0.775463 0.039062 0.137963
1.0 0.162370 0.774537 0.041406 0.140741
1.0 0.219141 0.842130 0.019531 0.055556
1.0 0.177474 0.843750 0.017969 0.050463
1.0 0.225651 0.898843 0.002865 0.008796
1.0 0.221745 0.899537 0.002865 0.007407
0.0 0.159375 0.691435 0.042708 0.026389
0.0 0.238672 0.692361 0.040885 0.029167
0.0 0.221615 0.894676 0.003125 0.004167
1.0 0.317969 0.775463 0.039062 0.137963
1.0 0.387630 0.774537 0.041406 0.140741
1.0 0.330859 0.842130 0.019531 0.055556
1.0 0.372526 0.843750 0.017969 0.050463
1.0 0.324349 0.898843 0.002865 0.008796
1.0 0.328255 0.899537 0.002865 0.007407
0.0 0.390625 0.691435 0.042708 0.026389
0.0 0.311328 0.692361 0.040885 0.029167
0.0 0.328385 0.894676 0.003125 0.004167
1.0 0.532031 0.775463 0.039062 0.137963
1.0 0.462370 0.774537 0.041406 0.140741
1.0 0.519141 0.842130 0.019531 0.055556
1.0 0.477474 0.843750 0.017969 0.050463
1.0 0.525651 0.898843 0.002865 0.008796
1.0 0.521745 0.899537 0.002865 0.007407
0.0 0.459375 0.691435 0.042708 0.026389
0.0 0.538672 0.692361 0.040885 0.029167
0.0 0.521615 0.894676 0.003125 0.004167
1.0 0.617969 0.775463 0.039062 0.137963
1.0 0.687630 0.774537 0.041406 0.140741
1.0 0.630859 0.842130 0.019531 0.055556
1.0 0.672526 0.843750 0.017969 0.050463
1.0 0.624349 0.898843 0.002865 0.008796
1.0 0.628255 0.899537 0.002865 0.007407
0.0 0.690625 0.691435 0.042708 0.026389
0.0 0.611328 0.692361 0.040885 0.029167
0.0 0.628385 0.894676 0.003125 0.004167
1.0 0.832031 0.775463 0.039062 0.137963
1.0 0.762370 0.774537 0.041406 0.140741
1.0 0.819141 0.842130 0.019531 0.055556
1.0 0.777474 0.843750 0.017969 0.050463
1.0 0.825651 0.898843 0.002865 0.008796
1.0 0.821745 0.899537 0.002865 0.007407
0.0 0.759375 0.691435 0.042708 0.026389
0.0 0.838672 0.692361 0.040885 0.029167
0.0 0.821615 0.894676 0.003125 0.004167
1.0 0.917969 0.775463 0.039062 0.137963
1.0 0.983464 0.774537 0.033073 0.140741
1.0 0.930859 0.842130 0.019531 0.055556
1.0 0.972526 0.843750 0.017969 0.050463
1.0 0.924349 0.898843 0.002865 0.008796
1.0 0.928255 0.899537 0.002865 0.007407
0.0 0.984635 0.691435 0.030729 0.026389
0.0 0.911328 0.692361 0.040885 0.029167
0.0 0.928385 0.894676 0.003125 0.004167
