1.0 0.002875 0.020572 0.005751 0.041144
1.0 0.012060 0.019823 0.024121 0.039646
1.0 0.029515 0.018555 0.008920 0.027490
1.0 0.024612 0.021727 0.002819 0.005931
1.0 0.035958 0.016247 0.002042 0.005218
1.0 0.031767 0.013018 0.003890 0.011828
1.0 0.164463 0.026566 0.009615 0.053132
1.0 0.080176 0.020572 0.023937 0.041144
1.0 0.062959 0.019823 0.026243 0.039646
1.0 0.151673 0.025620 0.024551 0.051240
1.0 0.044444 0.018555 0.008920 0.027490
1.0 0.100089 0.021038 0.004587 0.007672
1.0 0.118349 0.019548 0.005580 0.009715
1.0 0.140718 0.022990 0.005177 0.017761
1.0 0.125034 0.020249 0.005666 0.009016
1.0 0.090717 0.020952 0.004822 0.009910
1.0 0.049346 0.021727 0.002819 0.005931
1.0 0.038000 0.016247 0.002042 0.005218
1.0 0.042192 0.013018 0.003890 0.011828
1.0 0.174078 0.026566 0.009615 0.053132
1.0 0.258366 0.020572 0.023937 0.041144
1.0 0.275582 0.019823 0.026243 0.039646
1.0 0.186869 0.025620 0.024551 0.051240
1.0 0.294098 0.018555 0.008920 0.027490
1.0 0.238452 0.021038 0.004587 0.007672
1.0 0.220192 0.019548 0.005580 0.009715
1.0 0.197824 0.022990 0.005177 0.017761
1.0 0.213507 0.020249 0.005666 0.009016
1.0 0.247825 0.020952 0.004822 0.009910
1.0 0.289196 0.021727 0.002819 0.005931
1.0 0.300542 0.016247 0.002042 0.005218
1.0 0.296350 0.013018 0.003890 0.011828
1.0 0.429047 0.026566 0.009615 0.053132
1.0 0.344759 0.020572 0.023937 0.041144
1.0 0.327543 0.019823 0.026243 0.039646
1.0 0.416256 0.025620 0.024551 0.051240
1.0 0.309027 0.018555 0.008920 0.027490
1.0 0.364673 0.021038 0.004587 0.007672
1.0 0.382933 0.019548 0.005580 0.009715
1.0 0.405301 0.022990 0.005177 0.017761
1.0 0.389618 0.020249 0.005666 0.009016
1.0 0.355300 0.020952 0.004822 0.009910
1.0 0.313929 0.021727 0.002819 0.005931
1.0 0.302583 0.016247 0.002042 0.005218
1.0 0.306775 0.013018 0.003890 0.011828
1.0 0.438662 0.026566 0.009615 0.053132
1.0 0.522949 0.020572 0.023937 0.041144
1.0 0.540166 0.019823 0.026243 0.039646
1.0 0.451452 0.025620 0.024551 0.051240
1.0 0.558681 0.018555 0.008920 0.027490
1.0 0.503036 0.021038 0.004587 0.007672
1.0 0.484776 0.019548 0.005580 0.009715
1.0 0.462407 0.022990 0.005177 0.017761
1.0 0.478091 0.020249 0.005666 0.009016
1.0 0.512408 0.020952 0.004822 0.009910
1.0 0.553779 0.021727 0.002819 0.005931
1.0 0.565125 0.016247 0.002042 0.005218
1.0 0.560933 0.013018 0.003890 0.011828
1.0 0.693630 0.026566 0.009615 0.053132
1.0 0.609343 0.020572 0.023937 0.041144
1.0 0.592126 0.019823 0.026243 0.039646
1.0 0.680840 0.025620 0.024551 0.051240
1.0 0.573610 0.018555 0.008920 0.027490
1.0 0.629256 0.021038 0.004587 0.007672
1.0 0.647516 0.019548 0.005580 0.009715
1.0 0.669885 0.022990 0.005177 0.017761
1.0 0.654201 0.020249 0.005666 0.009016
1.0 0.619884 0.020952 0.004822 0.009910
1.0 0.578513 0.021727 0.002819 0.005931
1.0 0.567167 0.016247 0.002042 0.005218
1.0 0.571358 0.013018 0.003890 0.011828
1.0 0.703245 0.026566 0.009615 0.053132
1.0 0.787532 0.020572 0.023937 0.041144
1.0 0.804749 0.019823 0.026243 0.039646
1.0 0.716035 0.025620 0.024551 0.051240
1.0 0.823265 0.018555 0.008920 0.027490
1.0 0.767619 0.021038 0.004587 0.007672
1.0 0.749359 0.019548 0.005580 0.009715
1.0 0.726990 0.022990 0.005177 0.017761
1.0 0.742674 0.020249 0.005666 0.009016
1.0 0.776991 0.020952 0.004822 0.009910
1.0 0.818362 0.021727 0.002819 0.005931
1.0 0.829708 0.016247 0.002042 0.005218
1.0 0.825517 0.013018 0.003890 0.011828
1.0 0.958213 0.026566 0.009615 0.053132
1.0 0.873926 0.020572 0.023937 0.041144
1.0 0.856709 0.019823 0.026243 0.039646
1.0 0.945423 0.025620 0.024551 0.051240
1.0 0.838194 0.018555 0.008920 0.027490
1.0 0.893839 0.021038 0.004587 0.007672
1.0 0.912099 0.019548 0.005580 0.009715
1.0 0.934468 0.022990 0.005177 0.017761
1.0 0.918784 0.020249 0.005666 0.009016
1.0 0.884467 0.020952 0.004822 0.009910
1.0 0.843096 0.021727 0.002819 0.005931
1.0 0.831750 0.016247 0.002042 0.005218
1.0 0.835942 0.013018 0.003890 0.011828
1.0 0.967828 0.026566 0.009615 0.053132
1.0 0.980619 0.025620 0.024551 0.051240
1.0 0.991574 0.022990 0.005177 0.017761
1.0 0.002875 0.217458 0.005751 0.082019
1.0 0.012060 0.219671 0.024121 0.083448
1.0 0.029515 0.199037 0.008920 0.027490
1.0 0.024612 0.195865 0.002819 0.005931
1.0 0.035958 0.201345 0.002042 0.005218
1.0 0.031767 0.204574 0.003890 0.011828
0.0 0.018598 0.251536 0.016085 0.017242
0.0 0.006403 0.256065 0.012806 0.018425
1.0 0.164463 0.201353 0.009615 0.073785
1.0 0.080176 0.217458 0.023937 0.082019
1.0 0.062959 0.219671 0.026243 0.083448
1.0 0.151673 0.203193 0.024551 0.073681
1.0 0.044444 0.199037 0.008920 0.027490
1.0 0.100089 0.196555 0.004587 0.007672
1.0 0.118349 0.198044 0.005580 0.009715
1.0 0.140718 0.194603 0.005177 0.017761
1.0 0.125034 0.197343 0.005666 0.009016
1.0 0.090717 0.196641 0.004822 0.009910
1.0 0.049346 0.195865 0.002819 0.005931
1.0 0.038000 0.201345 0.002042 0.005218
1.0 0.042192 0.204574 0.003890 0.011828
0.0 0.055360 0.251536 0.016085 0.017242
0.0 0.070743 0.256065 0.019181 0.018425
1.0 0.174078 0.201353 0.009615 0.073785
1.0 0.258366 0.217458 0.023937 0.082019
1.0 0.275582 0.219671 0.026243 0.083448
1.0 0.186869 0.203193 0.024551 0.073681
1.0 0.294098 0.199037 0.008920 0.027490
1.0 0.238452 0.196555 0.004587 0.007672
1.0 0.220192 0.198044 0.005580 0.009715
1.0 0.197824 0.194603 0.005177 0.017761
1.0 0.213507 0.197343 0.005666 0.009016
1.0 0.247825 0.196641 0.004822 0.009910
1.0 0.289196 0.195865 0.002819 0.005931
1.0 0.300542 0.201345 0.002042 0.005218
1.0 0.296350 0.204574 0.003890 0.011828
0.0 0.283181 0.251536 0.016085 0.017242
0.0 0.267799 0.256065 0.019181 0.018425
1.0 0.429047 0.201353 0.009615 0.073785
1.0 0.344759 0.217458 0.023937 0.082019
1.0 0.327543 0.219671 0.026243 0.083448
1.0 0.416256 0.203193 0.024551 0.073681
1.0 0.309027 0.199037 0.008920 0.027490
1.0 0.364673 0.196555 0.004587 0.007672
1.0 0.382933 0.198044 0.005580 0.009715
1.0 0.405301 0.194603 0.005177 0.017761
1.0 0.389618 0.197343 0.005666 0.009016
1.0 0.355300 0.196641 0.004822 0.009910
1.0 0.313929 0.195865 0.002819 0.005931
1.0 0.302583 0.201345 0.002042 0.005218
1.0 0.306775 0.204574 0.003890 0.011828
0.0 0.319944 0.251536 0.016085 0.017242
0.0 0.335326 0.256065 0.019181 0.018425
1.0 0.438662 0.201353 0.009615 0.073785
1.0 0.522949 0.217458 0.023937 0.082019
1.0 0.540166 0.219671 0.026243 0.083448
1.0 0.451452 0.203193 0.024551 0.073681
1.0 0.558681 0.199037 0.008920 0.027490
1.0 0.503036 0.196555 0.004587 0.007672
1.0 0.484776 0.198044 0.005580 0.009715
1.0 0.462407 0.194603 0.005177 0.017761
1.0 0.478091 0.197343 0.005666 0.009016
1.0 0.512408 0.196641 0.004822 0.009910
1.0 0.553779 0.195865 0.002819 0.005931
1.0 0.565125 0.201345 0.002042 0.005218
1.0 0.560933 0.204574 0.003890 0.011828
0.0 0.547765 0.251536 0.016085 0.017242
0.0 0.532382 0.256065 0.019181 0.018425
1.0 0.693630 0.201353 0.009615 0.073785
1.0 0.609343 0.217458 0.023937 0.082019
1.0 0.592126 0.219671 0.026243 0.083448
1.0 0.680840 0.203193 0.024551 0.073681
1.0 0.573610 0.199037 0.008920 0.027490
1.0 0.629256 0.196555 0.004587 0.007672
1.0 0.647516 0.198044 0.005580 0.009715
1.0 0.669885 0.194603 0.005177 0.017761
1.0 0.654201 0.197343 0.005666 0.009016
1.0 0.619884 0.196641 0.004822 0.009910
1.0 0.578513 0.195865 0.002819 0.005931
1.0 0.567167 0.201345 0.002042 0.005218
1.0 0.571358 0.204574 0.003890 0.011828
0.0 0.584527 0.251536 0.016085 0.017242
0.0 0.599909 0.256065 0.019181 0.018425
1.0 0.703245 0.201353 0.009615 0.073785
1.0 0.787532 0.217458 0.023937 0.082019
1.0 0.804749 0.219671 0.026243 0.083448
1.0 0.716035 0.203193 0.024551 0.073681
1.0 0.823265 0.199037 0.008920 0.027490
1.0 0.767619 0.196555 0.004587 0.007672
1.0 0.749359 0.198044 0.005580 0.009715
1.0 0.726990 0.194603 0.005177 0.017761
1.0 0.742674 0.197343 0.005666 0.009016
1.0 0.776991 0.196641 0.004822 0.009910
1.0 0.818362 0.195865 0.002819 0.005931
1.0 0.829708 0.201345 0.002042 0.005218
1.0 0.825517 0.204574 0.003890 0.011828
0.0 0.812348 0.251536 0.016085 0.017242
0.0 0.796966 0.256065 0.019181 0.018425
1.0 0.958213 0.201353 0.009615 0.073785
1.0 0.873926 0.217458 0.023937 0.082019
1.0 0.856709 0.219671 0.026243 0.083448
1.0 0.945423 0.203193 0.024551 0.073681
1.0 0.838194 0.199037 0.008920 0.027490
1.0 0.893839 0.196555 0.004587 0.007672
1.0 0.912099 0.198044 0.005580 0.009715
1.0 0.934468 0.194603 0.005177 0.017761
1.0 0.918784 0.197343 0.005666 0.009016
1.0 0.884467 0.196641 0.004822 0.009910
1.0 0.843096 0.195865 0.002819 0.005931
1.0 0.831750 0.201345 0.002042 0.005218
1.0 0.835942 0.204574 0.003890 0.011828
0.0 0.849110 0.251536 0.016085 0.017242
0.0 0.864493 0.256065 0.019181 0.018425
1.0 0.967828 0.201353 0.009615 0.073785
1.0 0.980619 0.203193 0.024551 0.073681
1.0 0.991574 0.194603 0.005177 0.017761
1.0 0.002875 0.313097 0.005751 0.082019
1.0 0.012060 0.310885 0.024121 0.083448
1.0 0.029515 0.331518 0.008920 0.027490
1.0 0.024612 0.334690 0.002819 0.005931
1.0 0.035958 0.329210 0.002042 0.005218
1.0 0.031767 0.325981 0.003890 0.011828
0.0 0.018598 0.279020 0.016085 0.017242
0.0 0.006403 0.274490 0.012806 0.018425
1.0 0.164463 0.329203 0.009615 0.073785
1.0 0.080176 0.313097 0.023937 0.082019
1.0 0.062959 0.310885 0.026243 0.083448
1.0 0.151673 0.327362 0.024551 0.073681
1.0 0.044444 0.331518 0.008920 0.027490
1.0 0.100089 0.334001 0.004587 0.007672
1.0 0.118349 0.332511 0.005580 0.009715
1.0 0.140718 0.335953 0.005177 0.017761
1.0 0.125034 0.333212 0.005666 0.009016
1.0 0.090717 0.333915 0.004822 0.009910
1.0 0.049346 0.334690 0.002819 0.005931
1.0 0.038000 0.329210 0.002042 0.005218
1.0 0.042192 0.325981 0.003890 0.011828
0.0 0.055360 0.279020 0.016085 0.017242
0.0 0.070743 0.274490 0.019181 0.018425
1.0 0.174078 0.329203 0.009615 0.073785
1.0 0.258366 0.313097 0.023937 0.082019
1.0 0.275582 0.310885 0.026243 0.083448
1.0 0.186869 0.327362 0.024551 0.073681
1.0 0.294098 0.331518 0.008920 0.027490
1.0 0.238452 0.334001 0.004587 0.007672
1.0 0.220192 0.332511 0.005580 0.009715
1.0 0.197824 0.335953 0.005177 0.017761
1.0 0.213507 0.333212 0.005666 0.009016
1.0 0.247825 0.333915 0.004822 0.009910
1.0 0.289196 0.334690 0.002819 0.005931
1.0 0.300542 0.329210 0.002042 0.005218
1.0 0.296350 0.325981 0.003890 0.011828
0.0 0.283181 0.279020 0.016085 0.017242
0.0 0.267799 0.274490 0.019181 0.018425
1.0 0.429047 0.329203 0.009615 0.073785
1.0 0.344759 0.313097 0.023937 0.082019
1.0 0.327543 0.310885 0.026243 0.083448
1.0 0.416256 0.327362 0.024551 0.073681
1.0 0.309027 0.331518 0.008920 0.027490
1.0 0.364673 0.334001 0.004587 0.007672
1.0 0.382933 0.332511 0.005580 0.009715
1.0 0.405301 0.335953 0.005177 0.017761
1.0 0.389618 0.333212 0.005666 0.009016
1.0 0.355300 0.333915 0.004822 0.009910
1.0 0.313929 0.334690 0.002819 0.005931
1.0 0.302583 0.329210 0.002042 0.005218
1.0 0.306775 0.325981 0.003890 0.011828
0.0 0.319944 0.279020 0.016085 0.017242
0.0 0.335326 0.274490 0.019181 0.018425
1.0 0.438662 0.329203 0.009615 0.073785
1.0 0.522949 0.313097 0.023937 0.082019
1.0 0.540166 0.310885 0.026243 0.083448
1.0 0.451452 0.327362 0.024551 0.073681
1.0 0.558681 0.331518 0.008920 0.027490
1.0 0.503036 0.334001 0.004587 0.007672
1.0 0.484776 0.332511 0.005580 0.009715
1.0 0.462407 0.335953 0.005177 0.017761
1.0 0.478091 0.333212 0.005666 0.009016
1.0 0.512408 0.333915 0.004822 0.009910
1.0 0.553779 0.334690 0.002819 0.005931
1.0 0.565125 0.329210 0.002042 0.005218
1.0 0.560933 0.325981 0.003890 0.011828
0.0 0.547765 0.279020 0.016085 0.017242
0.0 0.532382 0.274490 0.019181 0.018425
1.0 0.693630 0.329203 0.009615 0.073785
1.0 0.609343 0.313097 0.023937 0.082019
1.0 0.592126 0.310885 0.026243 0.083448
1.0 0.680840 0.327362 0.024551 0.073681
1.0 0.573610 0.331518 0.008920 0.027490
1.0 0.629256 0.334001 0.004587 0.007672
1.0 0.647516 0.332511 0.005580 0.009715
1.0 0.669885 0.335953 0.005177 0.017761
1.0 0.654201 0.333212 0.005666 0.009016
1.0 0.619884 0.333915 0.004822 0.009910
1.0 0.578513 0.334690 0.002819 0.005931
1.0 0.567167 0.329210 0.002042 0.005218
1.0 0.571358 0.325981 0.003890 0.011828
0.0 0.584527 0.279020 0.016085 0.017242
0.0 0.599909 0.274490 0.019181 0.018425
1.0 0.703245 0.329203 0.009615 0.073785
1.0 0.787532 0.313097 0.023937 0.082019
1.0 0.804749 0.310885 0.026243 0.083448
1.0 0.716035 0.327362 0.024551 0.073681
1.0 0.823265 0.331518 0.008920 0.027490
1.0 0.767619 0.334001 0.004587 0.007672
1.0 0.749359 0.332511 0.005580 0.009715
1.0 0.726990 0.335953 0.005177 0.017761
1.0 0.742674 0.333212 0.005666 0.009016
1.0 0.776991 0.333915 0.004822 0.009910
1.0 0.818362 0.334690 0.002819 0.005931
1.0 0.829708 0.329210 0.002042 0.005218
1.0 0.825517 0.325981 0.003890 0.011828
0.0 0.812348 0.279020 0.016085 0.017242
0.0 0.796966 0.274490 0.019181 0.018425
1.0 0.958213 0.329203 0.009615 0.073785
1.0 0.873926 0.313097 0.023937 0.082019
1.0 0.856709 0.310885 0.026243 0.083448
1.0 0.945423 0.327362 0.024551 0.073681
1.0 0.838194 0.331518 0.008920 0.027490
1.0 0.893839 0.334001 0.004587 0.007672
1.0 0.912099 0.332511 0.005580 0.009715
1.0 0.934468 0.335953 0.005177 0.017761
1.0 0.918784 0.333212 0.005666 0.009016
1.0 0.884467 0.333915 0.004822 0.009910
1.0 0.843096 0.334690 0.002819 0.005931
1.0 0.831750 0.329210 0.002042 0.005218
1.0 0.835942 0.325981 0.003890 0.011828
0.0 0.849110 0.279020 0.016085 0.017242
0.0 0.864493 0.274490 0.019181 0.018425
1.0 0.967828 0.329203 0.009615 0.073785
1.0 0.980619 0.327362 0.024551 0.073681
1.0 0.991574 0.335953 0.005177 0.017761
1.0 0.002875 0.530421 0.005751 0.082019
1.0 0.012060 0.532634 0.024121 0.083448
1.0 0.029515 0.512000 0.008920 0.027490
1.0 0.024612 0.508828 0.002819 0.005931
1.0 0.035958 0.514308 0.002042 0.005218
1.0 0.031767 0.517537 0.003890 0.011828
0.0 0.018598 0.564499 0.016085 0.017242
0.0 0.006403 0.569028 0.012806 0.018425
1.0 0.164463 0.514316 0.009615 0.073785
1.0 0.080176 0.530421 0.023937 0.082019
1.0 0.062959 0.532634 0.026243 0.083448
1.0 0.151673 0.516156 0.024551 0.073681
1.0 0.044444 0.512000 0.008920 0.027490
1.0 0.100089 0.509517 0.004587 0.007672
1.0 0.118349 0.511007 0.005580 0.009715
1.0 0.140718 0.507566 0.005177 0.017761
1.0 0.125034 0.510306 0.005666 0.009016
1.0 0.090717 0.509604 0.004822 0.009910
1.0 0.049346 0.508828 0.002819 0.005931
1.0 0.038000 0.514308 0.002042 0.005218
1.0 0.042192 0.517537 0.003890 0.011828
0.0 0.055360 0.564499 0.016085 0.017242
0.0 0.070743 0.569028 0.019181 0.018425
1.0 0.174078 0.514316 0.009615 0.073785
1.0 0.258366 0.530421 0.023937 0.082019
1.0 0.275582 0.532634 0.026243 0.083448
1.0 0.186869 0.516156 0.024551 0.073681
1.0 0.294098 0.512000 0.008920 0.027490
1.0 0.238452 0.509517 0.004587 0.007672
1.0 0.220192 0.511007 0.005580 0.009715
1.0 0.197824 0.507566 0.005177 0.017761
1.0 0.213507 0.510306 0.005666 0.009016
1.0 0.247825 0.509604 0.004822 0.009910
1.0 0.289196 0.508828 0.002819 0.005931
1.0 0.300542 0.514308 0.002042 0.005218
1.0 0.296350 0.517537 0.003890 0.011828
0.0 0.283181 0.564499 0.016085 0.017242
0.0 0.267799 0.569028 0.019181 0.018425
1.0 0.429047 0.514316 0.009615 0.073785
1.0 0.344759 0.530421 0.023937 0.082019
1.0 0.327543 0.532634 0.026243 0.083448
1.0 0.416256 0.516156 0.024551 0.073681
1.0 0.309027 0.512000 0.008920 0.027490
1.0 0.364673 0.509517 0.004587 0.007672
1.0 0.382933 0.511007 0.005580 0.009715
1.0 0.405301 0.507566 0.005177 0.017761
1.0 0.389618 0.510306 0.005666 0.009016
1.0 0.355300 0.509604 0.004822 0.009910
1.0 0.313929 0.508828 0.002819 0.005931
1.0 0.302583 0.514308 0.002042 0.005218
1.0 0.306775 0.517537 0.003890 0.011828
0.0 0.319944 0.564499 0.016085 0.017242
0.0 0.335326 0.569028 0.019181 0.018425
1.0 0.438662 0.514316 0.009615 0.073785
1.0 0.522949 0.530421 0.023937 0.082019
1.0 0.540166 0.532634 0.026243 0.083448
1.0 0.451452 0.516156 0.024551 0.073681
1.0 0.558681 0.512000 0.008920 0.027490
1.0 0.503036 0.509517 0.004587 0.007672
1.0 0.484776 0.511007 0.005580 0.009715
1.0 0.462407 0.507566 0.005177 0.017761
1.0 0.478091 0.510306 0.005666 0.009016
1.0 0.512408 0.509604 0.004822 0.009910
1.0 0.553779 0.508828 0.002819 0.005931
1.0 0.565125 0.514308 0.002042 0.005218
1.0 0.560933 0.517537 0.003890 0.011828
0.0 0.547765 0.564499 0.016085 0.017242
0.0 0.532382 0.569028 0.019181 0.018425
1.0 0.693630 0.514316 0.009615 0.073785
1.0 0.609343 0.530421 0.023937 0.082019
1.0 0.592126 0.532634 0.026243 0.083448
1.0 0.680840 0.516156 0.024551 0.073681
1.0 0.573610 0.512000 0.008920 0.027490
1.0 0.629256 0.509517 0.004587 0.007672
1.0 0.647516 0.511007 0.005580 0.009715
1.0 0.669885 0.507566 0.005177 0.017761
1.0 0.654201 0.510306 0.005666 0.009016
1.0 0.619884 0.509604 0.004822 0.009910
1.0 0.578513 0.508828 0.002819 0.005931
1.0 0.567167 0.514308 0.002042 0.005218
1.0 0.571358 0.517537 0.003890 0.011828
0.0 0.584527 0.564499 0.016085 0.017242
0.0 0.599909 0.569028 0.019181 0.018425
1.0 0.703245 0.514316 0.009615 0.073785
1.0 0.787532 0.530421 0.023937 0.082019
1.0 0.804749 0.532634 0.026243 0.083448
1.0 0.716035 0.516156 0.024551 0.073681
1.0 0.823265 0.512000 0.008920 0.027490
1.0 0.767619 0.509517 0.004587 0.007672
1.0 0.749359 0.511007 0.005580 0.009715
1.0 0.726990 0.507566 0.005177 0.017761
1.0 0.742674 0.510306 0.005666 0.009016
1.0 0.776991 0.509604 0.004822 0.009910
1.0 0.818362 0.508828 0.002819 0.005931
1.0 0.829708 0.514308 0.002042 0.005218
1.0 0.825517 0.517537 0.003890 0.011828
0.0 0.812348 0.564499 0.016085 0.017242
0.0 0.796966 0.569028 0.019181 0.018425
1.0 0.958213 0.514316 0.009615 0.073785
1.0 0.873926 0.530421 0.023937 0.082019
1.0 0.856709 0.532634 0.026243 0.083448
1.0 0.945423 0.516156 0.024551 0.073681
1.0 0.838194 0.512000 0.008920 0.027490
1.0 0.893839 0.509517 0.004587 0.007672
1.0 0.912099 0.511007 0.005580 0.009715
1.0 0.934468 0.507566 0.005177 0.017761
1.0 0.918784 0.510306 0.005666 0.009016
1.0 0.884467 0.509604 0.004822 0.009910
1.0 0.843096 0.508828 0.002819 0.005931
1.0 0.831750 0.514308 0.002042 0.005218
1.0 0.835942 0.517537 0.003890 0.011828
0.0 0.849110 0.564499 0.016085 0.017242
0.0 0.864493 0.569028 0.019181 0.018425
1.0 0.967828 0.514316 0.009615 0.073785
1.0 0.980619 0.516156 0.024551 0.073681
1.0 0.991574 0.507566 0.005177 0.017761
1.0 0.002875 0.626060 0.005751 0.082019
1.0 0.012060 0.623848 0.024121 0.083448
1.0 0.029515 0.644481 0.008920 0.027490
1.0 0.024612 0.647653 0.002819 0.005931
1.0 0.035958 0.642173 0.002042 0.005218
1.0 0.031767 0.638944 0.003890 0.011828
0.0 0.018598 0.591983 0.016085 0.017242
0.0 0.006403 0.587453 0.012806 0.018425
1.0 0.164463 0.642166 0.009615 0.073785
1.0 0.080176 0.626060 0.023937 0.082019
1.0 0.062959 0.623848 0.026243 0.083448
1.0 0.151673 0.640325 0.024551 0.073681
1.0 0.044444 0.644481 0.008920 0.027490
1.0 0.100089 0.646964 0.004587 0.007672
1.0 0.118349 0.645474 0.005580 0.009715
1.0 0.140718 0.648916 0.005177 0.017761
1.0 0.125034 0.646175 0.005666 0.009016
1.0 0.090717 0.646878 0.004822 0.009910
1.0 0.049346 0.647653 0.002819 0.005931
1.0 0.038000 0.642173 0.002042 0.005218
1.0 0.042192 0.638944 0.003890 0.011828
0.0 0.055360 0.591983 0.016085 0.017242
0.0 0.070743 0.587453 0.019181 0.018425
1.0 0.174078 0.642166 0.009615 0.073785
1.0 0.258366 0.626060 0.023937 0.082019
1.0 0.275582 0.623848 0.026243 0.083448
1.0 0.186869 0.640325 0.024551 0.073681
1.0 0.294098 0.644481 0.008920 0.027490
1.0 0.238452 0.646964 0.004587 0.007672
1.0 0.220192 0.645474 0.005580 0.009715
1.0 0.197824 0.648916 0.005177 0.017761
1.0 0.213507 0.646175 0.005666 0.009016
1.0 0.247825 0.646878 0.004822 0.009910
1.0 0.289196 0.647653 0.002819 0.005931
1.0 0.300542 0.642173 0.002042 0.005218
1.0 0.296350 0.638944 0.003890 0.011828
0.0 0.283181 0.591983 0.016085 0.017242
0.0 0.267799 0.587453 0.019181 0.018425
1.0 0.429047 0.642166 0.009615 0.073785
1.0 0.344759 0.626060 0.023937 0.082019
1.0 0.327543 0.623848 0.026243 0.083448
1.0 0.416256 0.640325 0.024551 0.073681
1.0 0.309027 0.644481 0.008920 0.027490
1.0 0.364673 0.646964 0.004587 0.007672
1.0 0.382933 0.645474 0.005580 0.009715
1.0 0.405301 0.648916 0.005177 0.017761
1.0 0.389618 0.646175 0.005666 0.009016
1.0 0.355300 0.646878 0.004822 0.009910
1.0 0.313929 0.647653 0.002819 0.005931
1.0 0.302583 0.642173 0.002042 0.005218
1.0 0.306775 0.638944 0.003890 0.011828
0.0 0.319944 0.591983 0.016085 0.017242
0.0 0.335326 0.587453 0.019181 0.018425
1.0 0.438662 0.642166 0.009615 0.073785
1.0 0.522949 0.626060 0.023937 0.082019
1.0 0.540166 0.623848 0.026243 0.083448
1.0 0.451452 0.640325 0.024551 0.073681
1.0 0.558681 0.644481 0.008920 0.027490
1.0 0.503036 0.646964 0.004587 0.007672
1.0 0.484776 0.645474 0.005580 0.009715
1.0 0.462407 0.648916 0.005177 0.017761
1.0 0.478091 0.646175 0.005666 0.009016
1.0 0.512408 0.646878 0.004822 0.009910
1.0 0.553779 0.647653 0.002819 0.005931
1.0 0.565125 0.642173 0.002042 0.005218
1.0 0.560933 0.638944 0.003890 0.011828
0.0 0.547765 0.591983 0.016085 0.017242
0.0 0.532382 0.587453 0.019181 0.018425
1.0 0.693630 0.642166 0.009615 0.073785
1.0 0.609343 0.626060 0.023937 0.082019
1.0 0.592126 0.623848 0.026243 0.083448
1.0 0.680840 0.640325 0.024551 0.073681
1.0 0.573610 0.644481 0.008920 0.027490
1.0 0.629256 0.646964 0.004587 0.007672
1.0 0.647516 0.645474 0.005580 0.009715
1.0 0.669885 0.648916 0.005177 0.017761
1.0 0.654201 0.646175 0.005666 0.009016
1.0 0.619884 0.646878 0.004822 0.009910
1.0 0.578513 0.647653 0.002819 0.005931
1.0 0.567167 0.642173 0.002042 0.005218
1.0 0.571358 0.638944 0.003890 0.011828
0.0 0.584527 0.591983 0.016085 0.017242
0.0 0.599909 0.587453 0.019181 0.018425
1.0 0.703245 0.642166 0.009615 0.073785
1.0 0.787532 0.626060 0.023937 0.082019
1.0 0.804749 0.623848 0.026243 0.083448
1.0 0.716035 0.640325 0.024551 0.073681
1.0 0.823265 0.644481 0.008920 0.027490
1.0 0.767619 0.646964 0.004587 0.007672
1.0 0.749359 0.645474 0.005580 0.009715
1.0 0.726990 0.648916 0.005177 0.017761
1.0 0.742674 0.646175 0.005666 0.009016
1.0 0.776991 0.646878 0.004822 0.009910
1.0 0.818362 0.647653 0.002819 0.005931
1.0 0.829708 0.642173 0.002042 0.005218
1.0 0.825517 0.638944 0.003890 0.011828
0.0 0.812348 0.591983 0.016085 0.017242
0.0 0.796966 0.587453 0.019181 0.018425
1.0 0.958213 0.642166 0.009615 0.073785
1.0 0.873926 0.626060 0.023937 0.082019
1.0 0.856709 0.623848 0.026243 0.083448
1.0 0.945423 0.640325 0.024551 0.073681
1.0 0.838194 0.644481 0.008920 0.027490
1.0 0.893839 0.646964 0.004587 0.007672
1.0 0.912099 0.645474 0.005580 0.009715
1.0 0.934468 0.648916 0.005177 0.017761
1.0 0.918784 0.646175 0.005666 0.009016
1.0 0.884467 0.646878 0.004822 0.009910
1.0 0.843096 0.647653 0.002819 0.005931
1.0 0.831750 0.642173 0.002042 0.005218
1.0 0.835942 0.638944 0.003890 0.011828
0.0 0.849110 0.591983 0.016085 0.017242
0.0 0.864493 0.587453 0.019181 0.018425
1.0 0.967828 0.642166 0.009615 0.073785
1.0 0.980619 0.640325 0.024551 0.073681
1.0 0.991574 0.648916 0.005177 0.017761
1.0 0.002875 0.843384 0.005751 0.082019
1.0 0.012060 0.845597 0.024121 0.083448
1.0 0.029515 0.824963 0.008920 0.027490
1.0 0.024612 0.821791 0.002819 0.005931
1.0 0.035958 0.827271 0.002042 0.005218
1.0 0.031767 0.830500 0.003890 0.011828
0.0 0.018598 0.877462 0.016085 0.017242
0.0 0.006403 0.881991 0.012806 0.018425
1.0 0.164463 0.827279 0.009615 0.073785
1.0 0.080176 0.843384 0.023937 0.082019
1.0 0.062959 0.845597 0.026243 0.083448
1.0 0.151673 0.829119 0.024551 0.073681
1.0 0.044444 0.824963 0.008920 0.027490
1.0 0.100089 0.822480 0.004587 0.007672
1.0 0.118349 0.823970 0.005580 0.009715
1.0 0.140718 0.820529 0.005177 0.017761
1.0 0.125034 0.823269 0.005666 0.009016
1.0 0.090717 0.822566 0.004822 0.009910
1.0 0.049346 0.821791 0.002819 0.005931
1.0 0.038000 0.827271 0.002042 0.005218
1.0 0.042192 0.830500 0.003890 0.011828
0.0 0.055360 0.877462 0.016085 0.017242
0.0 0.070743 0.881991 0.019181 0.018425
1.0 0.174078 0.827279 0.009615 0.073785
1.0 0.258366 0.843384 0.023937 0.082019
1.0 0.275582 0.845597 0.026243 0.083448
1.0 0.186869 0.829119 0.024551 0.073681
1.0 0.294098 0.824963 0.008920 0.027490
1.0 0.238452 0.822480 0.004587 0.007672
1.0 0.220192 0.823970 0.005580 0.009715
1.0 0.197824 0.820529 0.005177 0.017761
1.0 0.213507 0.823269 0.005666 0.009016
1.0 0.247825 0.822566 0.004822 0.009910
1.0 0.289196 0.821791 0.002819 0.005931
1.0 0.300542 0.827271 0.002042 0.005218
1.0 0.296350 0.830500 0.003890 0.011828
0.0 0.283181 0.877462 0.016085 0.017242
0.0 0.267799 0.881991 0.019181 0.018425
1.0 0.429047 0.827279 0.009615 0.073785
1.0 0.344759 0.843384 0.023937 0.082019
1.0 0.327543 0.845597 0.026243 0.083448
1.0 0.416256 0.829119 0.024551 0.073681
1.0 0.309027 0.824963 0.008920 0.027490
1.0 0.364673 0.822480 0.004587 0.007672
1.0 0.382933 0.823970 0.005580 0.009715
1.0 0.405301 0.820529 0.005177 0.017761
1.0 0.389618 0.823269 0.005666 0.009016
1.0 0.355300 0.822566 0.004822 0.009910
1.0 0.313929 0.821791 0.002819 0.005931
1.0 0.302583 0.827271 0.002042 0.005218
1.0 0.306775 0.830500 0.003890 0.011828
0.0 0.319944 0.877462 0.016085 0.017242
0.0 0.335326 0.881991 0.019181 0.018425
1.0 0.438662 0.827279 0.009615 0.073785
1.0 0.522949 0.843384 0.023937 0.082019
1.0 0.540166 0.845597 0.026243 0.083448
1.0 0.451452 0.829119 0.024551 0.073681
1.0 0.558681 0.824963 0.008920 0.027490
1.0 0.503036 0.822480 0.004587 0.007672
1.0 0.484776 0.823970 0.005580 0.009715
1.0 0.462407 0.820529 0.005177 0.017761
1.0 0.478091 0.823269 0.005666 0.009016
1.0 0.512408 0.822566 0.004822 0.009910
1.0 0.553779 0.821791 0.002819 0.005931
1.0 0.565125 0.827271 0.002042 0.005218
1.0 0.560933 0.830500 0.003890 0.011828
0.0 0.547765 0.877462 0.016085 0.017242
0.0 0.532382 0.881991 0.019181 0.018425
1.0 0.693630 0.827279 0.009615 0.073785
1.0 0.609343 0.843384 0.023937 0.082019
1.0 0.592126 0.845597 0.026243 0.083448
1.0 0.680840 0.829119 0.024551 0.073681
1.0 0.573610 0.824963 0.008920 0.027490
1.0 0.629256 0.822480 0.004587 0.007672
1.0 0.647516 0.823970 0.005580 0.009715
1.0 0.669885 0.820529 0.005177 0.017761
1.0 0.654201 0.823269 0.005666 0.009016
1.0 0.619884 0.822566 0.004822 0.009910
1.0 0.578513 0.821791 0.002819 0.005931
1.0 0.567167 0.827271 0.002042 0.005218
1.0 0.571358 0.830500 0.003890 0.011828
0.0 0.584527 0.877462 0.016085 0.017242
0.0 0.599909 0.881991 0.019181 0.018425
1.0 0.703245 0.827279 0.009615 0.073785
1.0 0.787532 0.843384 0.023937 0.082019
1.0 0.804749 0.845597 0.026243 0.083448
1.0 0.716035 0.829119 0.024551 0.073681
1.0 0.823265 0.824963 0.008920 0.027490
1.0 0.767619 0.822480 0.004587 0.007672
1.0 0.749359 0.823970 0.005580 0.009715
1.0 0.726990 0.820529 0.005177 0.017761
1.0 0.742674 0.823269 0.005666 0.009016
1.0 0.776991 0.822566 0.004822 0.009910
1.0 0.818362 0.821791 0.002819 0.005931
1.0 0.829708 0.827271 0.002042 0.005218
1.0 0.825517 0.830500 0.003890 0.011828
0.0 0.812348 0.877462 0.016085 0.017242
0.0 0.796966 0.881991 0.019181 0.018425
1.0 0.958213 0.827279 0.009615 0.073785
1.0 0.873926 0.843384 0.023937 0.082019
1.0 0.856709 0.845597 0.026243 0.083448
1.0 0.945423 0.829119 0.024551 0.073681
1.0 0.838194 0.824963 0.008920 0.027490
1.0 0.893839 0.822480 0.004587 0.007672
1.0 0.912099 0.823970 0.005580 0.009715
1.0 0.934468 0.820529 0.005177 0.017761
1.0 0.918784 0.823269 0.005666 0.009016
1.0 0.884467 0.822566 0.004822 0.009910
1.0 0.843096 0.821791 0.002819 0.005931
1.0 0.831750 0.827271 0.002042 0.005218
1.0 0.835942 0.830500 0.003890 0.011828
0.0 0.849110 0.877462 0.016085 0.017242
0.0 0.864493 0.881991 0.019181 0.018425
1.0 0.967828 0.827279 0.009615 0.073785
1.0 0.980619 0.829119 0.024551 0.073681
1.0 0.991574 0.820529 0.005177 0.017761
1.0 0.002875 0.939023 0.005751 0.082019
1.0 0.012060 0.936811 0.024121 0.083448
1.0 0.029515 0.957444 0.008920 0.027490
1.0 0.024612 0.960616 0.002819 0.005931
1.0 0.035958 0.955136 0.002042 0.005218
1.0 0.031767 0.951907 0.003890 0.011828
0.0 0.018598 0.904946 0.016085 0.017242
0.0 0.006403 0.900416 0.012806 0.018425
1.0 0.164463 0.955129 0.009615 0.073785
1.0 0.080176 0.939023 0.023937 0.082019
1.0 0.062959 0.936811 0.026243 0.083448
1.0 0.151673 0.953288 0.024551 0.073681
1.0 0.044444 0.957444 0.008920 0.027490
1.0 0.100089 0.959927 0.004587 0.007672
1.0 0.118349 0.958437 0.005580 0.009715
1.0 0.140718 0.961879 0.005177 0.017761
1.0 0.125034 0.959138 0.005666 0.009016
1.0 0.090717 0.959841 0.004822 0.009910
1.0 0.049346 0.960616 0.002819 0.005931
1.0 0.038000 0.955136 0.002042 0.005218
1.0 0.042192 0.951907 0.003890 0.011828
0.0 0.055360 0.904946 0.016085 0.017242
0.0 0.070743 0.900416 0.019181 0.018425
1.0 0.174078 0.955129 0.009615 0.073785
1.0 0.258366 0.939023 0.023937 0.082019
1.0 0.275582 0.936811 0.026243 0.083448
1.0 0.186869 0.953288 0.024551 0.073681
1.0 0.294098 0.957444 0.008920 0.027490
1.0 0.238452 0.959927 0.004587 0.007672
1.0 0.220192 0.958437 0.005580 0.009715
1.0 0.197824 0.961879 0.005177 0.017761
1.0 0.213507 0.959138 0.005666 0.009016
1.0 0.247825 0.959841 0.004822 0.009910
1.0 0.289196 0.960616 0.002819 0.005931
1.0 0.300542 0.955136 0.002042 0.005218
1.0 0.296350 0.951907 0.003890 0.011828
0.0 0.283181 0.904946 0.016085 0.017242
0.0 0.267799 0.900416 0.019181 0.018425
1.0 0.429047 0.955129 0.009615 0.073785
1.0 0.344759 0.939023 0.023937 0.082019
1.0 0.327543 0.936811 0.026243 0.083448
1.0 0.416256 0.953288 0.024551 0.073681
1.0 0.309027 0.957444 0.008920 0.027490
1.0 0.364673 0.959927 0.004587 0.007672
1.0 0.382933 0.958437 0.005580 0.009715
1.0 0.405301 0.961879 0.005177 0.017761
1.0 0.389618 0.959138 0.005666 0.009016
1.0 0.355300 0.959841 0.004822 0.009910
1.0 0.313929 0.960616 0.002819 0.005931
1.0 0.302583 0.955136 0.002042 0.005218
1.0 0.306775 0.951907 0.003890 0.011828
0.0 0.319944 0.904946 0.016085 0.017242
0.0 0.335326 0.900416 0.019181 0.018425
1.0 0.438662 0.955129 0.009615 0.073785
1.0 0.522949 0.939023 0.023937 0.082019
1.0 0.540166 0.936811 0.026243 0.083448
1.0 0.451452 0.953288 0.024551 0.073681
1.0 0.558681 0.957444 0.008920 0.027490
1.0 0.503036 0.959927 0.004587 0.007672
1.0 0.484776 0.958437 0.005580 0.009715
1.0 0.462407 0.961879 0.005177 0.017761
1.0 0.478091 0.959138 0.005666 0.009016
1.0 0.512408 0.959841 0.004822 0.009910
1.0 0.553779 0.960616 0.002819 0.005931
1.0 0.565125 0.955136 0.002042 0.005218
1.0 0.560933 0.951907 0.003890 0.011828
0.0 0.547765 0.904946 0.016085 0.017242
0.0 0.532382 0.900416 0.019181 0.018425
1.0 0.693630 0.955129 0.009615 0.073785
1.0 0.609343 0.939023 0.023937 0.082019
1.0 0.592126 0.936811 0.026243 0.083448
1.0 0.680840 0.953288 0.024551 0.073681
1.0 0.573610 0.957444 0.008920 0.027490
1.0 0.629256 0.959927 0.004587 0.007672
1.0 0.647516 0.958437 0.005580 0.009715
1.0 0.669885 0.961879 0.005177 0.017761
1.0 0.654201 0.959138 0.005666 0.009016
1.0 0.619884 0.959841 0.004822 0.009910
1.0 0.578513 0.960616 0.002819 0.005931
1.0 0.567167 0.955136 0.002042 0.005218
1.0 0.571358 0.951907 0.003890 0.011828
0.0 0.584527 0.904946 0.016085 0.017242
0.0 0.599909 0.900416 0.019181 0.018425
1.0 0.703245 0.955129 0.009615 0.073785
1.0 0.787532 0.939023 0.023937 0.082019
1.0 0.804749 0.936811 0.026243 0.083448
1.0 0.716035 0.953288 0.024551 0.073681
1.0 0.823265 0.957444 0.008920 0.027490
1.0 0.767619 0.959927 0.004587 0.007672
1.0 0.749359 0.958437 0.005580 0.009715
1.0 0.726990 0.961879 0.005177 0.017761
1.0 0.742674 0.959138 0.005666 0.009016
1.0 0.776991 0.959841 0.004822 0.009910
1.0 0.818362 0.960616 0.002819 0.005931
1.0 0.829708 0.955136 0.002042 0.005218
1.0 0.825517 0.951907 0.003890 0.011828
0.0 0.812348 0.904946 0.016085 0.017242
0.0 0.796966 0.900416 0.019181 0.018425
1.0 0.958213 0.955129 0.009615 0.073785
1.0 0.873926 0.939023 0.023937 0.082019
1.0 0.856709 0.936811 0.026243 0.083448
1.0 0.945423 0.953288 0.024551 0.073681
1.0 0.838194 0.957444 0.008920 0.027490
1.0 0.893839 0.959927 0.004587 0.007672
1.0 0.912099 0.958437 0.005580 0.009715
1.0 0.934468 0.961879 0.005177 0.017761
1.0 0.918784 0.959138 0.005666 0.009016
1.0 0.884467 0.959841 0.004822 0.009910
1.0 0.843096 0.960616 0.002819 0.005931
1.0 0.831750 0.955136 0.002042 0.005218
1.0 0.835942 0.951907 0.003890 0.011828
0.0 0.849110 0.904946 0.016085 0.017242
0.0 0.864493 0.900416 0.019181 0.018425
1.0 0.967828 0.955129 0.009615 0.073785
1.0 0.980619 0.953288 0.024551 0.073681
1.0 0.991574 0.961879 0.005177 0.017761
