1.0 0.017248 0.163746 0.034496 0.055523
0.0 0.000923 0.154265 0.001846 0.026743
0.0 0.033220 0.144705 0.027221 0.025875
1.0 0.150291 0.163746 0.047699 0.055523
1.0 0.244532 0.172716 0.007419 0.013075
0.0 0.173639 0.154265 0.029094 0.026743
0.0 0.127717 0.144705 0.027221 0.025875
1.0 0.346193 0.163746 0.047699 0.055523
1.0 0.251952 0.172716 0.007419 0.013075
0.0 0.322846 0.154265 0.029094 0.026743
0.0 0.368767 0.144705 0.027221 0.025875
1.0 0.485838 0.163746 0.047699 0.055523
1.0 0.580079 0.172716 0.007419 0.013075
0.0 0.509186 0.154265 0.029094 0.026743
0.0 0.463264 0.144705 0.027221 0.025875
1.0 0.681740 0.163746 0.047699 0.055523
1.0 0.587499 0.172716 0.007419 0.013075
0.0 0.658392 0.154265 0.029094 0.026743
0.0 0.704314 0.144705 0.027221 0.025875
1.0 0.821385 0.163746 0.047699 0.055523
1.0 0.915626 0.172716 0.007419 0.013075
0.0 0.844733 0.154265 0.029094 0.026743
0.0 0.798811 0.144705 0.027221 0.025875
1.0 0.996719 0.163746 0.006563 0.055523
1.0 0.923046 0.172716 0.007419 0.013075
0.0 0.989696 0.154265 0.020608 0.026743
1.0 0.017248 0.537643 0.034496 0.055523
0.0 0.000923 0.547124 0.001846 0.026743
0.0 0.033220 0.556684 0.027221 0.025875
1.0 0.150291 0.537643 0.047699 0.055523
1.0 0.244532 0.528673 0.007419 0.013075
0.0 0.173639 0.547124 0.029094 0.026743
0.0 0.127717 0.556684 0.027221 0.025875
1.0 0.346193 0.537643 0.047699 0.055523
1.0 0.251952 0.528673 0.007419 0.013075
0.0 0.322846 0.547124 0.029094 0.026743
0.0 0.368767 0.556684 0.027221 0.025875
1.0 0.485838 0.537643 0.047699 0.055523
1.0 0.580079 0.528673 0.007419 0.013075
0.0 0.509186 0.547124 0.029094 0.026743
0.0 0.463264 0.556684 0.027221 0.025875
1.0 0.681740 0.537643 0.047699 0.055523
1.0 0.587499 0.528673 0.007419 0.013075
0.0 0.658392 0.547124 0.029094 0.026743
0.0 0.704314 0.556684 0.027221 0.025875
1.0 0.821385 0.537643 0.047699 0.055523
1.0 0.915626 0.528673 0.007419 0.013075
0.0 0.844733 0.547124 0.029094 0.026743
0.0 0.798811 0.556684 0.027221 0.025875
1.0 0.996719 0.537643 0.006563 0.055523
1.0 0.923046 0.528673 0.007419 0.013075
0.0 0.989696 0.547124 0.020608 0.026743
1.0 0.017248 0.760274 0.034496 0.055523
0.0 0.000923 0.750793 0.001846 0.026743
0.0 0.033220 0.741233 0.027221 0.025875
1.0 0.150291 0.760274 0.047699 0.055523
1.0 0.244532 0.769243 0.007419 0.013075
0.0 0.173639 0.750793 0.029094 0.026743
0.0 0.127717 0.741233 0.027221 0.025875
1.0 0.346193 0.760274 0.047699 0.055523
1.0 0.251952 0.769243 0.007419 0.013075
0.0 0.322846 0.750793 0.029094 0.026743
0.0 0.368767 0.741233 0.027221 0.025875
1.0 0.485838 0.760274 0.047699 0.055523
1.0 0.580079 0.769243 0.007419 0.013075
0.0 0.509186 0.750793 0.029094 0.026743
0.0 0.463264 0.741233 0.027221 0.025875
1.0 0.681740 0.760274 0.047699 0.055523
1.0 0.587499 0.769243 0.007419 0.013075
0.0 0.658392 0.750793 0.029094 0.026743
0.0 0.704314 0.741233 0.027221 0.025875
1.0 0.821385 0.760274 0.047699 0.055523
1.0 0.915626 0.769243 0.007419 0.013075
0.0 0.844733 0.750793 0.029094 0.026743
0.0 0.798811 0.741233 0.027221 0.025875
1.0 0.996719 0.760274 0.006563 0.055523
1.0 0.923046 0.769243 0.007419 0.013075
0.0 0.989696 0.750793 0.020608 0.026743
