0.0 0.016999 0.011730 0.033998 0.023461
0.0 0.075468 0.011730 0.054089 0.023461
0.0 0.103829 0.023438 0.055079 0.046875
0.0 0.129739 0.023438 0.026851 0.046875
0.0 0.210860 0.011730 0.054089 0.023461
0.0 0.182499 0.023438 0.055079 0.046875
0.0 0.156590 0.023438 0.026851 0.046875
0.0 0.279374 0.011730 0.054089 0.023461
0.0 0.307735 0.023438 0.055079 0.046875
0.0 0.333645 0.023438 0.026851 0.046875
0.0 0.414766 0.011730 0.054089 0.023461
0.0 0.386405 0.023438 0.055079 0.046875
0.0 0.360496 0.023438 0.026851 0.046875
0.0 0.483280 0.011730 0.054089 0.023461
0.0 0.511641 0.023438 0.055079 0.046875
0.0 0.537551 0.023438 0.026851 0.046875
0.0 0.618673 0.011730 0.054089 0.023461
0.0 0.590312 0.023438 0.055079 0.046875
0.0 0.564402 0.023438 0.026851 0.046875
0.0 0.687187 0.011730 0.054089 0.023461
0.0 0.715548 0.023438 0.055079 0.046875
0.0 0.741457 0.023438 0.026851 0.046875
0.0 0.822579 0.011730 0.054089 0.023461
0.0 0.794218 0.023438 0.055079 0.046875
0.0 0.768308 0.023438 0.026851 0.046875
0.0 0.891093 0.011730 0.054089 0.023461
0.0 0.919454 0.023438 0.055079 0.046875
0.0 0.945364 0.023438 0.026851 0.046875
0.0 0.985292 0.023438 0.029415 0.046875
0.0 0.972215 0.023438 0.026851 0.046875
0.0 0.029875 0.153337 0.022673 0.130809
0.0 0.016999 0.135694 0.033998 0.130809
0.0 0.003066 0.107357 0.006133 0.120963
0.0 0.052547 0.153337 0.022673 0.130809
0.0 0.075468 0.135694 0.054089 0.130809
0.0 0.103829 0.107357 0.055079 0.120963
0.0 0.129739 0.098217 0.026851 0.102683
0.0 0.233781 0.153337 0.022673 0.130809
0.0 0.210860 0.135694 0.054089 0.130809
0.0 0.182499 0.107357 0.055079 0.120963
0.0 0.156590 0.098217 0.026851 0.102683
0.0 0.256453 0.153337 0.022673 0.130809
0.0 0.279374 0.135694 0.054089 0.130809
0.0 0.307735 0.107357 0.055079 0.120963
0.0 0.333645 0.098217 0.026851 0.102683
0.0 0.437687 0.153337 0.022673 0.130809
0.0 0.414766 0.135694 0.054089 0.130809
0.0 0.386405 0.107357 0.055079 0.120963
0.0 0.360496 0.098217 0.026851 0.102683
0.0 0.460360 0.153337 0.022673 0.130809
0.0 0.483280 0.135694 0.054089 0.130809
0.0 0.511641 0.107357 0.055079 0.120963
0.0 0.537551 0.098217 0.026851 0.102683
0.0 0.641593 0.153337 0.022673 0.130809
0.0 0.618673 0.135694 0.054089 0.130809
0.0 0.590312 0.107357 0.055079 0.120963
0.0 0.564402 0.098217 0.026851 0.102683
0.0 0.664266 0.153337 0.022673 0.130809
0.0 0.687187 0.135694 0.054089 0.130809
0.0 0.715548 0.107357 0.055079 0.120963
0.0 0.741457 0.098217 0.026851 0.102683
0.0 0.845500 0.153337 0.022673 0.130809
0.0 0.822579 0.135694 0.054089 0.130809
0.0 0.794218 0.107357 0.055079 0.120963
0.0 0.768308 0.098217 0.026851 0.102683
0.0 0.868172 0.153337 0.022673 0.130809
0.0 0.891093 0.135694 0.054089 0.130809
0.0 0.919454 0.107357 0.055079 0.120963
0.0 0.945364 0.098217 0.026851 0.102683
0.0 0.985292 0.107357 0.029415 0.120963
0.0 0.972215 0.098217 0.026851 0.102683
0.0 0.029875 0.302913 0.022673 0.130809
0.0 0.016999 0.320556 0.033998 0.130809
0.0 0.003066 0.348893 0.006133 0.120963
0.0 0.052547 0.302913 0.022673 0.130809
0.0 0.075468 0.320556 0.054089 0.130809
0.0 0.103829 0.348893 0.055079 0.120963
0.0 0.129739 0.358033 0.026851 0.102683
0.0 0.233781 0.302913 0.022673 0.130809
0.0 0.210860 0.320556 0.054089 0.130809
0.0 0.182499 0.348893 0.055079 0.120963
0.0 0.156590 0.358033 0.026851 0.102683
0.0 0.256453 0.302913 0.022673 0.130809
0.0 0.279374 0.320556 0.054089 0.130809
0.0 0.307735 0.348893 0.055079 0.120963
0.0 0.333645 0.358033 0.026851 0.102683
0.0 0.437687 0.302913 0.022673 0.130809
0.0 0.414766 0.320556 0.054089 0.130809
0.0 0.386405 0.348893 0.055079 0.120963
0.0 0.360496 0.358033 0.026851 0.102683
0.0 0.460360 0.302913 0.022673 0.130809
0.0 0.483280 0.320556 0.054089 0.130809
0.0 0.511641 0.348893 0.055079 0.120963
0.0 0.537551 0.358033 0.026851 0.102683
0.0 0.641593 0.302913 0.022673 0.130809
0.0 0.618673 0.320556 0.054089 0.130809
0.0 0.590312 0.348893 0.055079 0.120963
0.0 0.564402 0.358033 0.026851 0.102683
0.0 0.664266 0.302913 0.022673 0.130809
0.0 0.687187 0.320556 0.054089 0.130809
0.0 0.715548 0.348893 0.055079 0.120963
0.0 0.741457 0.358033 0.026851 0.102683
0.0 0.845500 0.302913 0.022673 0.130809
0.0 0.822579 0.320556 0.054089 0.130809
0.0 0.794218 0.348893 0.055079 0.120963
0.0 0.768308 0.358033 0.026851 0.102683
0.0 0.868172 0.302913 0.022673 0.130809
0.0 0.891093 0.320556 0.054089 0.130809
0.0 0.919454 0.348893 0.055079 0.120963
0.0 0.945364 0.358033 0.026851 0.102683
0.0 0.985292 0.348893 0.029415 0.120963
0.0 0.972215 0.358033 0.026851 0.102683
0.0 0.029875 0.515837 0.022673 0.130809
0.0 0.016999 0.498194 0.033998 0.130809
0.0 0.003066 0.469857 0.006133 0.120963
0.0 0.052547 0.515837 0.022673 0.130809
0.0 0.075468 0.498194 0.054089 0.130809
0.0 0.103829 0.469857 0.055079 0.120963
0.0 0.129739 0.460717 0.026851 0.102683
0.0 0.233781 0.515837 0.022673 0.130809
0.0 0.210860 0.498194 0.054089 0.130809
0.0 0.182499 0.469857 0.055079 0.120963
0.0 0.156590 0.460717 0.026851 0.102683
0.0 0.256453 0.515837 0.022673 0.130809
0.0 0.279374 0.498194 0.054089 0.130809
0.0 0.307735 0.469857 0.055079 0.120963
0.0 0.333645 0.460717 0.026851 0.102683
0.0 0.437687 0.515837 0.022673 0.130809
0.0 0.414766 0.498194 0.054089 0.130809
0.0 0.386405 0.469857 0.055079 0.120963
0.0 0.360496 0.460717 0.026851 0.102683
0.0 0.460360 0.515837 0.022673 0.130809
0.0 0.483280 0.498194 0.054089 0.130809
0.0 0.511641 0.469857 0.055079 0.120963
0.0 0.537551 0.460717 0.026851 0.102683
0.0 0.641593 0.515837 0.022673 0.130809
0.0 0.618673 0.498194 0.054089 0.130809
0.0 0.590312 0.469857 0.055079 0.120963
0.0 0.564402 0.460717 0.026851 0.102683
0.0 0.664266 0.515837 0.022673 0.130809
0.0 0.687187 0.498194 0.054089 0.130809
0.0 0.715548 0.469857 0.055079 0.120963
0.0 0.741457 0.460717 0.026851 0.102683
0.0 0.845500 0.515837 0.022673 0.130809
0.0 0.822579 0.498194 0.054089 0.130809
0.0 0.794218 0.469857 0.055079 0.120963
0.0 0.768308 0.460717 0.026851 0.102683
0.0 0.868172 0.515837 0.022673 0.130809
0.0 0.891093 0.498194 0.054089 0.130809
0.0 0.919454 0.469857 0.055079 0.120963
0.0 0.945364 0.460717 0.026851 0.102683
0.0 0.985292 0.469857 0.029415 0.120963
0.0 0.972215 0.460717 0.026851 0.102683
0.0 0.029875 0.665413 0.022673 0.130809
0.0 0.016999 0.683056 0.033998 0.130809
0.0 0.003066 0.711393 0.006133 0.120963
0.0 0.052547 0.665413 0.022673 0.130809
0.0 0.075468 0.683056 0.054089 0.130809
0.0 0.103829 0.711393 0.055079 0.120963
0.0 0.129739 0.720533 0.026851 0.102683
0.0 0.233781 0.665413 0.022673 0.130809
0.0 0.210860 0.683056 0.054089 0.130809
0.0 0.182499 0.711393 0.055079 0.120963
0.0 0.156590 0.720533 0.026851 0.102683
0.0 0.256453 0.665413 0.022673 0.130809
0.0 0.279374 0.683056 0.054089 0.130809
0.0 0.307735 0.711393 0.055079 0.120963
0.0 0.333645 0.720533 0.026851 0.102683
0.0 0.437687 0.665413 0.022673 0.130809
0.0 0.414766 0.683056 0.054089 0.130809
0.0 0.386405 0.711393 0.055079 0.120963
0.0 0.360496 0.720533 0.026851 0.102683
0.0 0.460360 0.665413 0.022673 0.130809
0.0 0.483280 0.683056 0.054089 0.130809
0.0 0.511641 0.711393 0.055079 0.120963
0.0 0.537551 0.720533 0.026851 0.102683
0.0 0.641593 0.665413 0.022673 0.130809
0.0 0.618673 0.683056 0.054089 0.130809
0.0 0.590312 0.711393 0.055079 0.120963
0.0 0.564402 0.720533 0.026851 0.102683
0.0 0.664266 0.665413 0.022673 0.130809
0.0 0.687187 0.683056 0.054089 0.130809
0.0 0.715548 0.711393 0.055079 0.120963
0.0 0.741457 0.720533 0.026851 0.102683
0.0 0.845500 0.665413 0.022673 0.130809
0.0 0.822579 0.683056 0.054089 0.130809
0.0 0.794218 0.711393 0.055079 0.120963
0.0 0.768308 0.720533 0.026851 0.102683
0.0 0.868172 0.665413 0.022673 0.130809
0.0 0.891093 0.683056 0.054089 0.130809
0.0 0.919454 0.711393 0.055079 0.120963
0.0 0.945364 0.720533 0.026851 0.102683
0.0 0.985292 0.711393 0.029415 0.120963
0.0 0.972215 0.720533 0.026851 0.102683
0.0 0.029875 0.878337 0.022673 0.130809
0.0 0.016999 0.860694 0.033998 0.130809
0.0 0.003066 0.832357 0.006133 0.120963
0.0 0.052547 0.878337 0.022673 0.130809
0.0 0.075468 0.860694 0.054089 0.130809
0.0 0.103829 0.832357 0.055079 0.120963
0.0 0.129739 0.823217 0.026851 0.102683
0.0 0.233781 0.878337 0.022673 0.130809
0.0 0.210860 0.860694 0.054089 0.130809
0.0 0.182499 0.832357 0.055079 0.120963
0.0 0.156590 0.823217 0.026851 0.102683
0.0 0.256453 0.878337 0.022673 0.130809
0.0 0.279374 0.860694 0.054089 0.130809
0.0 0.307735 0.832357 0.055079 0.120963
0.0 0.333645 0.823217 0.026851 0.102683
0.0 0.437687 0.878337 0.022673 0.130809
0.0 0.414766 0.860694 0.054089 0.130809
0.0 0.386405 0.832357 0.055079 0.120963
0.0 0.360496 0.823217 0.026851 0.102683
0.0 0.460360 0.878337 0.022673 0.130809
0.0 0.483280 0.860694 0.054089 0.130809
0.0 0.511641 0.832357 0.055079 0.120963
0.0 0.537551 0.823217 0.026851 0.102683
0.0 0.641593 0.878337 0.022673 0.130809
0.0 0.618673 0.860694 0.054089 0.130809
0.0 0.590312 0.832357 0.055079 0.120963
0.0 0.564402 0.823217 0.026851 0.102683
0.0 0.664266 0.878337 0.022673 0.130809
0.0 0.687187 0.860694 0.054089 0.130809
0.0 0.715548 0.832357 0.055079 0.120963
0.0 0.741457 0.823217 0.026851 0.102683
0.0 0.845500 0.878337 0.022673 0.130809
0.0 0.822579 0.860694 0.054089 0.130809
0.0 0.794218 0.832357 0.055079 0.120963
0.0 0.768308 0.823217 0.026851 0.102683
0.0 0.868172 0.878337 0.022673 0.130809
0.0 0.891093 0.860694 0.054089 0.130809
0.0 0.919454 0.832357 0.055079 0.120963
0.0 0.945364 0.823217 0.026851 0.102683
0.0 0.985292 0.832357 0.029415 0.120963
0.0 0.972215 0.823217 0.026851 0.102683
0.0 0.029875 0.981254 0.022673 0.037492
0.0 0.016999 0.990076 0.033998 0.019849
0.0 0.052547 0.981254 0.022673 0.037492
0.0 0.075468 0.990076 0.054089 0.019849
0.0 0.233781 0.981254 0.022673 0.037492
0.0 0.210860 0.990076 0.054089 0.019849
0.0 0.256453 0.981254 0.022673 0.037492
0.0 0.279374 0.990076 0.054089 0.019849
0.0 0.437687 0.981254 0.022673 0.037492
0.0 0.414766 0.990076 0.054089 0.019849
0.0 0.460360 0.981254 0.022673 0.037492
0.0 0.483280 0.990076 0.054089 0.019849
0.0 0.641593 0.981254 0.022673 0.037492
0.0 0.618673 0.990076 0.054089 0.019849
0.0 0.664266 0.981254 0.022673 0.037492
0.0 0.687187 0.990076 0.054089 0.019849
0.0 0.845500 0.981254 0.022673 0.037492
0.0 0.822579 0.990076 0.054089 0.019849
0.0 0.868172 0.981254 0.022673 0.037492
0.0 0.891093 0.990076 0.054089 0.019849
