1.0 0.031305 0.053861 0.008224 0.026681
1.0 0.021232 0.054653 0.007951 0.020954
0.0 0.021812 0.039120 0.015008 0.013769
0.0 0.015167 0.046431 0.006510 0.014009
0.0 0.025651 0.017361 0.007552 0.006944
0.0 0.026172 0.045370 0.005990 0.012963
1.0 0.091612 0.053861 0.008224 0.026681
1.0 0.101685 0.054653 0.007951 0.020954
0.0 0.101104 0.039120 0.015008 0.013769
0.0 0.107750 0.046431 0.006510 0.014009
0.0 0.097266 0.017361 0.007552 0.006944
0.0 0.096745 0.045370 0.005990 0.012963
1.0 0.166201 0.053861 0.008224 0.026681
1.0 0.156128 0.054653 0.007951 0.020954
0.0 0.156708 0.039120 0.015008 0.013769
0.0 0.150062 0.046431 0.006510 0.014009
0.0 0.160547 0.017361 0.007552 0.006944
0.0 0.161068 0.045370 0.005990 0.012963
1.0 0.226508 0.053861 0.008224 0.026681
1.0 0.236581 0.054653 0.007951 0.020954
0.0 0.236000 0.039120 0.015008 0.013769
0.0 0.242646 0.046431 0.006510 0.014009
0.0 0.232161 0.017361 0.007552 0.006944
0.0 0.231641 0.045370 0.005990 0.012963
1.0 0.301096 0.053861 0.008224 0.026681
1.0 0.291023 0.054653 0.007951 0.020954
0.0 0.291604 0.039120 0.015008 0.013769
0.0 0.284958 0.046431 0.006510 0.014009
0.0 0.295443 0.017361 0.007552 0.006944
0.0 0.295964 0.045370 0.005990 0.012963
1.0 0.361404 0.053861 0.008224 0.026681
1.0 0.371477 0.054653 0.007951 0.020954
0.0 0.370896 0.039120 0.015008 0.013769
0.0 0.377542 0.046431 0.006510 0.014009
0.0 0.367057 0.017361 0.007552 0.006944
0.0 0.366536 0.045370 0.005990 0.012963
1.0 0.435992 0.053861 0.008224 0.026681
1.0 0.425919 0.054653 0.007951 0.020954
0.0 0.426500 0.039120 0.015008 0.013769
0.0 0.419854 0.046431 0.006510 0.014009
0.0 0.430339 0.017361 0.007552 0.006944
0.0 0.430859 0.045370 0.005990 0.012963
1.0 0.496299 0.053861 0.008224 0.026681
1.0 0.506372 0.054653 0.007951 0.020954
0.0 0.505792 0.039120 0.015008 0.013769
0.0 0.512438 0.046431 0.006510 0.014009
0.0 0.501953 0.017361 0.007552 0.006944
0.0 0.501432 0.045370 0.005990 0.012963
1.0 0.570888 0.053861 0.008224 0.026681
1.0 0.560815 0.054653 0.007951 0.020954
0.0 0.561396 0.039120 0.015008 0.013769
0.0 0.554750 0.046431 0.006510 0.014009
0.0 0.565234 0.017361 0.007552 0.006944
0.0 0.565755 0.045370 0.005990 0.012963
1.0 0.631195 0.053861 0.008224 0.026681
1.0 0.641268 0.054653 0.007951 0.020954
0.0 0.640688 0.039120 0.015008 0.013769
0.0 0.647333 0.046431 0.006510 0.014009
0.0 0.636849 0.017361 0.007552 0.006944
0.0 0.636328 0.045370 0.005990 0.012963
1.0 0.705784 0.053861 0.008224 0.026681
1.0 0.695711 0.054653 0.007951 0.020954
0.0 0.696292 0.039120 0.015008 0.013769
0.0 0.689646 0.046431 0.006510 0.014009
0.0 0.700130 0.017361 0.007552 0.006944
0.0 0.700651 0.045370 0.005990 0.012963
1.0 0.766091 0.053861 0.008224 0.026681
1.0 0.776164 0.054653 0.007951 0.020954
0.0 0.775583 0.039120 0.015008 0.013769
0.0 0.782229 0.046431 0.006510 0.014009
0.0 0.771745 0.017361 0.007552 0.006944
0.0 0.771224 0.045370 0.005990 0.012963
1.0 0.840680 0.053861 0.008224 0.026681
1.0 0.830607 0.054653 0.007951 0.020954
0.0 0.831187 0.039120 0.015008 0.013769
0.0 0.824542 0.046431 0.006510 0.014009
0.0 0.835026 0.017361 0.007552 0.006944
0.0 0.835547 0.045370 0.005990 0.012963
1.0 0.900987 0.053861 0.008224 0.026681
1.0 0.911060 0.054653 0.007951 0.020954
0.0 0.910479 0.039120 0.015008 0.013769
0.0 0.917125 0.046431 0.006510 0.014009
0.0 0.906641 0.017361 0.007552 0.006944
0.0 0.906120 0.045370 0.005990 0.012963
1.0 0.975576 0.053861 0.008224 0.026681
1.0 0.965503 0.054653 0.007951 0.020954
0.0 0.966083 0.039120 0.015008 0.013769
0.0 0.959437 0.046431 0.006510 0.014009
0.0 0.969922 0.017361 0.007552 0.006944
0.0 0.970443 0.045370 0.005990 0.012963
1.0 0.031305 0.137806 0.008224 0.026681
1.0 0.021232 0.137014 0.007951 0.020954
0.0 0.021812 0.152546 0.015008 0.013769
0.0 0.015167 0.145236 0.006510 0.014009
0.0 0.025651 0.174306 0.007552 0.006944
0.0 0.026172 0.146296 0.005990 0.012963
1.0 0.091612 0.137806 0.008224 0.026681
1.0 0.101685 0.137014 0.007951 0.020954
0.0 0.101104 0.152546 0.015008 0.013769
0.0 0.107750 0.145236 0.006510 0.014009
0.0 0.097266 0.174306 0.007552 0.006944
0.0 0.096745 0.146296 0.005990 0.012963
1.0 0.166201 0.137806 0.008224 0.026681
1.0 0.156128 0.137014 0.007951 0.020954
0.0 0.156708 0.152546 0.015008 0.013769
0.0 0.150062 0.145236 0.006510 0.014009
0.0 0.160547 0.174306 0.007552 0.006944
0.0 0.161068 0.146296 0.005990 0.012963
1.0 0.226508 0.137806 0.008224 0.026681
1.0 0.236581 0.137014 0.007951 0.020954
0.0 0.236000 0.152546 0.015008 0.013769
0.0 0.242646 0.145236 0.006510 0.014009
0.0 0.232161 0.174306 0.007552 0.006944
0.0 0.231641 0.146296 0.005990 0.012963
1.0 0.301096 0.137806 0.008224 0.026681
1.0 0.291023 0.137014 0.007951 0.020954
0.0 0.291604 0.152546 0.015008 0.013769
0.0 0.284958 0.145236 0.006510 0.014009
0.0 0.295443 0.174306 0.007552 0.006944
0.0 0.295964 0.146296 0.005990 0.012963
1.0 0.361404 0.137806 0.008224 0.026681
1.0 0.371477 0.137014 0.007951 0.020954
0.0 0.370896 0.152546 0.015008 0.013769
0.0 0.377542 0.145236 0.006510 0.014009
0.0 0.367057 0.174306 0.007552 0.006944
0.0 0.366536 0.146296 0.005990 0.012963
1.0 0.435992 0.137806 0.008224 0.026681
1.0 0.425919 0.137014 0.007951 0.020954
0.0 0.426500 0.152546 0.015008 0.013769
0.0 0.419854 0.145236 0.006510 0.014009
0.0 0.430339 0.174306 0.007552 0.006944
0.0 0.430859 0.146296 0.005990 0.012963
1.0 0.496299 0.137806 0.008224 0.026681
1.0 0.506372 0.137014 0.007951 0.020954
0.0 0.505792 0.152546 0.015008 0.013769
0.0 0.512438 0.145236 0.006510 0.014009
0.0 0.501953 0.174306 0.007552 0.006944
0.0 0.501432 0.146296 0.005990 0.012963
1.0 0.570888 0.137806 0.008224 0.026681
1.0 0.560815 0.137014 0.007951 0.020954
0.0 0.561396 0.152546 0.015008 0.013769
0.0 0.554750 0.145236 0.006510 0.014009
0.0 0.565234 0.174306 0.007552 0.006944
0.0 0.565755 0.146296 0.005990 0.012963
1.0 0.631195 0.137806 0.008224 0.026681
1.0 0.641268 0.137014 0.007951 0.020954
0.0 0.640688 0.152546 0.015008 0.013769
0.0 0.647333 0.145236 0.006510 0.014009
0.0 0.636849 0.174306 0.007552 0.006944
0.0 0.636328 0.146296 0.005990 0.012963
1.0 0.705784 0.137806 0.008224 0.026681
1.0 0.695711 0.137014 0.007951 0.020954
0.0 0.696292 0.152546 0.015008 0.013769
0.0 0.689646 0.145236 0.006510 0.014009
0.0 0.700130 0.174306 0.007552 0.006944
0.0 0.700651 0.146296 0.005990 0.012963
1.0 0.766091 0.137806 0.008224 0.026681
1.0 0.776164 0.137014 0.007951 0.020954
0.0 0.775583 0.152546 0.015008 0.013769
0.0 0.782229 0.145236 0.006510 0.014009
0.0 0.771745 0.174306 0.007552 0.006944
0.0 0.771224 0.146296 0.005990 0.012963
1.0 0.840680 0.137806 0.008224 0.026681
1.0 0.830607 0.137014 0.007951 0.020954
0.0 0.831187 0.152546 0.015008 0.013769
0.0 0.824542 0.145236 0.006510 0.014009
0.0 0.835026 0.174306 0.007552 0.006944
0.0 0.835547 0.146296 0.005990 0.012963
1.0 0.900987 0.137806 0.008224 0.026681
1.0 0.911060 0.137014 0.007951 0.020954
0.0 0.910479 0.152546 0.015008 0.013769
0.0 0.917125 0.145236 0.006510 0.014009
0.0 0.906641 0.174306 0.007552 0.006944
0.0 0.906120 0.146296 0.005990 0.012963
1.0 0.975576 0.137806 0.008224 0.026681
1.0 0.965503 0.137014 0.007951 0.020954
0.0 0.966083 0.152546 0.015008 0.013769
0.0 0.959437 0.145236 0.006510 0.014009
0.0 0.969922 0.174306 0.007552 0.006944
0.0 0.970443 0.146296 0.005990 0.012963
1.0 0.031305 0.233491 0.008224 0.026681
1.0 0.021232 0.234282 0.007951 0.020954
0.0 0.021812 0.218750 0.015008 0.013769
0.0 0.015167 0.226060 0.006510 0.014009
0.0 0.025651 0.196991 0.007552 0.006944
0.0 0.026172 0.225000 0.005990 0.012963
1.0 0.091612 0.233491 0.008224 0.026681
1.0 0.101685 0.234282 0.007951 0.020954
0.0 0.101104 0.218750 0.015008 0.013769
0.0 0.107750 0.226060 0.006510 0.014009
0.0 0.097266 0.196991 0.007552 0.006944
0.0 0.096745 0.225000 0.005990 0.012963
1.0 0.166201 0.233491 0.008224 0.026681
1.0 0.156128 0.234282 0.007951 0.020954
0.0 0.156708 0.218750 0.015008 0.013769
0.0 0.150062 0.226060 0.006510 0.014009
0.0 0.160547 0.196991 0.007552 0.006944
0.0 0.161068 0.225000 0.005990 0.012963
1.0 0.226508 0.233491 0.008224 0.026681
1.0 0.236581 0.234282 0.007951 0.020954
0.0 0.236000 0.218750 0.015008 0.013769
0.0 0.242646 0.226060 0.006510 0.014009
0.0 0.232161 0.196991 0.007552 0.006944
0.0 0.231641 0.225000 0.005990 0.012963
1.0 0.301096 0.233491 0.008224 0.026681
1.0 0.291023 0.234282 0.007951 0.020954
0.0 0.291604 0.218750 0.015008 0.013769
0.0 0.284958 0.226060 0.006510 0.014009
0.0 0.295443 0.196991 0.007552 0.006944
0.0 0.295964 0.225000 0.005990 0.012963
1.0 0.361404 0.233491 0.008224 0.026681
1.0 0.371477 0.234282 0.007951 0.020954
0.0 0.370896 0.218750 0.015008 0.013769
0.0 0.377542 0.226060 0.006510 0.014009
0.0 0.367057 0.196991 0.007552 0.006944
0.0 0.366536 0.225000 0.005990 0.012963
1.0 0.435992 0.233491 0.008224 0.026681
1.0 0.425919 0.234282 0.007951 0.020954
0.0 0.426500 0.218750 0.015008 0.013769
0.0 0.419854 0.226060 0.006510 0.014009
0.0 0.430339 0.196991 0.007552 0.006944
0.0 0.430859 0.225000 0.005990 0.012963
1.0 0.496299 0.233491 0.008224 0.026681
1.0 0.506372 0.234282 0.007951 0.020954
0.0 0.505792 0.218750 0.015008 0.013769
0.0 0.512438 0.226060 0.006510 0.014009
0.0 0.501953 0.196991 0.007552 0.006944
0.0 0.501432 0.225000 0.005990 0.012963
1.0 0.570888 0.233491 0.008224 0.026681
1.0 0.560815 0.234282 0.007951 0.020954
0.0 0.561396 0.218750 0.015008 0.013769
0.0 0.554750 0.226060 0.006510 0.014009
0.0 0.565234 0.196991 0.007552 0.006944
0.0 0.565755 0.225000 0.005990 0.012963
1.0 0.631195 0.233491 0.008224 0.026681
1.0 0.641268 0.234282 0.007951 0.020954
0.0 0.640688 0.218750 0.015008 0.013769
0.0 0.647333 0.226060 0.006510 0.014009
0.0 0.636849 0.196991 0.007552 0.006944
0.0 0.636328 0.225000 0.005990 0.012963
1.0 0.705784 0.233491 0.008224 0.026681
1.0 0.695711 0.234282 0.007951 0.020954
0.0 0.696292 0.218750 0.015008 0.013769
0.0 0.689646 0.226060 0.006510 0.014009
0.0 0.700130 0.196991 0.007552 0.006944
0.0 0.700651 0.225000 0.005990 0.012963
1.0 0.766091 0.233491 0.008224 0.026681
1.0 0.776164 0.234282 0.007951 0.020954
0.0 0.775583 0.218750 0.015008 0.013769
0.0 0.782229 0.226060 0.006510 0.014009
0.0 0.771745 0.196991 0.007552 0.006944
0.0 0.771224 0.225000 0.005990 0.012963
1.0 0.840680 0.233491 0.008224 0.026681
1.0 0.830607 0.234282 0.007951 0.020954
0.0 0.831187 0.218750 0.015008 0.013769
0.0 0.824542 0.226060 0.006510 0.014009
0.0 0.835026 0.196991 0.007552 0.006944
0.0 0.835547 0.225000 0.005990 0.012963
1.0 0.900987 0.233491 0.008224 0.026681
1.0 0.911060 0.234282 0.007951 0.020954
0.0 0.910479 0.218750 0.015008 0.013769
0.0 0.917125 0.226060 0.006510 0.014009
0.0 0.906641 0.196991 0.007552 0.006944
0.0 0.906120 0.225000 0.005990 0.012963
1.0 0.975576 0.233491 0.008224 0.026681
1.0 0.965503 0.234282 0.007951 0.020954
0.0 0.966083 0.218750 0.015008 0.013769
0.0 0.959437 0.226060 0.006510 0.014009
0.0 0.969922 0.196991 0.007552 0.006944
0.0 0.970443 0.225000 0.005990 0.012963
1.0 0.031305 0.317435 0.008224 0.026681
1.0 0.021232 0.316644 0.007951 0.020954
0.0 0.021812 0.332176 0.015008 0.013769
0.0 0.015167 0.324866 0.006510 0.014009
0.0 0.025651 0.353935 0.007552 0.006944
0.0 0.026172 0.325926 0.005990 0.012963
1.0 0.091612 0.317435 0.008224 0.026681
1.0 0.101685 0.316644 0.007951 0.020954
0.0 0.101104 0.332176 0.015008 0.013769
0.0 0.107750 0.324866 0.006510 0.014009
0.0 0.097266 0.353935 0.007552 0.006944
0.0 0.096745 0.325926 0.005990 0.012963
1.0 0.166201 0.317435 0.008224 0.026681
1.0 0.156128 0.316644 0.007951 0.020954
0.0 0.156708 0.332176 0.015008 0.013769
0.0 0.150062 0.324866 0.006510 0.014009
0.0 0.160547 0.353935 0.007552 0.006944
0.0 0.161068 0.325926 0.005990 0.012963
1.0 0.226508 0.317435 0.008224 0.026681
1.0 0.236581 0.316644 0.007951 0.020954
0.0 0.236000 0.332176 0.015008 0.013769
0.0 0.242646 0.324866 0.006510 0.014009
0.0 0.232161 0.353935 0.007552 0.006944
0.0 0.231641 0.325926 0.005990 0.012963
1.0 0.301096 0.317435 0.008224 0.026681
1.0 0.291023 0.316644 0.007951 0.020954
0.0 0.291604 0.332176 0.015008 0.013769
0.0 0.284958 0.324866 0.006510 0.014009
0.0 0.295443 0.353935 0.007552 0.006944
0.0 0.295964 0.325926 0.005990 0.012963
1.0 0.361404 0.317435 0.008224 0.026681
1.0 0.371477 0.316644 0.007951 0.020954
0.0 0.370896 0.332176 0.015008 0.013769
0.0 0.377542 0.324866 0.006510 0.014009
0.0 0.367057 0.353935 0.007552 0.006944
0.0 0.366536 0.325926 0.005990 0.012963
1.0 0.435992 0.317435 0.008224 0.026681
1.0 0.425919 0.316644 0.007951 0.020954
0.0 0.426500 0.332176 0.015008 0.013769
0.0 0.419854 0.324866 0.006510 0.014009
0.0 0.430339 0.353935 0.007552 0.006944
0.0 0.430859 0.325926 0.005990 0.012963
1.0 0.496299 0.317435 0.008224 0.026681
1.0 0.506372 0.316644 0.007951 0.020954
0.0 0.505792 0.332176 0.015008 0.013769
0.0 0.512438 0.324866 0.006510 0.014009
0.0 0.501953 0.353935 0.007552 0.006944
0.0 0.501432 0.325926 0.005990 0.012963
1.0 0.570888 0.317435 0.008224 0.026681
1.0 0.560815 0.316644 0.007951 0.020954
0.0 0.561396 0.332176 0.015008 0.013769
0.0 0.554750 0.324866 0.006510 0.014009
0.0 0.565234 0.353935 0.007552 0.006944
0.0 0.565755 0.325926 0.005990 0.012963
1.0 0.631195 0.317435 0.008224 0.026681
1.0 0.641268 0.316644 0.007951 0.020954
0.0 0.640688 0.332176 0.015008 0.013769
0.0 0.647333 0.324866 0.006510 0.014009
0.0 0.636849 0.353935 0.007552 0.006944
0.0 0.636328 0.325926 0.005990 0.012963
1.0 0.705784 0.317435 0.008224 0.026681
1.0 0.695711 0.316644 0.007951 0.020954
0.0 0.696292 0.332176 0.015008 0.013769
0.0 0.689646 0.324866 0.006510 0.014009
0.0 0.700130 0.353935 0.007552 0.006944
0.0 0.700651 0.325926 0.005990 0.012963
1.0 0.766091 0.317435 0.008224 0.026681
1.0 0.776164 0.316644 0.007951 0.020954
0.0 0.775583 0.332176 0.015008 0.013769
0.0 0.782229 0.324866 0.006510 0.014009
0.0 0.771745 0.353935 0.007552 0.006944
0.0 0.771224 0.325926 0.005990 0.012963
1.0 0.840680 0.317435 0.008224 0.026681
1.0 0.830607 0.316644 0.007951 0.020954
0.0 0.831187 0.332176 0.015008 0.013769
0.0 0.824542 0.324866 0.006510 0.014009
0.0 0.835026 0.353935 0.007552 0.006944
0.0 0.835547 0.325926 0.005990 0.012963
1.0 0.900987 0.317435 0.008224 0.026681
1.0 0.911060 0.316644 0.007951 0.020954
0.0 0.910479 0.332176 0.015008 0.013769
0.0 0.917125 0.324866 0.006510 0.014009
0.0 0.906641 0.353935 0.007552 0.006944
0.0 0.906120 0.325926 0.005990 0.012963
1.0 0.975576 0.317435 0.008224 0.026681
1.0 0.965503 0.316644 0.007951 0.020954
0.0 0.966083 0.332176 0.015008 0.013769
0.0 0.959437 0.324866 0.006510 0.014009
0.0 0.969922 0.353935 0.007552 0.006944
0.0 0.970443 0.325926 0.005990 0.012963
1.0 0.031305 0.413120 0.008224 0.026681
1.0 0.021232 0.413912 0.007951 0.020954
0.0 0.021812 0.398380 0.015008 0.013769
0.0 0.015167 0.405690 0.006510 0.014009
0.0 0.025651 0.376620 0.007552 0.006944
0.0 0.026172 0.404630 0.005990 0.012963
1.0 0.091612 0.413120 0.008224 0.026681
1.0 0.101685 0.413912 0.007951 0.020954
0.0 0.101104 0.398380 0.015008 0.013769
0.0 0.107750 0.405690 0.006510 0.014009
0.0 0.097266 0.376620 0.007552 0.006944
0.0 0.096745 0.404630 0.005990 0.012963
1.0 0.166201 0.413120 0.008224 0.026681
1.0 0.156128 0.413912 0.007951 0.020954
0.0 0.156708 0.398380 0.015008 0.013769
0.0 0.150062 0.405690 0.006510 0.014009
0.0 0.160547 0.376620 0.007552 0.006944
0.0 0.161068 0.404630 0.005990 0.012963
1.0 0.226508 0.413120 0.008224 0.026681
1.0 0.236581 0.413912 0.007951 0.020954
0.0 0.236000 0.398380 0.015008 0.013769
0.0 0.242646 0.405690 0.006510 0.014009
0.0 0.232161 0.376620 0.007552 0.006944
0.0 0.231641 0.404630 0.005990 0.012963
1.0 0.301096 0.413120 0.008224 0.026681
1.0 0.291023 0.413912 0.007951 0.020954
0.0 0.291604 0.398380 0.015008 0.013769
0.0 0.284958 0.405690 0.006510 0.014009
0.0 0.295443 0.376620 0.007552 0.006944
0.0 0.295964 0.404630 0.005990 0.012963
1.0 0.361404 0.413120 0.008224 0.026681
1.0 0.371477 0.413912 0.007951 0.020954
0.0 0.370896 0.398380 0.015008 0.013769
0.0 0.377542 0.405690 0.006510 0.014009
0.0 0.367057 0.376620 0.007552 0.006944
0.0 0.366536 0.404630 0.005990 0.012963
1.0 0.435992 0.413120 0.008224 0.026681
1.0 0.425919 0.413912 0.007951 0.020954
0.0 0.426500 0.398380 0.015008 0.013769
0.0 0.419854 0.405690 0.006510 0.014009
0.0 0.430339 0.376620 0.007552 0.006944
0.0 0.430859 0.404630 0.005990 0.012963
1.0 0.496299 0.413120 0.008224 0.026681
1.0 0.506372 0.413912 0.007951 0.020954
0.0 0.505792 0.398380 0.015008 0.013769
0.0 0.512438 0.405690 0.006510 0.014009
0.0 0.501953 0.376620 0.007552 0.006944
0.0 0.501432 0.404630 0.005990 0.012963
1.0 0.570888 0.413120 0.008224 0.026681
1.0 0.560815 0.413912 0.007951 0.020954
0.0 0.561396 0.398380 0.015008 0.013769
0.0 0.554750 0.405690 0.006510 0.014009
0.0 0.565234 0.376620 0.007552 0.006944
0.0 0.565755 0.404630 0.005990 0.012963
1.0 0.631195 0.413120 0.008224 0.026681
1.0 0.641268 0.413912 0.007951 0.020954
0.0 0.640688 0.398380 0.015008 0.013769
0.0 0.647333 0.405690 0.006510 0.014009
0.0 0.636849 0.376620 0.007552 0.006944
0.0 0.636328 0.404630 0.005990 0.012963
1.0 0.705784 0.413120 0.008224 0.026681
1.0 0.695711 0.413912 0.007951 0.020954
0.0 0.696292 0.398380 0.015008 0.013769
0.0 0.689646 0.405690 0.006510 0.014009
0.0 0.700130 0.376620 0.007552 0.006944
0.0 0.700651 0.404630 0.005990 0.012963
1.0 0.766091 0.413120 0.008224 0.026681
1.0 0.776164 0.413912 0.007951 0.020954
0.0 0.775583 0.398380 0.015008 0.013769
0.0 0.782229 0.405690 0.006510 0.014009
0.0 0.771745 0.376620 0.007552 0.006944
0.0 0.771224 0.404630 0.005990 0.012963
1.0 0.840680 0.413120 0.008224 0.026681
1.0 0.830607 0.413912 0.007951 0.020954
0.0 0.831187 0.398380 0.015008 0.013769
0.0 0.824542 0.405690 0.006510 0.014009
0.0 0.835026 0.376620 0.007552 0.006944
0.0 0.835547 0.404630 0.005990 0.012963
1.0 0.900987 0.413120 0.008224 0.026681
1.0 0.911060 0.413912 0.007951 0.020954
0.0 0.910479 0.398380 0.015008 0.013769
0.0 0.917125 0.405690 0.006510 0.014009
0.0 0.906641 0.376620 0.007552 0.006944
0.0 0.906120 0.404630 0.005990 0.012963
1.0 0.975576 0.413120 0.008224 0.026681
1.0 0.965503 0.413912 0.007951 0.020954
0.0 0.966083 0.398380 0.015008 0.013769
0.0 0.959437 0.405690 0.006510 0.014009
0.0 0.969922 0.376620 0.007552 0.006944
0.0 0.970443 0.404630 0.005990 0.012963
1.0 0.031305 0.497065 0.008224 0.026681
1.0 0.021232 0.496273 0.007951 0.020954
0.0 0.021812 0.511806 0.015008 0.013769
0.0 0.015167 0.504495 0.006510 0.014009
0.0 0.025651 0.533565 0.007552 0.006944
0.0 0.026172 0.505556 0.005990 0.012963
1.0 0.091612 0.497065 0.008224 0.026681
1.0 0.101685 0.496273 0.007951 0.020954
0.0 0.101104 0.511806 0.015008 0.013769
0.0 0.107750 0.504495 0.006510 0.014009
0.0 0.097266 0.533565 0.007552 0.006944
0.0 0.096745 0.505556 0.005990 0.012963
1.0 0.166201 0.497065 0.008224 0.026681
1.0 0.156128 0.496273 0.007951 0.020954
0.0 0.156708 0.511806 0.015008 0.013769
0.0 0.150062 0.504495 0.006510 0.014009
0.0 0.160547 0.533565 0.007552 0.006944
0.0 0.161068 0.505556 0.005990 0.012963
1.0 0.226508 0.497065 0.008224 0.026681
1.0 0.236581 0.496273 0.007951 0.020954
0.0 0.236000 0.511806 0.015008 0.013769
0.0 0.242646 0.504495 0.006510 0.014009
0.0 0.232161 0.533565 0.007552 0.006944
0.0 0.231641 0.505556 0.005990 0.012963
1.0 0.301096 0.497065 0.008224 0.026681
1.0 0.291023 0.496273 0.007951 0.020954
0.0 0.291604 0.511806 0.015008 0.013769
0.0 0.284958 0.504495 0.006510 0.014009
0.0 0.295443 0.533565 0.007552 0.006944
0.0 0.295964 0.505556 0.005990 0.012963
1.0 0.361404 0.497065 0.008224 0.026681
1.0 0.371477 0.496273 0.007951 0.020954
0.0 0.370896 0.511806 0.015008 0.013769
0.0 0.377542 0.504495 0.006510 0.014009
0.0 0.367057 0.533565 0.007552 0.006944
0.0 0.366536 0.505556 0.005990 0.012963
1.0 0.435992 0.497065 0.008224 0.026681
1.0 0.425919 0.496273 0.007951 0.020954
0.0 0.426500 0.511806 0.015008 0.013769
0.0 0.419854 0.504495 0.006510 0.014009
0.0 0.430339 0.533565 0.007552 0.006944
0.0 0.430859 0.505556 0.005990 0.012963
1.0 0.496299 0.497065 0.008224 0.026681
1.0 0.506372 0.496273 0.007951 0.020954
0.0 0.505792 0.511806 0.015008 0.013769
0.0 0.512438 0.504495 0.006510 0.014009
0.0 0.501953 0.533565 0.007552 0.006944
0.0 0.501432 0.505556 0.005990 0.012963
1.0 0.570888 0.497065 0.008224 0.026681
1.0 0.560815 0.496273 0.007951 0.020954
0.0 0.561396 0.511806 0.015008 0.013769
0.0 0.554750 0.504495 0.006510 0.014009
0.0 0.565234 0.533565 0.007552 0.006944
0.0 0.565755 0.505556 0.005990 0.012963
1.0 0.631195 0.497065 0.008224 0.026681
1.0 0.641268 0.496273 0.007951 0.020954
0.0 0.640688 0.511806 0.015008 0.013769
0.0 0.647333 0.504495 0.006510 0.014009
0.0 0.636849 0.533565 0.007552 0.006944
0.0 0.636328 0.505556 0.005990 0.012963
1.0 0.705784 0.497065 0.008224 0.026681
1.0 0.695711 0.496273 0.007951 0.020954
0.0 0.696292 0.511806 0.015008 0.013769
0.0 0.689646 0.504495 0.006510 0.014009
0.0 0.700130 0.533565 0.007552 0.006944
0.0 0.700651 0.505556 0.005990 0.012963
1.0 0.766091 0.497065 0.008224 0.026681
1.0 0.776164 0.496273 0.007951 0.020954
0.0 0.775583 0.511806 0.015008 0.013769
0.0 0.782229 0.504495 0.006510 0.014009
0.0 0.771745 0.533565 0.007552 0.006944
0.0 0.771224 0.505556 0.005990 0.012963
1.0 0.840680 0.497065 0.008224 0.026681
1.0 0.830607 0.496273 0.007951 0.020954
0.0 0.831187 0.511806 0.015008 0.013769
0.0 0.824542 0.504495 0.006510 0.014009
0.0 0.835026 0.533565 0.007552 0.006944
0.0 0.835547 0.505556 0.005990 0.012963
1.0 0.900987 0.497065 0.008224 0.026681
1.0 0.911060 0.496273 0.007951 0.020954
0.0 0.910479 0.511806 0.015008 0.013769
0.0 0.917125 0.504495 0.006510 0.014009
0.0 0.906641 0.533565 0.007552 0.006944
0.0 0.906120 0.505556 0.005990 0.012963
1.0 0.975576 0.497065 0.008224 0.026681
1.0 0.965503 0.496273 0.007951 0.020954
0.0 0.966083 0.511806 0.015008 0.013769
0.0 0.959437 0.504495 0.006510 0.014009
0.0 0.969922 0.533565 0.007552 0.006944
0.0 0.970443 0.505556 0.005990 0.012963
1.0 0.031305 0.592750 0.008224 0.026681
1.0 0.021232 0.593542 0.007951 0.020954
0.0 0.021812 0.578009 0.015008 0.013769
0.0 0.015167 0.585319 0.006510 0.014009
0.0 0.025651 0.556250 0.007552 0.006944
0.0 0.026172 0.584259 0.005990 0.012963
1.0 0.091612 0.592750 0.008224 0.026681
1.0 0.101685 0.593542 0.007951 0.020954
0.0 0.101104 0.578009 0.015008 0.013769
0.0 0.107750 0.585319 0.006510 0.014009
0.0 0.097266 0.556250 0.007552 0.006944
0.0 0.096745 0.584259 0.005990 0.012963
1.0 0.166201 0.592750 0.008224 0.026681
1.0 0.156128 0.593542 0.007951 0.020954
0.0 0.156708 0.578009 0.015008 0.013769
0.0 0.150062 0.585319 0.006510 0.014009
0.0 0.160547 0.556250 0.007552 0.006944
0.0 0.161068 0.584259 0.005990 0.012963
1.0 0.226508 0.592750 0.008224 0.026681
1.0 0.236581 0.593542 0.007951 0.020954
0.0 0.236000 0.578009 0.015008 0.013769
0.0 0.242646 0.585319 0.006510 0.014009
0.0 0.232161 0.556250 0.007552 0.006944
0.0 0.231641 0.584259 0.005990 0.012963
1.0 0.301096 0.592750 0.008224 0.026681
1.0 0.291023 0.593542 0.007951 0.020954
0.0 0.291604 0.578009 0.015008 0.013769
0.0 0.284958 0.585319 0.006510 0.014009
0.0 0.295443 0.556250 0.007552 0.006944
0.0 0.295964 0.584259 0.005990 0.012963
1.0 0.361404 0.592750 0.008224 0.026681
1.0 0.371477 0.593542 0.007951 0.020954
0.0 0.370896 0.578009 0.015008 0.013769
0.0 0.377542 0.585319 0.006510 0.014009
0.0 0.367057 0.556250 0.007552 0.006944
0.0 0.366536 0.584259 0.005990 0.012963
1.0 0.435992 0.592750 0.008224 0.026681
1.0 0.425919 0.593542 0.007951 0.020954
0.0 0.426500 0.578009 0.015008 0.013769
0.0 0.419854 0.585319 0.006510 0.014009
0.0 0.430339 0.556250 0.007552 0.006944
0.0 0.430859 0.584259 0.005990 0.012963
1.0 0.496299 0.592750 0.008224 0.026681
1.0 0.506372 0.593542 0.007951 0.020954
0.0 0.505792 0.578009 0.015008 0.013769
0.0 0.512438 0.585319 0.006510 0.014009
0.0 0.501953 0.556250 0.007552 0.006944
0.0 0.501432 0.584259 0.005990 0.012963
1.0 0.570888 0.592750 0.008224 0.026681
1.0 0.560815 0.593542 0.007951 0.020954
0.0 0.561396 0.578009 0.015008 0.013769
0.0 0.554750 0.585319 0.006510 0.014009
0.0 0.565234 0.556250 0.007552 0.006944
0.0 0.565755 0.584259 0.005990 0.012963
1.0 0.631195 0.592750 0.008224 0.026681
1.0 0.641268 0.593542 0.007951 0.020954
0.0 0.640688 0.578009 0.015008 0.013769
0.0 0.647333 0.585319 0.006510 0.014009
0.0 0.636849 0.556250 0.007552 0.006944
0.0 0.636328 0.584259 0.005990 0.012963
1.0 0.705784 0.592750 0.008224 0.026681
1.0 0.695711 0.593542 0.007951 0.020954
0.0 0.696292 0.578009 0.015008 0.013769
0.0 0.689646 0.585319 0.006510 0.014009
0.0 0.700130 0.556250 0.007552 0.006944
0.0 0.700651 0.584259 0.005990 0.012963
1.0 0.766091 0.592750 0.008224 0.026681
1.0 0.776164 0.593542 0.007951 0.020954
0.0 0.775583 0.578009 0.015008 0.013769
0.0 0.782229 0.585319 0.006510 0.014009
0.0 0.771745 0.556250 0.007552 0.006944
0.0 0.771224 0.584259 0.005990 0.012963
1.0 0.840680 0.592750 0.008224 0.026681
1.0 0.830607 0.593542 0.007951 0.020954
0.0 0.831187 0.578009 0.015008 0.013769
0.0 0.824542 0.585319 0.006510 0.014009
0.0 0.835026 0.556250 0.007552 0.006944
0.0 0.835547 0.584259 0.005990 0.012963
1.0 0.900987 0.592750 0.008224 0.026681
1.0 0.911060 0.593542 0.007951 0.020954
0.0 0.910479 0.578009 0.015008 0.013769
0.0 0.917125 0.585319 0.006510 0.014009
0.0 0.906641 0.556250 0.007552 0.006944
0.0 0.906120 0.584259 0.005990 0.012963
1.0 0.975576 0.592750 0.008224 0.026681
1.0 0.965503 0.593542 0.007951 0.020954
0.0 0.966083 0.578009 0.015008 0.013769
0.0 0.959437 0.585319 0.006510 0.014009
0.0 0.969922 0.556250 0.007552 0.006944
0.0 0.970443 0.584259 0.005990 0.012963
1.0 0.031305 0.676694 0.008224 0.026681
1.0 0.021232 0.675903 0.007951 0.020954
0.0 0.021812 0.691435 0.015008 0.013769
0.0 0.015167 0.684125 0.006510 0.014009
0.0 0.025651 0.713194 0.007552 0.006944
0.0 0.026172 0.685185 0.005990 0.012963
1.0 0.091612 0.676694 0.008224 0.026681
1.0 0.101685 0.675903 0.007951 0.020954
0.0 0.101104 0.691435 0.015008 0.013769
0.0 0.107750 0.684125 0.006510 0.014009
0.0 0.097266 0.713194 0.007552 0.006944
0.0 0.096745 0.685185 0.005990 0.012963
1.0 0.166201 0.676694 0.008224 0.026681
1.0 0.156128 0.675903 0.007951 0.020954
0.0 0.156708 0.691435 0.015008 0.013769
0.0 0.150062 0.684125 0.006510 0.014009
0.0 0.160547 0.713194 0.007552 0.006944
0.0 0.161068 0.685185 0.005990 0.012963
1.0 0.226508 0.676694 0.008224 0.026681
1.0 0.236581 0.675903 0.007951 0.020954
0.0 0.236000 0.691435 0.015008 0.013769
0.0 0.242646 0.684125 0.006510 0.014009
0.0 0.232161 0.713194 0.007552 0.006944
0.0 0.231641 0.685185 0.005990 0.012963
1.0 0.301096 0.676694 0.008224 0.026681
1.0 0.291023 0.675903 0.007951 0.020954
0.0 0.291604 0.691435 0.015008 0.013769
0.0 0.284958 0.684125 0.006510 0.014009
0.0 0.295443 0.713194 0.007552 0.006944
0.0 0.295964 0.685185 0.005990 0.012963
1.0 0.361404 0.676694 0.008224 0.026681
1.0 0.371477 0.675903 0.007951 0.020954
0.0 0.370896 0.691435 0.015008 0.013769
0.0 0.377542 0.684125 0.006510 0.014009
0.0 0.367057 0.713194 0.007552 0.006944
0.0 0.366536 0.685185 0.005990 0.012963
1.0 0.435992 0.676694 0.008224 0.026681
1.0 0.425919 0.675903 0.007951 0.020954
0.0 0.426500 0.691435 0.015008 0.013769
0.0 0.419854 0.684125 0.006510 0.014009
0.0 0.430339 0.713194 0.007552 0.006944
0.0 0.430859 0.685185 0.005990 0.012963
1.0 0.496299 0.676694 0.008224 0.026681
1.0 0.506372 0.675903 0.007951 0.020954
0.0 0.505792 0.691435 0.015008 0.013769
0.0 0.512438 0.684125 0.006510 0.014009
0.0 0.501953 0.713194 0.007552 0.006944
0.0 0.501432 0.685185 0.005990 0.012963
1.0 0.570888 0.676694 0.008224 0.026681
1.0 0.560815 0.675903 0.007951 0.020954
0.0 0.561396 0.691435 0.015008 0.013769
0.0 0.554750 0.684125 0.006510 0.014009
0.0 0.565234 0.713194 0.007552 0.006944
0.0 0.565755 0.685185 0.005990 0.012963
1.0 0.631195 0.676694 0.008224 0.026681
1.0 0.641268 0.675903 0.007951 0.020954
0.0 0.640688 0.691435 0.015008 0.013769
0.0 0.647333 0.684125 0.006510 0.014009
0.0 0.636849 0.713194 0.007552 0.006944
0.0 0.636328 0.685185 0.005990 0.012963
1.0 0.705784 0.676694 0.008224 0.026681
1.0 0.695711 0.675903 0.007951 0.020954
0.0 0.696292 0.691435 0.015008 0.013769
0.0 0.689646 0.684125 0.006510 0.014009
0.0 0.700130 0.713194 0.007552 0.006944
0.0 0.700651 0.685185 0.005990 0.012963
1.0 0.766091 0.676694 0.008224 0.026681
1.0 0.776164 0.675903 0.007951 0.020954
0.0 0.775583 0.691435 0.015008 0.013769
0.0 0.782229 0.684125 0.006510 0.014009
0.0 0.771745 0.713194 0.007552 0.006944
0.0 0.771224 0.685185 0.005990 0.012963
1.0 0.840680 0.676694 0.008224 0.026681
1.0 0.830607 0.675903 0.007951 0.020954
0.0 0.831187 0.691435 0.015008 0.013769
0.0 0.824542 0.684125 0.006510 0.014009
0.0 0.835026 0.713194 0.007552 0.006944
0.0 0.835547 0.685185 0.005990 0.012963
1.0 0.900987 0.676694 0.008224 0.026681
1.0 0.911060 0.675903 0.007951 0.020954
0.0 0.910479 0.691435 0.015008 0.013769
0.0 0.917125 0.684125 0.006510 0.014009
0.0 0.906641 0.713194 0.007552 0.006944
0.0 0.906120 0.685185 0.005990 0.012963
1.0 0.975576 0.676694 0.008224 0.026681
1.0 0.965503 0.675903 0.007951 0.020954
0.0 0.966083 0.691435 0.015008 0.013769
0.0 0.959437 0.684125 0.006510 0.014009
0.0 0.969922 0.713194 0.007552 0.006944
0.0 0.970443 0.685185 0.005990 0.012963
1.0 0.031305 0.772380 0.008224 0.026681
1.0 0.021232 0.773171 0.007951 0.020954
0.0 0.021812 0.757639 0.015008 0.013769
0.0 0.015167 0.764949 0.006510 0.014009
0.0 0.025651 0.735880 0.007552 0.006944
0.0 0.026172 0.763889 0.005990 0.012963
1.0 0.091612 0.772380 0.008224 0.026681
1.0 0.101685 0.773171 0.007951 0.020954
0.0 0.101104 0.757639 0.015008 0.013769
0.0 0.107750 0.764949 0.006510 0.014009
0.0 0.097266 0.735880 0.007552 0.006944
0.0 0.096745 0.763889 0.005990 0.012963
1.0 0.166201 0.772380 0.008224 0.026681
1.0 0.156128 0.773171 0.007951 0.020954
0.0 0.156708 0.757639 0.015008 0.013769
0.0 0.150062 0.764949 0.006510 0.014009
0.0 0.160547 0.735880 0.007552 0.006944
0.0 0.161068 0.763889 0.005990 0.012963
1.0 0.226508 0.772380 0.008224 0.026681
1.0 0.236581 0.773171 0.007951 0.020954
0.0 0.236000 0.757639 0.015008 0.013769
0.0 0.242646 0.764949 0.006510 0.014009
0.0 0.232161 0.735880 0.007552 0.006944
0.0 0.231641 0.763889 0.005990 0.012963
1.0 0.301096 0.772380 0.008224 0.026681
1.0 0.291023 0.773171 0.007951 0.020954
0.0 0.291604 0.757639 0.015008 0.013769
0.0 0.284958 0.764949 0.006510 0.014009
0.0 0.295443 0.735880 0.007552 0.006944
0.0 0.295964 0.763889 0.005990 0.012963
1.0 0.361404 0.772380 0.008224 0.026681
1.0 0.371477 0.773171 0.007951 0.020954
0.0 0.370896 0.757639 0.015008 0.013769
0.0 0.377542 0.764949 0.006510 0.014009
0.0 0.367057 0.735880 0.007552 0.006944
0.0 0.366536 0.763889 0.005990 0.012963
1.0 0.435992 0.772380 0.008224 0.026681
1.0 0.425919 0.773171 0.007951 0.020954
0.0 0.426500 0.757639 0.015008 0.013769
0.0 0.419854 0.764949 0.006510 0.014009
0.0 0.430339 0.735880 0.007552 0.006944
0.0 0.430859 0.763889 0.005990 0.012963
1.0 0.496299 0.772380 0.008224 0.026681
1.0 0.506372 0.773171 0.007951 0.020954
0.0 0.505792 0.757639 0.015008 0.013769
0.0 0.512438 0.764949 0.006510 0.014009
0.0 0.501953 0.735880 0.007552 0.006944
0.0 0.501432 0.763889 0.005990 0.012963
1.0 0.570888 0.772380 0.008224 0.026681
1.0 0.560815 0.773171 0.007951 0.020954
0.0 0.561396 0.757639 0.015008 0.013769
0.0 0.554750 0.764949 0.006510 0.014009
0.0 0.565234 0.735880 0.007552 0.006944
0.0 0.565755 0.763889 0.005990 0.012963
1.0 0.631195 0.772380 0.008224 0.026681
1.0 0.641268 0.773171 0.007951 0.020954
0.0 0.640688 0.757639 0.015008 0.013769
0.0 0.647333 0.764949 0.006510 0.014009
0.0 0.636849 0.735880 0.007552 0.006944
0.0 0.636328 0.763889 0.005990 0.012963
1.0 0.705784 0.772380 0.008224 0.026681
1.0 0.695711 0.773171 0.007951 0.020954
0.0 0.696292 0.757639 0.015008 0.013769
0.0 0.689646 0.764949 0.006510 0.014009
0.0 0.700130 0.735880 0.007552 0.006944
0.0 0.700651 0.763889 0.005990 0.012963
1.0 0.766091 0.772380 0.008224 0.026681
1.0 0.776164 0.773171 0.007951 0.020954
0.0 0.775583 0.757639 0.015008 0.013769
0.0 0.782229 0.764949 0.006510 0.014009
0.0 0.771745 0.735880 0.007552 0.006944
0.0 0.771224 0.763889 0.005990 0.012963
1.0 0.840680 0.772380 0.008224 0.026681
1.0 0.830607 0.773171 0.007951 0.020954
0.0 0.831187 0.757639 0.015008 0.013769
0.0 0.824542 0.764949 0.006510 0.014009
0.0 0.835026 0.735880 0.007552 0.006944
0.0 0.835547 0.763889 0.005990 0.012963
1.0 0.900987 0.772380 0.008224 0.026681
1.0 0.911060 0.773171 0.007951 0.020954
0.0 0.910479 0.757639 0.015008 0.013769
0.0 0.917125 0.764949 0.006510 0.014009
0.0 0.906641 0.735880 0.007552 0.006944
0.0 0.906120 0.763889 0.005990 0.012963
1.0 0.975576 0.772380 0.008224 0.026681
1.0 0.965503 0.773171 0.007951 0.020954
0.0 0.966083 0.757639 0.015008 0.013769
0.0 0.959437 0.764949 0.006510 0.014009
0.0 0.969922 0.735880 0.007552 0.006944
0.0 0.970443 0.763889 0.005990 0.012963
1.0 0.031305 0.856324 0.008224 0.026681
1.0 0.021232 0.855532 0.007951 0.020954
0.0 0.021812 0.871065 0.015008 0.013769
0.0 0.015167 0.863755 0.006510 0.014009
0.0 0.025651 0.892824 0.007552 0.006944
0.0 0.026172 0.864815 0.005990 0.012963
1.0 0.091612 0.856324 0.008224 0.026681
1.0 0.101685 0.855532 0.007951 0.020954
0.0 0.101104 0.871065 0.015008 0.013769
0.0 0.107750 0.863755 0.006510 0.014009
0.0 0.097266 0.892824 0.007552 0.006944
0.0 0.096745 0.864815 0.005990 0.012963
1.0 0.166201 0.856324 0.008224 0.026681
1.0 0.156128 0.855532 0.007951 0.020954
0.0 0.156708 0.871065 0.015008 0.013769
0.0 0.150062 0.863755 0.006510 0.014009
0.0 0.160547 0.892824 0.007552 0.006944
0.0 0.161068 0.864815 0.005990 0.012963
1.0 0.226508 0.856324 0.008224 0.026681
1.0 0.236581 0.855532 0.007951 0.020954
0.0 0.236000 0.871065 0.015008 0.013769
0.0 0.242646 0.863755 0.006510 0.014009
0.0 0.232161 0.892824 0.007552 0.006944
0.0 0.231641 0.864815 0.005990 0.012963
1.0 0.301096 0.856324 0.008224 0.026681
1.0 0.291023 0.855532 0.007951 0.020954
0.0 0.291604 0.871065 0.015008 0.013769
0.0 0.284958 0.863755 0.006510 0.014009
0.0 0.295443 0.892824 0.007552 0.006944
0.0 0.295964 0.864815 0.005990 0.012963
1.0 0.361404 0.856324 0.008224 0.026681
1.0 0.371477 0.855532 0.007951 0.020954
0.0 0.370896 0.871065 0.015008 0.013769
0.0 0.377542 0.863755 0.006510 0.014009
0.0 0.367057 0.892824 0.007552 0.006944
0.0 0.366536 0.864815 0.005990 0.012963
1.0 0.435992 0.856324 0.008224 0.026681
1.0 0.425919 0.855532 0.007951 0.020954
0.0 0.426500 0.871065 0.015008 0.013769
0.0 0.419854 0.863755 0.006510 0.014009
0.0 0.430339 0.892824 0.007552 0.006944
0.0 0.430859 0.864815 0.005990 0.012963
1.0 0.496299 0.856324 0.008224 0.026681
1.0 0.506372 0.855532 0.007951 0.020954
0.0 0.505792 0.871065 0.015008 0.013769
0.0 0.512438 0.863755 0.006510 0.014009
0.0 0.501953 0.892824 0.007552 0.006944
0.0 0.501432 0.864815 0.005990 0.012963
1.0 0.570888 0.856324 0.008224 0.026681
1.0 0.560815 0.855532 0.007951 0.020954
0.0 0.561396 0.871065 0.015008 0.013769
0.0 0.554750 0.863755 0.006510 0.014009
0.0 0.565234 0.892824 0.007552 0.006944
0.0 0.565755 0.864815 0.005990 0.012963
1.0 0.631195 0.856324 0.008224 0.026681
1.0 0.641268 0.855532 0.007951 0.020954
0.0 0.640688 0.871065 0.015008 0.013769
0.0 0.647333 0.863755 0.006510 0.014009
0.0 0.636849 0.892824 0.007552 0.006944
0.0 0.636328 0.864815 0.005990 0.012963
1.0 0.705784 0.856324 0.008224 0.026681
1.0 0.695711 0.855532 0.007951 0.020954
0.0 0.696292 0.871065 0.015008 0.013769
0.0 0.689646 0.863755 0.006510 0.014009
0.0 0.700130 0.892824 0.007552 0.006944
0.0 0.700651 0.864815 0.005990 0.012963
1.0 0.766091 0.856324 0.008224 0.026681
1.0 0.776164 0.855532 0.007951 0.020954
0.0 0.775583 0.871065 0.015008 0.013769
0.0 0.782229 0.863755 0.006510 0.014009
0.0 0.771745 0.892824 0.007552 0.006944
0.0 0.771224 0.864815 0.005990 0.012963
1.0 0.840680 0.856324 0.008224 0.026681
1.0 0.830607 0.855532 0.007951 0.020954
0.0 0.831187 0.871065 0.015008 0.013769
0.0 0.824542 0.863755 0.006510 0.014009
0.0 0.835026 0.892824 0.007552 0.006944
0.0 0.835547 0.864815 0.005990 0.012963
1.0 0.900987 0.856324 0.008224 0.026681
1.0 0.911060 0.855532 0.007951 0.020954
0.0 0.910479 0.871065 0.015008 0.013769
0.0 0.917125 0.863755 0.006510 0.014009
0.0 0.906641 0.892824 0.007552 0.006944
0.0 0.906120 0.864815 0.005990 0.012963
1.0 0.975576 0.856324 0.008224 0.026681
1.0 0.965503 0.855532 0.007951 0.020954
0.0 0.966083 0.871065 0.015008 0.013769
0.0 0.959437 0.863755 0.006510 0.014009
0.0 0.969922 0.892824 0.007552 0.006944
0.0 0.970443 0.864815 0.005990 0.012963
1.0 0.031305 0.952009 0.008224 0.026681
1.0 0.021232 0.952801 0.007951 0.020954
0.0 0.021812 0.937269 0.015008 0.013769
0.0 0.015167 0.944579 0.006510 0.014009
0.0 0.025651 0.915509 0.007552 0.006944
0.0 0.026172 0.943519 0.005990 0.012963
1.0 0.091612 0.952009 0.008224 0.026681
1.0 0.101685 0.952801 0.007951 0.020954
0.0 0.101104 0.937269 0.015008 0.013769
0.0 0.107750 0.944579 0.006510 0.014009
0.0 0.097266 0.915509 0.007552 0.006944
0.0 0.096745 0.943519 0.005990 0.012963
1.0 0.166201 0.952009 0.008224 0.026681
1.0 0.156128 0.952801 0.007951 0.020954
0.0 0.156708 0.937269 0.015008 0.013769
0.0 0.150062 0.944579 0.006510 0.014009
0.0 0.160547 0.915509 0.007552 0.006944
0.0 0.161068 0.943519 0.005990 0.012963
1.0 0.226508 0.952009 0.008224 0.026681
1.0 0.236581 0.952801 0.007951 0.020954
0.0 0.236000 0.937269 0.015008 0.013769
0.0 0.242646 0.944579 0.006510 0.014009
0.0 0.232161 0.915509 0.007552 0.006944
0.0 0.231641 0.943519 0.005990 0.012963
1.0 0.301096 0.952009 0.008224 0.026681
1.0 0.291023 0.952801 0.007951 0.020954
0.0 0.291604 0.937269 0.015008 0.013769
0.0 0.284958 0.944579 0.006510 0.014009
0.0 0.295443 0.915509 0.007552 0.006944
0.0 0.295964 0.943519 0.005990 0.012963
1.0 0.361404 0.952009 0.008224 0.026681
1.0 0.371477 0.952801 0.007951 0.020954
0.0 0.370896 0.937269 0.015008 0.013769
0.0 0.377542 0.944579 0.006510 0.014009
0.0 0.367057 0.915509 0.007552 0.006944
0.0 0.366536 0.943519 0.005990 0.012963
1.0 0.435992 0.952009 0.008224 0.026681
1.0 0.425919 0.952801 0.007951 0.020954
0.0 0.426500 0.937269 0.015008 0.013769
0.0 0.419854 0.944579 0.006510 0.014009
0.0 0.430339 0.915509 0.007552 0.006944
0.0 0.430859 0.943519 0.005990 0.012963
1.0 0.496299 0.952009 0.008224 0.026681
1.0 0.506372 0.952801 0.007951 0.020954
0.0 0.505792 0.937269 0.015008 0.013769
0.0 0.512438 0.944579 0.006510 0.014009
0.0 0.501953 0.915509 0.007552 0.006944
0.0 0.501432 0.943519 0.005990 0.012963
1.0 0.570888 0.952009 0.008224 0.026681
1.0 0.560815 0.952801 0.007951 0.020954
0.0 0.561396 0.937269 0.015008 0.013769
0.0 0.554750 0.944579 0.006510 0.014009
0.0 0.565234 0.915509 0.007552 0.006944
0.0 0.565755 0.943519 0.005990 0.012963
1.0 0.631195 0.952009 0.008224 0.026681
1.0 0.641268 0.952801 0.007951 0.020954
0.0 0.640688 0.937269 0.015008 0.013769
0.0 0.647333 0.944579 0.006510 0.014009
0.0 0.636849 0.915509 0.007552 0.006944
0.0 0.636328 0.943519 0.005990 0.012963
1.0 0.705784 0.952009 0.008224 0.026681
1.0 0.695711 0.952801 0.007951 0.020954
0.0 0.696292 0.937269 0.015008 0.013769
0.0 0.689646 0.944579 0.006510 0.014009
0.0 0.700130 0.915509 0.007552 0.006944
0.0 0.700651 0.943519 0.005990 0.012963
1.0 0.766091 0.952009 0.008224 0.026681
1.0 0.776164 0.952801 0.007951 0.020954
0.0 0.775583 0.937269 0.015008 0.013769
0.0 0.782229 0.944579 0.006510 0.014009
0.0 0.771745 0.915509 0.007552 0.006944
0.0 0.771224 0.943519 0.005990 0.012963
1.0 0.840680 0.952009 0.008224 0.026681
1.0 0.830607 0.952801 0.007951 0.020954
0.0 0.831187 0.937269 0.015008 0.013769
0.0 0.824542 0.944579 0.006510 0.014009
0.0 0.835026 0.915509 0.007552 0.006944
0.0 0.835547 0.943519 0.005990 0.012963
1.0 0.900987 0.952009 0.008224 0.026681
1.0 0.911060 0.952801 0.007951 0.020954
0.0 0.910479 0.937269 0.015008 0.013769
0.0 0.917125 0.944579 0.006510 0.014009
0.0 0.906641 0.915509 0.007552 0.006944
0.0 0.906120 0.943519 0.005990 0.012963
1.0 0.975576 0.952009 0.008224 0.026681
1.0 0.965503 0.952801 0.007951 0.020954
0.0 0.966083 0.937269 0.015008 0.013769
0.0 0.959437 0.944579 0.006510 0.014009
0.0 0.969922 0.915509 0.007552 0.006944
0.0 0.970443 0.943519 0.005990 0.012963
