0.0 0.023755 0.057345 0.047510 0.076976
0.0 0.102156 0.057345 0.053500 0.076976
0.0 0.155656 0.057345 0.053500 0.076976
0.0 0.237052 0.057345 0.053500 0.076976
0.0 0.290552 0.057345 0.053500 0.076976
0.0 0.371948 0.057345 0.053500 0.076976
0.0 0.425448 0.057345 0.053500 0.076976
0.0 0.506844 0.057345 0.053500 0.076976
0.0 0.560344 0.057345 0.053500 0.076976
0.0 0.641740 0.057345 0.053500 0.076976
0.0 0.695239 0.057345 0.053500 0.076976
0.0 0.776636 0.057345 0.053500 0.076976
0.0 0.830135 0.057345 0.053500 0.076976
0.0 0.911531 0.057345 0.053500 0.076976
0.0 0.965031 0.057345 0.053500 0.076976
0.0 0.023755 0.134322 0.047510 0.076976
0.0 0.102156 0.134322 0.053500 0.076976
0.0 0.155656 0.134322 0.053500 0.076976
0.0 0.237052 0.134322 0.053500 0.076976
0.0 0.290552 0.134322 0.053500 0.076976
0.0 0.371948 0.134322 0.053500 0.076976
0.0 0.425448 0.134322 0.053500 0.076976
0.0 0.506844 0.134322 0.053500 0.076976
0.0 0.560344 0.134322 0.053500 0.076976
0.0 0.641740 0.134322 0.053500 0.076976
0.0 0.695239 0.134322 0.053500 0.076976
0.0 0.776636 0.134322 0.053500 0.076976
0.0 0.830135 0.134322 0.053500 0.076976
0.0 0.911531 0.134322 0.053500 0.076976
0.0 0.965031 0.134322 0.053500 0.076976
0.0 0.023755 0.236975 0.047510 0.076976
0.0 0.102156 0.236975 0.053500 0.076976
0.0 0.155656 0.236975 0.053500 0.076976
0.0 0.237052 0.236975 0.053500 0.076976
0.0 0.290552 0.236975 0.053500 0.076976
0.0 0.371948 0.236975 0.053500 0.076976
0.0 0.425448 0.236975 0.053500 0.076976
0.0 0.506844 0.236975 0.053500 0.076976
0.0 0.560344 0.236975 0.053500 0.076976
0.0 0.641740 0.236975 0.053500 0.076976
0.0 0.695239 0.236975 0.053500 0.076976
0.0 0.776636 0.236975 0.053500 0.076976
0.0 0.830135 0.236975 0.053500 0.076976
0.0 0.911531 0.236975 0.053500 0.076976
0.0 0.965031 0.236975 0.053500 0.076976
0.0 0.023755 0.313951 0.047510 0.076976
0.0 0.102156 0.313951 0.053500 0.076976
0.0 0.155656 0.313951 0.053500 0.076976
0.0 0.237052 0.313951 0.053500 0.076976
0.0 0.290552 0.313951 0.053500 0.076976
0.0 0.371948 0.313951 0.053500 0.076976
0.0 0.425448 0.313951 0.053500 0.076976
0.0 0.506844 0.313951 0.053500 0.076976
0.0 0.560344 0.313951 0.053500 0.076976
0.0 0.641740 0.313951 0.053500 0.076976
0.0 0.695239 0.313951 0.053500 0.076976
0.0 0.776636 0.313951 0.053500 0.076976
0.0 0.830135 0.313951 0.053500 0.076976
0.0 0.911531 0.313951 0.053500 0.076976
0.0 0.965031 0.313951 0.053500 0.076976
0.0 0.023755 0.416604 0.047510 0.076976
0.0 0.102156 0.416604 0.053500 0.076976
0.0 0.155656 0.416604 0.053500 0.076976
0.0 0.237052 0.416604 0.053500 0.076976
0.0 0.290552 0.416604 0.053500 0.076976
0.0 0.371948 0.416604 0.053500 0.076976
0.0 0.425448 0.416604 0.053500 0.076976
0.0 0.506844 0.416604 0.053500 0.076976
0.0 0.560344 0.416604 0.053500 0.076976
0.0 0.641740 0.416604 0.053500 0.076976
0.0 0.695239 0.416604 0.053500 0.076976
0.0 0.776636 0.416604 0.053500 0.076976
0.0 0.830135 0.416604 0.053500 0.076976
0.0 0.911531 0.416604 0.053500 0.076976
0.0 0.965031 0.416604 0.053500 0.076976
0.0 0.023755 0.493581 0.047510 0.076976
0.0 0.102156 0.493581 0.053500 0.076976
0.0 0.155656 0.493581 0.053500 0.076976
0.0 0.237052 0.493581 0.053500 0.076976
0.0 0.290552 0.493581 0.053500 0.076976
0.0 0.371948 0.493581 0.053500 0.076976
0.0 0.425448 0.493581 0.053500 0.076976
0.0 0.506844 0.493581 0.053500 0.076976
0.0 0.560344 0.493581 0.053500 0.076976
0.0 0.641740 0.493581 0.053500 0.076976
0.0 0.695239 0.493581 0.053500 0.076976
0.0 0.776636 0.493581 0.053500 0.076976
0.0 0.830135 0.493581 0.053500 0.076976
0.0 0.911531 0.493581 0.053500 0.076976
0.0 0.965031 0.493581 0.053500 0.076976
0.0 0.023755 0.596234 0.047510 0.076976
0.0 0.102156 0.596234 0.053500 0.076976
0.0 0.155656 0.596234 0.053500 0.076976
0.0 0.237052 0.596234 0.053500 0.076976
0.0 0.290552 0.596234 0.053500 0.076976
0.0 0.371948 0.596234 0.053500 0.076976
0.0 0.425448 0.596234 0.053500 0.076976
0.0 0.506844 0.596234 0.053500 0.076976
0.0 0.560344 0.596234 0.053500 0.076976
0.0 0.641740 0.596234 0.053500 0.076976
0.0 0.695239 0.596234 0.053500 0.076976
0.0 0.776636 0.596234 0.053500 0.076976
0.0 0.830135 0.596234 0.053500 0.076976
0.0 0.911531 0.596234 0.053500 0.076976
0.0 0.965031 0.596234 0.053500 0.076976
0.0 0.023755 0.673210 0.047510 0.076976
0.0 0.102156 0.673210 0.053500 0.076976
0.0 0.155656 0.673210 0.053500 0.076976
0.0 0.237052 0.673210 0.053500 0.076976
0.0 0.290552 0.673210 0.053500 0.076976
0.0 0.371948 0.673210 0.053500 0.076976
0.0 0.425448 0.673210 0.053500 0.076976
0.0 0.506844 0.673210 0.053500 0.076976
0.0 0.560344 0.673210 0.053500 0.076976
0.0 0.641740 0.673210 0.053500 0.076976
0.0 0.695239 0.673210 0.053500 0.076976
0.0 0.776636 0.673210 0.053500 0.076976
0.0 0.830135 0.673210 0.053500 0.076976
0.0 0.911531 0.673210 0.053500 0.076976
0.0 0.965031 0.673210 0.053500 0.076976
0.0 0.023755 0.775864 0.047510 0.076976
0.0 0.102156 0.775864 0.053500 0.076976
0.0 0.155656 0.775864 0.053500 0.076976
0.0 0.237052 0.775864 0.053500 0.076976
0.0 0.290552 0.775864 0.053500 0.076976
0.0 0.371948 0.775864 0.053500 0.076976
0.0 0.425448 0.775864 0.053500 0.076976
0.0 0.506844 0.775864 0.053500 0.076976
0.0 0.560344 0.775864 0.053500 0.076976
0.0 0.641740 0.775864 0.053500 0.076976
0.0 0.695239 0.775864 0.053500 0.076976
0.0 0.776636 0.775864 0.053500 0.076976
0.0 0.830135 0.775864 0.053500 0.076976
0.0 0.911531 0.775864 0.053500 0.076976
0.0 0.965031 0.775864 0.053500 0.076976
0.0 0.023755 0.852840 0.047510 0.076976
0.0 0.102156 0.852840 0.053500 0.076976
0.0 0.155656 0.852840 0.053500 0.076976
0.0 0.237052 0.852840 0.053500 0.076976
0.0 0.290552 0.852840 0.053500 0.076976
0.0 0.371948 0.852840 0.053500 0.076976
0.0 0.425448 0.852840 0.053500 0.076976
0.0 0.506844 0.852840 0.053500 0.076976
0.0 0.560344 0.852840 0.053500 0.076976
0.0 0.641740 0.852840 0.053500 0.076976
0.0 0.695239 0.852840 0.053500 0.076976
0.0 0.776636 0.852840 0.053500 0.076976
0.0 0.830135 0.852840 0.053500 0.076976
0.0 0.911531 0.852840 0.053500 0.076976
0.0 0.965031 0.852840 0.053500 0.076976
0.0 0.023755 0.955493 0.047510 0.076976
0.0 0.102156 0.955493 0.053500 0.076976
0.0 0.155656 0.955493 0.053500 0.076976
0.0 0.237052 0.955493 0.053500 0.076976
0.0 0.290552 0.955493 0.053500 0.076976
0.0 0.371948 0.955493 0.053500 0.076976
0.0 0.425448 0.955493 0.053500 0.076976
0.0 0.506844 0.955493 0.053500 0.076976
0.0 0.560344 0.955493 0.053500 0.076976
0.0 0.641740 0.955493 0.053500 0.076976
0.0 0.695239 0.955493 0.053500 0.076976
0.0 0.776636 0.955493 0.053500 0.076976
0.0 0.830135 0.955493 0.053500 0.076976
0.0 0.911531 0.955493 0.053500 0.076976
0.0 0.965031 0.955493 0.053500 0.076976
0.0 0.023755 0.996991 0.047510 0.006019
0.0 0.102156 0.996991 0.053500 0.006019
0.0 0.155656 0.996991 0.053500 0.006019
0.0 0.237052 0.996991 0.053500 0.006019
0.0 0.290552 0.996991 0.053500 0.006019
0.0 0.371948 0.996991 0.053500 0.006019
0.0 0.425448 0.996991 0.053500 0.006019
0.0 0.506844 0.996991 0.053500 0.006019
0.0 0.560344 0.996991 0.053500 0.006019
0.0 0.641740 0.996991 0.053500 0.006019
0.0 0.695239 0.996991 0.053500 0.006019
0.0 0.776636 0.996991 0.053500 0.006019
0.0 0.830135 0.996991 0.053500 0.006019
0.0 0.911531 0.996991 0.053500 0.006019
0.0 0.965031 0.996991 0.053500 0.006019
