1.0 0.021063 0.045114 0.017581 0.027175
0.0 0.012670 0.036878 0.006826 0.007611
0.0 0.028664 0.035644 0.008108 0.008429
1.0 0.048020 0.050710 0.019466 0.023849
0.0 0.031630 0.051873 0.008641 0.008938
1.0 0.101854 0.045114 0.017581 0.027175
0.0 0.110246 0.036878 0.006826 0.007611
0.0 0.094253 0.035644 0.008108 0.008429
1.0 0.074897 0.050710 0.019466 0.023849
0.0 0.127804 0.010678 0.002205 0.008947
0.0 0.091287 0.051873 0.008641 0.008938
1.0 0.155959 0.045114 0.017581 0.027175
0.0 0.147566 0.036878 0.006826 0.007611
0.0 0.163560 0.035644 0.008108 0.008429
1.0 0.182916 0.050710 0.019466 0.023849
0.0 0.130009 0.010678 0.002205 0.008947
0.0 0.166525 0.051873 0.008641 0.008938
1.0 0.236750 0.045114 0.017581 0.027175
0.0 0.245142 0.036878 0.006826 0.007611
0.0 0.229149 0.035644 0.008108 0.008429
1.0 0.209793 0.050710 0.019466 0.023849
0.0 0.262699 0.010678 0.002205 0.008947
0.0 0.226183 0.051873 0.008641 0.008938
1.0 0.290855 0.045114 0.017581 0.027175
0.0 0.282462 0.036878 0.006826 0.007611
0.0 0.298456 0.035644 0.008108 0.008429
1.0 0.317811 0.050710 0.019466 0.023849
0.0 0.264905 0.010678 0.002205 0.008947
0.0 0.301421 0.051873 0.008641 0.008938
1.0 0.371645 0.045114 0.017581 0.027175
0.0 0.380038 0.036878 0.006826 0.007611
0.0 0.364044 0.035644 0.008108 0.008429
1.0 0.344689 0.050710 0.019466 0.023849
0.0 0.397595 0.010678 0.002205 0.008947
0.0 0.361079 0.051873 0.008641 0.008938
1.0 0.425750 0.045114 0.017581 0.027175
0.0 0.417358 0.036878 0.006826 0.007611
0.0 0.433351 0.035644 0.008108 0.008429
1.0 0.452707 0.050710 0.019466 0.023849
0.0 0.399801 0.010678 0.002205 0.008947
0.0 0.436317 0.051873 0.008641 0.008938
1.0 0.506541 0.045114 0.017581 0.027175
0.0 0.514934 0.036878 0.006826 0.007611
0.0 0.498940 0.035644 0.008108 0.008429
1.0 0.479584 0.050710 0.019466 0.023849
0.0 0.532491 0.010678 0.002205 0.008947
0.0 0.495975 0.051873 0.008641 0.008938
1.0 0.560646 0.045114 0.017581 0.027175
0.0 0.552254 0.036878 0.006826 0.007611
0.0 0.568247 0.035644 0.008108 0.008429
1.0 0.587603 0.050710 0.019466 0.023849
0.0 0.534696 0.010678 0.002205 0.008947
0.0 0.571213 0.051873 0.008641 0.008938
1.0 0.641437 0.045114 0.017581 0.027175
0.0 0.649830 0.036878 0.006826 0.007611
0.0 0.633836 0.035644 0.008108 0.008429
1.0 0.614480 0.050710 0.019466 0.023849
0.0 0.667387 0.010678 0.002205 0.008947
0.0 0.630870 0.051873 0.008641 0.008938
1.0 0.695542 0.045114 0.017581 0.027175
0.0 0.687149 0.036878 0.006826 0.007611
0.0 0.703143 0.035644 0.008108 0.008429
1.0 0.722499 0.050710 0.019466 0.023849
0.0 0.669592 0.010678 0.002205 0.008947
0.0 0.706109 0.051873 0.008641 0.008938
1.0 0.776333 0.045114 0.017581 0.027175
0.0 0.784726 0.036878 0.006826 0.007611
0.0 0.768732 0.035644 0.008108 0.008429
1.0 0.749376 0.050710 0.019466 0.023849
0.0 0.802283 0.010678 0.002205 0.008947
0.0 0.765766 0.051873 0.008641 0.008938
1.0 0.830438 0.045114 0.017581 0.027175
0.0 0.822045 0.036878 0.006826 0.007611
0.0 0.838039 0.035644 0.008108 0.008429
1.0 0.857395 0.050710 0.019466 0.023849
0.0 0.804488 0.010678 0.002205 0.008947
0.0 0.841005 0.051873 0.008641 0.008938
1.0 0.911229 0.045114 0.017581 0.027175
0.0 0.919621 0.036878 0.006826 0.007611
0.0 0.903628 0.035644 0.008108 0.008429
1.0 0.884272 0.050710 0.019466 0.023849
0.0 0.937179 0.010678 0.002205 0.008947
0.0 0.900662 0.051873 0.008641 0.008938
1.0 0.965334 0.045114 0.017581 0.027175
0.0 0.956941 0.036878 0.006826 0.007611
0.0 0.972935 0.035644 0.008108 0.008429
1.0 0.991279 0.050710 0.017443 0.023849
0.0 0.939384 0.010678 0.002205 0.008947
0.0 0.975900 0.051873 0.008641 0.008938
1.0 0.021063 0.141923 0.017581 0.027175
0.0 0.012670 0.150159 0.006826 0.007611
0.0 0.028664 0.151394 0.008108 0.008429
1.0 0.048020 0.136328 0.019466 0.023849
0.0 0.031630 0.135164 0.008641 0.008938
1.0 0.101854 0.141923 0.017581 0.027175
0.0 0.110246 0.150159 0.006826 0.007611
0.0 0.094253 0.151394 0.008108 0.008429
1.0 0.074897 0.136328 0.019466 0.023849
0.0 0.127804 0.176359 0.002205 0.008947
0.0 0.091287 0.135164 0.008641 0.008938
1.0 0.155959 0.141923 0.017581 0.027175
0.0 0.147566 0.150159 0.006826 0.007611
0.0 0.163560 0.151394 0.008108 0.008429
1.0 0.182916 0.136328 0.019466 0.023849
0.0 0.130009 0.176359 0.002205 0.008947
0.0 0.166525 0.135164 0.008641 0.008938
1.0 0.236750 0.141923 0.017581 0.027175
0.0 0.245142 0.150159 0.006826 0.007611
0.0 0.229149 0.151394 0.008108 0.008429
1.0 0.209793 0.136328 0.019466 0.023849
0.0 0.262699 0.176359 0.002205 0.008947
0.0 0.226183 0.135164 0.008641 0.008938
1.0 0.290855 0.141923 0.017581 0.027175
0.0 0.282462 0.150159 0.006826 0.007611
0.0 0.298456 0.151394 0.008108 0.008429
1.0 0.317811 0.136328 0.019466 0.023849
0.0 0.264905 0.176359 0.002205 0.008947
0.0 0.301421 0.135164 0.008641 0.008938
1.0 0.371645 0.141923 0.017581 0.027175
0.0 0.380038 0.150159 0.006826 0.007611
0.0 0.364044 0.151394 0.008108 0.008429
1.0 0.344689 0.136328 0.019466 0.023849
0.0 0.397595 0.176359 0.002205 0.008947
0.0 0.361079 0.135164 0.008641 0.008938
1.0 0.425750 0.141923 0.017581 0.027175
0.0 0.417358 0.150159 0.006826 0.007611
0.0 0.433351 0.151394 0.008108 0.008429
1.0 0.452707 0.136328 0.019466 0.023849
0.0 0.399801 0.176359 0.002205 0.008947
0.0 0.436317 0.135164 0.008641 0.008938
1.0 0.506541 0.141923 0.017581 0.027175
0.0 0.514934 0.150159 0.006826 0.007611
0.0 0.498940 0.151394 0.008108 0.008429
1.0 0.479584 0.136328 0.019466 0.023849
0.0 0.532491 0.176359 0.002205 0.008947
0.0 0.495975 0.135164 0.008641 0.008938
1.0 0.560646 0.141923 0.017581 0.027175
0.0 0.552254 0.150159 0.006826 0.007611
0.0 0.568247 0.151394 0.008108 0.008429
1.0 0.587603 0.136328 0.019466 0.023849
0.0 0.534696 0.176359 0.002205 0.008947
0.0 0.571213 0.135164 0.008641 0.008938
1.0 0.641437 0.141923 0.017581 0.027175
0.0 0.649830 0.150159 0.006826 0.007611
0.0 0.633836 0.151394 0.008108 0.008429
1.0 0.614480 0.136328 0.019466 0.023849
0.0 0.667387 0.176359 0.002205 0.008947
0.0 0.630870 0.135164 0.008641 0.008938
1.0 0.695542 0.141923 0.017581 0.027175
0.0 0.687149 0.150159 0.006826 0.007611
0.0 0.703143 0.151394 0.008108 0.008429
1.0 0.722499 0.136328 0.019466 0.023849
0.0 0.669592 0.176359 0.002205 0.008947
0.0 0.706109 0.135164 0.008641 0.008938
1.0 0.776333 0.141923 0.017581 0.027175
0.0 0.784726 0.150159 0.006826 0.007611
0.0 0.768732 0.151394 0.008108 0.008429
1.0 0.749376 0.136328 0.019466 0.023849
0.0 0.802283 0.176359 0.002205 0.008947
0.0 0.765766 0.135164 0.008641 0.008938
1.0 0.830438 0.141923 0.017581 0.027175
0.0 0.822045 0.150159 0.006826 0.007611
0.0 0.838039 0.151394 0.008108 0.008429
1.0 0.857395 0.136328 0.019466 0.023849
0.0 0.804488 0.176359 0.002205 0.008947
0.0 0.841005 0.135164 0.008641 0.008938
1.0 0.911229 0.141923 0.017581 0.027175
0.0 0.919621 0.150159 0.006826 0.007611
0.0 0.903628 0.151394 0.008108 0.008429
1.0 0.884272 0.136328 0.019466 0.023849
0.0 0.937179 0.176359 0.002205 0.008947
0.0 0.900662 0.135164 0.008641 0.008938
1.0 0.965334 0.141923 0.017581 0.027175
0.0 0.956941 0.150159 0.006826 0.007611
0.0 0.972935 0.151394 0.008108 0.008429
1.0 0.991279 0.136328 0.017443 0.023849
0.0 0.939384 0.176359 0.002205 0.008947
0.0 0.975900 0.135164 0.008641 0.008938
1.0 0.021063 0.225670 0.017581 0.027175
0.0 0.012670 0.217434 0.006826 0.007611
0.0 0.028664 0.216199 0.008108 0.008429
1.0 0.048020 0.231265 0.019466 0.023849
0.0 0.031630 0.232428 0.008641 0.008938
1.0 0.101854 0.225670 0.017581 0.027175
0.0 0.110246 0.217434 0.006826 0.007611
0.0 0.094253 0.216199 0.008108 0.008429
1.0 0.074897 0.231265 0.019466 0.023849
0.0 0.127804 0.191234 0.002205 0.008947
0.0 0.091287 0.232428 0.008641 0.008938
1.0 0.155959 0.225670 0.017581 0.027175
0.0 0.147566 0.217434 0.006826 0.007611
0.0 0.163560 0.216199 0.008108 0.008429
1.0 0.182916 0.231265 0.019466 0.023849
0.0 0.130009 0.191234 0.002205 0.008947
0.0 0.166525 0.232428 0.008641 0.008938
1.0 0.236750 0.225670 0.017581 0.027175
0.0 0.245142 0.217434 0.006826 0.007611
0.0 0.229149 0.216199 0.008108 0.008429
1.0 0.209793 0.231265 0.019466 0.023849
0.0 0.262699 0.191234 0.002205 0.008947
0.0 0.226183 0.232428 0.008641 0.008938
1.0 0.290855 0.225670 0.017581 0.027175
0.0 0.282462 0.217434 0.006826 0.007611
0.0 0.298456 0.216199 0.008108 0.008429
1.0 0.317811 0.231265 0.019466 0.023849
0.0 0.264905 0.191234 0.002205 0.008947
0.0 0.301421 0.232428 0.008641 0.008938
1.0 0.371645 0.225670 0.017581 0.027175
0.0 0.380038 0.217434 0.006826 0.007611
0.0 0.364044 0.216199 0.008108 0.008429
1.0 0.344689 0.231265 0.019466 0.023849
0.0 0.397595 0.191234 0.002205 0.008947
0.0 0.361079 0.232428 0.008641 0.008938
1.0 0.425750 0.225670 0.017581 0.027175
0.0 0.417358 0.217434 0.006826 0.007611
0.0 0.433351 0.216199 0.008108 0.008429
1.0 0.452707 0.231265 0.019466 0.023849
0.0 0.399801 0.191234 0.002205 0.008947
0.0 0.436317 0.232428 0.008641 0.008938
1.0 0.506541 0.225670 0.017581 0.027175
0.0 0.514934 0.217434 0.006826 0.007611
0.0 0.498940 0.216199 0.008108 0.008429
1.0 0.479584 0.231265 0.019466 0.023849
0.0 0.532491 0.191234 0.002205 0.008947
0.0 0.495975 0.232428 0.008641 0.008938
1.0 0.560646 0.225670 0.017581 0.027175
0.0 0.552254 0.217434 0.006826 0.007611
0.0 0.568247 0.216199 0.008108 0.008429
1.0 0.587603 0.231265 0.019466 0.023849
0.0 0.534696 0.191234 0.002205 0.008947
0.0 0.571213 0.232428 0.008641 0.008938
1.0 0.641437 0.225670 0.017581 0.027175
0.0 0.649830 0.217434 0.006826 0.007611
0.0 0.633836 0.216199 0.008108 0.008429
1.0 0.614480 0.231265 0.019466 0.023849
0.0 0.667387 0.191234 0.002205 0.008947
0.0 0.630870 0.232428 0.008641 0.008938
1.0 0.695542 0.225670 0.017581 0.027175
0.0 0.687149 0.217434 0.006826 0.007611
0.0 0.703143 0.216199 0.008108 0.008429
1.0 0.722499 0.231265 0.019466 0.023849
0.0 0.669592 0.191234 0.002205 0.008947
0.0 0.706109 0.232428 0.008641 0.008938
1.0 0.776333 0.225670 0.017581 0.027175
0.0 0.784726 0.217434 0.006826 0.007611
0.0 0.768732 0.216199 0.008108 0.008429
1.0 0.749376 0.231265 0.019466 0.023849
0.0 0.802283 0.191234 0.002205 0.008947
0.0 0.765766 0.232428 0.008641 0.008938
1.0 0.830438 0.225670 0.017581 0.027175
0.0 0.822045 0.217434 0.006826 0.007611
0.0 0.838039 0.216199 0.008108 0.008429
1.0 0.857395 0.231265 0.019466 0.023849
0.0 0.804488 0.191234 0.002205 0.008947
0.0 0.841005 0.232428 0.008641 0.008938
1.0 0.911229 0.225670 0.017581 0.027175
0.0 0.919621 0.217434 0.006826 0.007611
0.0 0.903628 0.216199 0.008108 0.008429
1.0 0.884272 0.231265 0.019466 0.023849
0.0 0.937179 0.191234 0.002205 0.008947
0.0 0.900662 0.232428 0.008641 0.008938
1.0 0.965334 0.225670 0.017581 0.027175
0.0 0.956941 0.217434 0.006826 0.007611
0.0 0.972935 0.216199 0.008108 0.008429
1.0 0.991279 0.231265 0.017443 0.023849
0.0 0.939384 0.191234 0.002205 0.008947
0.0 0.975900 0.232428 0.008641 0.008938
1.0 0.021063 0.322478 0.017581 0.027175
0.0 0.012670 0.330714 0.006826 0.007611
0.0 0.028664 0.331949 0.008108 0.008429
1.0 0.048020 0.316883 0.019466 0.023849
0.0 0.031630 0.315720 0.008641 0.008938
1.0 0.101854 0.322478 0.017581 0.027175
0.0 0.110246 0.330714 0.006826 0.007611
0.0 0.094253 0.331949 0.008108 0.008429
1.0 0.074897 0.316883 0.019466 0.023849
0.0 0.127804 0.356914 0.002205 0.008947
0.0 0.091287 0.315720 0.008641 0.008938
1.0 0.155959 0.322478 0.017581 0.027175
0.0 0.147566 0.330714 0.006826 0.007611
0.0 0.163560 0.331949 0.008108 0.008429
1.0 0.182916 0.316883 0.019466 0.023849
0.0 0.130009 0.356914 0.002205 0.008947
0.0 0.166525 0.315720 0.008641 0.008938
1.0 0.236750 0.322478 0.017581 0.027175
0.0 0.245142 0.330714 0.006826 0.007611
0.0 0.229149 0.331949 0.008108 0.008429
1.0 0.209793 0.316883 0.019466 0.023849
0.0 0.262699 0.356914 0.002205 0.008947
0.0 0.226183 0.315720 0.008641 0.008938
1.0 0.290855 0.322478 0.017581 0.027175
0.0 0.282462 0.330714 0.006826 0.007611
0.0 0.298456 0.331949 0.008108 0.008429
1.0 0.317811 0.316883 0.019466 0.023849
0.0 0.264905 0.356914 0.002205 0.008947
0.0 0.301421 0.315720 0.008641 0.008938
1.0 0.371645 0.322478 0.017581 0.027175
0.0 0.380038 0.330714 0.006826 0.007611
0.0 0.364044 0.331949 0.008108 0.008429
1.0 0.344689 0.316883 0.019466 0.023849
0.0 0.397595 0.356914 0.002205 0.008947
0.0 0.361079 0.315720 0.008641 0.008938
1.0 0.425750 0.322478 0.017581 0.027175
0.0 0.417358 0.330714 0.006826 0.007611
0.0 0.433351 0.331949 0.008108 0.008429
1.0 0.452707 0.316883 0.019466 0.023849
0.0 0.399801 0.356914 0.002205 0.008947
0.0 0.436317 0.315720 0.008641 0.008938
1.0 0.506541 0.322478 0.017581 0.027175
0.0 0.514934 0.330714 0.006826 0.007611
0.0 0.498940 0.331949 0.008108 0.008429
1.0 0.479584 0.316883 0.019466 0.023849
0.0 0.532491 0.356914 0.002205 0.008947
0.0 0.495975 0.315720 0.008641 0.008938
1.0 0.560646 0.322478 0.017581 0.027175
0.0 0.552254 0.330714 0.006826 0.007611
0.0 0.568247 0.331949 0.008108 0.008429
1.0 0.587603 0.316883 0.019466 0.023849
0.0 0.534696 0.356914 0.002205 0.008947
0.0 0.571213 0.315720 0.008641 0.008938
1.0 0.641437 0.322478 0.017581 0.027175
0.0 0.649830 0.330714 0.006826 0.007611
0.0 0.633836 0.331949 0.008108 0.008429
1.0 0.614480 0.316883 0.019466 0.023849
0.0 0.667387 0.356914 0.002205 0.008947
0.0 0.630870 0.315720 0.008641 0.008938
1.0 0.695542 0.322478 0.017581 0.027175
0.0 0.687149 0.330714 0.006826 0.007611
0.0 0.703143 0.331949 0.008108 0.008429
1.0 0.722499 0.316883 0.019466 0.023849
0.0 0.669592 0.356914 0.002205 0.008947
0.0 0.706109 0.315720 0.008641 0.008938
1.0 0.776333 0.322478 0.017581 0.027175
0.0 0.784726 0.330714 0.006826 0.007611
0.0 0.768732 0.331949 0.008108 0.008429
1.0 0.749376 0.316883 0.019466 0.023849
0.0 0.802283 0.356914 0.002205 0.008947
0.0 0.765766 0.315720 0.008641 0.008938
1.0 0.830438 0.322478 0.017581 0.027175
0.0 0.822045 0.330714 0.006826 0.007611
0.0 0.838039 0.331949 0.008108 0.008429
1.0 0.857395 0.316883 0.019466 0.023849
0.0 0.804488 0.356914 0.002205 0.008947
0.0 0.841005 0.315720 0.008641 0.008938
1.0 0.911229 0.322478 0.017581 0.027175
0.0 0.919621 0.330714 0.006826 0.007611
0.0 0.903628 0.331949 0.008108 0.008429
1.0 0.884272 0.316883 0.019466 0.023849
0.0 0.937179 0.356914 0.002205 0.008947
0.0 0.900662 0.315720 0.008641 0.008938
1.0 0.965334 0.322478 0.017581 0.027175
0.0 0.956941 0.330714 0.006826 0.007611
0.0 0.972935 0.331949 0.008108 0.008429
1.0 0.991279 0.316883 0.017443 0.023849
0.0 0.939384 0.356914 0.002205 0.008947
0.0 0.975900 0.315720 0.008641 0.008938
1.0 0.021063 0.406225 0.017581 0.027175
0.0 0.012670 0.397989 0.006826 0.007611
0.0 0.028664 0.396755 0.008108 0.008429
1.0 0.048020 0.411821 0.019466 0.023849
0.0 0.031630 0.412984 0.008641 0.008938
1.0 0.101854 0.406225 0.017581 0.027175
0.0 0.110246 0.397989 0.006826 0.007611
0.0 0.094253 0.396755 0.008108 0.008429
1.0 0.074897 0.411821 0.019466 0.023849
0.0 0.127804 0.371790 0.002205 0.008947
0.0 0.091287 0.412984 0.008641 0.008938
1.0 0.155959 0.406225 0.017581 0.027175
0.0 0.147566 0.397989 0.006826 0.007611
0.0 0.163560 0.396755 0.008108 0.008429
1.0 0.182916 0.411821 0.019466 0.023849
0.0 0.130009 0.371790 0.002205 0.008947
0.0 0.166525 0.412984 0.008641 0.008938
1.0 0.236750 0.406225 0.017581 0.027175
0.0 0.245142 0.397989 0.006826 0.007611
0.0 0.229149 0.396755 0.008108 0.008429
1.0 0.209793 0.411821 0.019466 0.023849
0.0 0.262699 0.371790 0.002205 0.008947
0.0 0.226183 0.412984 0.008641 0.008938
1.0 0.290855 0.406225 0.017581 0.027175
0.0 0.282462 0.397989 0.006826 0.007611
0.0 0.298456 0.396755 0.008108 0.008429
1.0 0.317811 0.411821 0.019466 0.023849
0.0 0.264905 0.371790 0.002205 0.008947
0.0 0.301421 0.412984 0.008641 0.008938
1.0 0.371645 0.406225 0.017581 0.027175
0.0 0.380038 0.397989 0.006826 0.007611
0.0 0.364044 0.396755 0.008108 0.008429
1.0 0.344689 0.411821 0.019466 0.023849
0.0 0.397595 0.371790 0.002205 0.008947
0.0 0.361079 0.412984 0.008641 0.008938
1.0 0.425750 0.406225 0.017581 0.027175
0.0 0.417358 0.397989 0.006826 0.007611
0.0 0.433351 0.396755 0.008108 0.008429
1.0 0.452707 0.411821 0.019466 0.023849
0.0 0.399801 0.371790 0.002205 0.008947
0.0 0.436317 0.412984 0.008641 0.008938
1.0 0.506541 0.406225 0.017581 0.027175
0.0 0.514934 0.397989 0.006826 0.007611
0.0 0.498940 0.396755 0.008108 0.008429
1.0 0.479584 0.411821 0.019466 0.023849
0.0 0.532491 0.371790 0.002205 0.008947
0.0 0.495975 0.412984 0.008641 0.008938
1.0 0.560646 0.406225 0.017581 0.027175
0.0 0.552254 0.397989 0.006826 0.007611
0.0 0.568247 0.396755 0.008108 0.008429
1.0 0.587603 0.411821 0.019466 0.023849
0.0 0.534696 0.371790 0.002205 0.008947
0.0 0.571213 0.412984 0.008641 0.008938
1.0 0.641437 0.406225 0.017581 0.027175
0.0 0.649830 0.397989 0.006826 0.007611
0.0 0.633836 0.396755 0.008108 0.008429
1.0 0.614480 0.411821 0.019466 0.023849
0.0 0.667387 0.371790 0.002205 0.008947
0.0 0.630870 0.412984 0.008641 0.008938
1.0 0.695542 0.406225 0.017581 0.027175
0.0 0.687149 0.397989 0.006826 0.007611
0.0 0.703143 0.396755 0.008108 0.008429
1.0 0.722499 0.411821 0.019466 0.023849
0.0 0.669592 0.371790 0.002205 0.008947
0.0 0.706109 0.412984 0.008641 0.008938
1.0 0.776333 0.406225 0.017581 0.027175
0.0 0.784726 0.397989 0.006826 0.007611
0.0 0.768732 0.396755 0.008108 0.008429
1.0 0.749376 0.411821 0.019466 0.023849
0.0 0.802283 0.371790 0.002205 0.008947
0.0 0.765766 0.412984 0.008641 0.008938
1.0 0.830438 0.406225 0.017581 0.027175
0.0 0.822045 0.397989 0.006826 0.007611
0.0 0.838039 0.396755 0.008108 0.008429
1.0 0.857395 0.411821 0.019466 0.023849
0.0 0.804488 0.371790 0.002205 0.008947
0.0 0.841005 0.412984 0.008641 0.008938
1.0 0.911229 0.406225 0.017581 0.027175
0.0 0.919621 0.397989 0.006826 0.007611
0.0 0.903628 0.396755 0.008108 0.008429
1.0 0.884272 0.411821 0.019466 0.023849
0.0 0.937179 0.371790 0.002205 0.008947
0.0 0.900662 0.412984 0.008641 0.008938
1.0 0.965334 0.406225 0.017581 0.027175
0.0 0.956941 0.397989 0.006826 0.007611
0.0 0.972935 0.396755 0.008108 0.008429
1.0 0.991279 0.411821 0.017443 0.023849
0.0 0.939384 0.371790 0.002205 0.008947
0.0 0.975900 0.412984 0.008641 0.008938
1.0 0.021063 0.503034 0.017581 0.027175
0.0 0.012670 0.511270 0.006826 0.007611
0.0 0.028664 0.512505 0.008108 0.008429
1.0 0.048020 0.497439 0.019466 0.023849
0.0 0.031630 0.496275 0.008641 0.008938
1.0 0.101854 0.503034 0.017581 0.027175
0.0 0.110246 0.511270 0.006826 0.007611
0.0 0.094253 0.512505 0.008108 0.008429
1.0 0.074897 0.497439 0.019466 0.023849
0.0 0.127804 0.537470 0.002205 0.008947
0.0 0.091287 0.496275 0.008641 0.008938
1.0 0.155959 0.503034 0.017581 0.027175
0.0 0.147566 0.511270 0.006826 0.007611
0.0 0.163560 0.512505 0.008108 0.008429
1.0 0.182916 0.497439 0.019466 0.023849
0.0 0.130009 0.537470 0.002205 0.008947
0.0 0.166525 0.496275 0.008641 0.008938
1.0 0.236750 0.503034 0.017581 0.027175
0.0 0.245142 0.511270 0.006826 0.007611
0.0 0.229149 0.512505 0.008108 0.008429
1.0 0.209793 0.497439 0.019466 0.023849
0.0 0.262699 0.537470 0.002205 0.008947
0.0 0.226183 0.496275 0.008641 0.008938
1.0 0.290855 0.503034 0.017581 0.027175
0.0 0.282462 0.511270 0.006826 0.007611
0.0 0.298456 0.512505 0.008108 0.008429
1.0 0.317811 0.497439 0.019466 0.023849
0.0 0.264905 0.537470 0.002205 0.008947
0.0 0.301421 0.496275 0.008641 0.008938
1.0 0.371645 0.503034 0.017581 0.027175
0.0 0.380038 0.511270 0.006826 0.007611
0.0 0.364044 0.512505 0.008108 0.008429
1.0 0.344689 0.497439 0.019466 0.023849
0.0 0.397595 0.537470 0.002205 0.008947
0.0 0.361079 0.496275 0.008641 0.008938
1.0 0.425750 0.503034 0.017581 0.027175
0.0 0.417358 0.511270 0.006826 0.007611
0.0 0.433351 0.512505 0.008108 0.008429
1.0 0.452707 0.497439 0.019466 0.023849
0.0 0.399801 0.537470 0.002205 0.008947
0.0 0.436317 0.496275 0.008641 0.008938
1.0 0.506541 0.503034 0.017581 0.027175
0.0 0.514934 0.511270 0.006826 0.007611
0.0 0.498940 0.512505 0.008108 0.008429
1.0 0.479584 0.497439 0.019466 0.023849
0.0 0.532491 0.537470 0.002205 0.008947
0.0 0.495975 0.496275 0.008641 0.008938
1.0 0.560646 0.503034 0.017581 0.027175
0.0 0.552254 0.511270 0.006826 0.007611
0.0 0.568247 0.512505 0.008108 0.008429
1.0 0.587603 0.497439 0.019466 0.023849
0.0 0.534696 0.537470 0.002205 0.008947
0.0 0.571213 0.496275 0.008641 0.008938
1.0 0.641437 0.503034 0.017581 0.027175
0.0 0.649830 0.511270 0.006826 0.007611
0.0 0.633836 0.512505 0.008108 0.008429
1.0 0.614480 0.497439 0.019466 0.023849
0.0 0.667387 0.537470 0.002205 0.008947
0.0 0.630870 0.496275 0.008641 0.008938
1.0 0.695542 0.503034 0.017581 0.027175
0.0 0.687149 0.511270 0.006826 0.007611
0.0 0.703143 0.512505 0.008108 0.008429
1.0 0.722499 0.497439 0.019466 0.023849
0.0 0.669592 0.537470 0.002205 0.008947
0.0 0.706109 0.496275 0.008641 0.008938
1.0 0.776333 0.503034 0.017581 0.027175
0.0 0.784726 0.511270 0.006826 0.007611
0.0 0.768732 0.512505 0.008108 0.008429
1.0 0.749376 0.497439 0.019466 0.023849
0.0 0.802283 0.537470 0.002205 0.008947
0.0 0.765766 0.496275 0.008641 0.008938
1.0 0.830438 0.503034 0.017581 0.027175
0.0 0.822045 0.511270 0.006826 0.007611
0.0 0.838039 0.512505 0.008108 0.008429
1.0 0.857395 0.497439 0.019466 0.023849
0.0 0.804488 0.537470 0.002205 0.008947
0.0 0.841005 0.496275 0.008641 0.008938
1.0 0.911229 0.503034 0.017581 0.027175
0.0 0.919621 0.511270 0.006826 0.007611
0.0 0.903628 0.512505 0.008108 0.008429
1.0 0.884272 0.497439 0.019466 0.023849
0.0 0.937179 0.537470 0.002205 0.008947
0.0 0.900662 0.496275 0.008641 0.008938
1.0 0.965334 0.503034 0.017581 0.027175
0.0 0.956941 0.511270 0.006826 0.007611
0.0 0.972935 0.512505 0.008108 0.008429
1.0 0.991279 0.497439 0.017443 0.023849
0.0 0.939384 0.537470 0.002205 0.008947
0.0 0.975900 0.496275 0.008641 0.008938
1.0 0.021063 0.586781 0.017581 0.027175
0.0 0.012670 0.578545 0.006826 0.007611
0.0 0.028664 0.577310 0.008108 0.008429
1.0 0.048020 0.592376 0.019466 0.023849
0.0 0.031630 0.593539 0.008641 0.008938
1.0 0.101854 0.586781 0.017581 0.027175
0.0 0.110246 0.578545 0.006826 0.007611
0.0 0.094253 0.577310 0.008108 0.008429
1.0 0.074897 0.592376 0.019466 0.023849
0.0 0.127804 0.552345 0.002205 0.008947
0.0 0.091287 0.593539 0.008641 0.008938
1.0 0.155959 0.586781 0.017581 0.027175
0.0 0.147566 0.578545 0.006826 0.007611
0.0 0.163560 0.577310 0.008108 0.008429
1.0 0.182916 0.592376 0.019466 0.023849
0.0 0.130009 0.552345 0.002205 0.008947
0.0 0.166525 0.593539 0.008641 0.008938
1.0 0.236750 0.586781 0.017581 0.027175
0.0 0.245142 0.578545 0.006826 0.007611
0.0 0.229149 0.577310 0.008108 0.008429
1.0 0.209793 0.592376 0.019466 0.023849
0.0 0.262699 0.552345 0.002205 0.008947
0.0 0.226183 0.593539 0.008641 0.008938
1.0 0.290855 0.586781 0.017581 0.027175
0.0 0.282462 0.578545 0.006826 0.007611
0.0 0.298456 0.577310 0.008108 0.008429
1.0 0.317811 0.592376 0.019466 0.023849
0.0 0.264905 0.552345 0.002205 0.008947
0.0 0.301421 0.593539 0.008641 0.008938
1.0 0.371645 0.586781 0.017581 0.027175
0.0 0.380038 0.578545 0.006826 0.007611
0.0 0.364044 0.577310 0.008108 0.008429
1.0 0.344689 0.592376 0.019466 0.023849
0.0 0.397595 0.552345 0.002205 0.008947
0.0 0.361079 0.593539 0.008641 0.008938
1.0 0.425750 0.586781 0.017581 0.027175
0.0 0.417358 0.578545 0.006826 0.007611
0.0 0.433351 0.577310 0.008108 0.008429
1.0 0.452707 0.592376 0.019466 0.023849
0.0 0.399801 0.552345 0.002205 0.008947
0.0 0.436317 0.593539 0.008641 0.008938
1.0 0.506541 0.586781 0.017581 0.027175
0.0 0.514934 0.578545 0.006826 0.007611
0.0 0.498940 0.577310 0.008108 0.008429
1.0 0.479584 0.592376 0.019466 0.023849
0.0 0.532491 0.552345 0.002205 0.008947
0.0 0.495975 0.593539 0.008641 0.008938
1.0 0.560646 0.586781 0.017581 0.027175
0.0 0.552254 0.578545 0.006826 0.007611
0.0 0.568247 0.577310 0.008108 0.008429
1.0 0.587603 0.592376 0.019466 0.023849
0.0 0.534696 0.552345 0.002205 0.008947
0.0 0.571213 0.593539 0.008641 0.008938
1.0 0.641437 0.586781 0.017581 0.027175
0.0 0.649830 0.578545 0.006826 0.007611
0.0 0.633836 0.577310 0.008108 0.008429
1.0 0.614480 0.592376 0.019466 0.023849
0.0 0.667387 0.552345 0.002205 0.008947
0.0 0.630870 0.593539 0.008641 0.008938
1.0 0.695542 0.586781 0.017581 0.027175
0.0 0.687149 0.578545 0.006826 0.007611
0.0 0.703143 0.577310 0.008108 0.008429
1.0 0.722499 0.592376 0.019466 0.023849
0.0 0.669592 0.552345 0.002205 0.008947
0.0 0.706109 0.593539 0.008641 0.008938
1.0 0.776333 0.586781 0.017581 0.027175
0.0 0.784726 0.578545 0.006826 0.007611
0.0 0.768732 0.577310 0.008108 0.008429
1.0 0.749376 0.592376 0.019466 0.023849
0.0 0.802283 0.552345 0.002205 0.008947
0.0 0.765766 0.593539 0.008641 0.008938
1.0 0.830438 0.586781 0.017581 0.027175
0.0 0.822045 0.578545 0.006826 0.007611
0.0 0.838039 0.577310 0.008108 0.008429
1.0 0.857395 0.592376 0.019466 0.023849
0.0 0.804488 0.552345 0.002205 0.008947
0.0 0.841005 0.593539 0.008641 0.008938
1.0 0.911229 0.586781 0.017581 0.027175
0.0 0.919621 0.578545 0.006826 0.007611
0.0 0.903628 0.577310 0.008108 0.008429
1.0 0.884272 0.592376 0.019466 0.023849
0.0 0.937179 0.552345 0.002205 0.008947
0.0 0.900662 0.593539 0.008641 0.008938
1.0 0.965334 0.586781 0.017581 0.027175
0.0 0.956941 0.578545 0.006826 0.007611
0.0 0.972935 0.577310 0.008108 0.008429
1.0 0.991279 0.592376 0.017443 0.023849
0.0 0.939384 0.552345 0.002205 0.008947
0.0 0.975900 0.593539 0.008641 0.008938
1.0 0.021063 0.683589 0.017581 0.027175
0.0 0.012670 0.691826 0.006826 0.007611
0.0 0.028664 0.693060 0.008108 0.008429
1.0 0.048020 0.677994 0.019466 0.023849
0.0 0.031630 0.676831 0.008641 0.008938
1.0 0.101854 0.683589 0.017581 0.027175
0.0 0.110246 0.691826 0.006826 0.007611
0.0 0.094253 0.693060 0.008108 0.008429
1.0 0.074897 0.677994 0.019466 0.023849
0.0 0.127804 0.718025 0.002205 0.008947
0.0 0.091287 0.676831 0.008641 0.008938
1.0 0.155959 0.683589 0.017581 0.027175
0.0 0.147566 0.691826 0.006826 0.007611
0.0 0.163560 0.693060 0.008108 0.008429
1.0 0.182916 0.677994 0.019466 0.023849
0.0 0.130009 0.718025 0.002205 0.008947
0.0 0.166525 0.676831 0.008641 0.008938
1.0 0.236750 0.683589 0.017581 0.027175
0.0 0.245142 0.691826 0.006826 0.007611
0.0 0.229149 0.693060 0.008108 0.008429
1.0 0.209793 0.677994 0.019466 0.023849
0.0 0.262699 0.718025 0.002205 0.008947
0.0 0.226183 0.676831 0.008641 0.008938
1.0 0.290855 0.683589 0.017581 0.027175
0.0 0.282462 0.691826 0.006826 0.007611
0.0 0.298456 0.693060 0.008108 0.008429
1.0 0.317811 0.677994 0.019466 0.023849
0.0 0.264905 0.718025 0.002205 0.008947
0.0 0.301421 0.676831 0.008641 0.008938
1.0 0.371645 0.683589 0.017581 0.027175
0.0 0.380038 0.691826 0.006826 0.007611
0.0 0.364044 0.693060 0.008108 0.008429
1.0 0.344689 0.677994 0.019466 0.023849
0.0 0.397595 0.718025 0.002205 0.008947
0.0 0.361079 0.676831 0.008641 0.008938
1.0 0.425750 0.683589 0.017581 0.027175
0.0 0.417358 0.691826 0.006826 0.007611
0.0 0.433351 0.693060 0.008108 0.008429
1.0 0.452707 0.677994 0.019466 0.023849
0.0 0.399801 0.718025 0.002205 0.008947
0.0 0.436317 0.676831 0.008641 0.008938
1.0 0.506541 0.683589 0.017581 0.027175
0.0 0.514934 0.691826 0.006826 0.007611
0.0 0.498940 0.693060 0.008108 0.008429
1.0 0.479584 0.677994 0.019466 0.023849
0.0 0.532491 0.718025 0.002205 0.008947
0.0 0.495975 0.676831 0.008641 0.008938
1.0 0.560646 0.683589 0.017581 0.027175
0.0 0.552254 0.691826 0.006826 0.007611
0.0 0.568247 0.693060 0.008108 0.008429
1.0 0.587603 0.677994 0.019466 0.023849
0.0 0.534696 0.718025 0.002205 0.008947
0.0 0.571213 0.676831 0.008641 0.008938
1.0 0.641437 0.683589 0.017581 0.027175
0.0 0.649830 0.691826 0.006826 0.007611
0.0 0.633836 0.693060 0.008108 0.008429
1.0 0.614480 0.677994 0.019466 0.023849
0.0 0.667387 0.718025 0.002205 0.008947
0.0 0.630870 0.676831 0.008641 0.008938
1.0 0.695542 0.683589 0.017581 0.027175
0.0 0.687149 0.691826 0.006826 0.007611
0.0 0.703143 0.693060 0.008108 0.008429
1.0 0.722499 0.677994 0.019466 0.023849
0.0 0.669592 0.718025 0.002205 0.008947
0.0 0.706109 0.676831 0.008641 0.008938
1.0 0.776333 0.683589 0.017581 0.027175
0.0 0.784726 0.691826 0.006826 0.007611
0.0 0.768732 0.693060 0.008108 0.008429
1.0 0.749376 0.677994 0.019466 0.023849
0.0 0.802283 0.718025 0.002205 0.008947
0.0 0.765766 0.676831 0.008641 0.008938
1.0 0.830438 0.683589 0.017581 0.027175
0.0 0.822045 0.691826 0.006826 0.007611
0.0 0.838039 0.693060 0.008108 0.008429
1.0 0.857395 0.677994 0.019466 0.023849
0.0 0.804488 0.718025 0.002205 0.008947
0.0 0.841005 0.676831 0.008641 0.008938
1.0 0.911229 0.683589 0.017581 0.027175
0.0 0.919621 0.691826 0.006826 0.007611
0.0 0.903628 0.693060 0.008108 0.008429
1.0 0.884272 0.677994 0.019466 0.023849
0.0 0.937179 0.718025 0.002205 0.008947
0.0 0.900662 0.676831 0.008641 0.008938
1.0 0.965334 0.683589 0.017581 0.027175
0.0 0.956941 0.691826 0.006826 0.007611
0.0 0.972935 0.693060 0.008108 0.008429
1.0 0.991279 0.677994 0.017443 0.023849
0.0 0.939384 0.718025 0.002205 0.008947
0.0 0.975900 0.676831 0.008641 0.008938
1.0 0.021063 0.767336 0.017581 0.027175
0.0 0.012670 0.759100 0.006826 0.007611
0.0 0.028664 0.757866 0.008108 0.008429
1.0 0.048020 0.772932 0.019466 0.023849
0.0 0.031630 0.774095 0.008641 0.008938
1.0 0.101854 0.767336 0.017581 0.027175
0.0 0.110246 0.759100 0.006826 0.007611
0.0 0.094253 0.757866 0.008108 0.008429
1.0 0.074897 0.772932 0.019466 0.023849
0.0 0.127804 0.732901 0.002205 0.008947
0.0 0.091287 0.774095 0.008641 0.008938
1.0 0.155959 0.767336 0.017581 0.027175
0.0 0.147566 0.759100 0.006826 0.007611
0.0 0.163560 0.757866 0.008108 0.008429
1.0 0.182916 0.772932 0.019466 0.023849
0.0 0.130009 0.732901 0.002205 0.008947
0.0 0.166525 0.774095 0.008641 0.008938
1.0 0.236750 0.767336 0.017581 0.027175
0.0 0.245142 0.759100 0.006826 0.007611
0.0 0.229149 0.757866 0.008108 0.008429
1.0 0.209793 0.772932 0.019466 0.023849
0.0 0.262699 0.732901 0.002205 0.008947
0.0 0.226183 0.774095 0.008641 0.008938
1.0 0.290855 0.767336 0.017581 0.027175
0.0 0.282462 0.759100 0.006826 0.007611
0.0 0.298456 0.757866 0.008108 0.008429
1.0 0.317811 0.772932 0.019466 0.023849
0.0 0.264905 0.732901 0.002205 0.008947
0.0 0.301421 0.774095 0.008641 0.008938
1.0 0.371645 0.767336 0.017581 0.027175
0.0 0.380038 0.759100 0.006826 0.007611
0.0 0.364044 0.757866 0.008108 0.008429
1.0 0.344689 0.772932 0.019466 0.023849
0.0 0.397595 0.732901 0.002205 0.008947
0.0 0.361079 0.774095 0.008641 0.008938
1.0 0.425750 0.767336 0.017581 0.027175
0.0 0.417358 0.759100 0.006826 0.007611
0.0 0.433351 0.757866 0.008108 0.008429
1.0 0.452707 0.772932 0.019466 0.023849
0.0 0.399801 0.732901 0.002205 0.008947
0.0 0.436317 0.774095 0.008641 0.008938
1.0 0.506541 0.767336 0.017581 0.027175
0.0 0.514934 0.759100 0.006826 0.007611
0.0 0.498940 0.757866 0.008108 0.008429
1.0 0.479584 0.772932 0.019466 0.023849
0.0 0.532491 0.732901 0.002205 0.008947
0.0 0.495975 0.774095 0.008641 0.008938
1.0 0.560646 0.767336 0.017581 0.027175
0.0 0.552254 0.759100 0.006826 0.007611
0.0 0.568247 0.757866 0.008108 0.008429
1.0 0.587603 0.772932 0.019466 0.023849
0.0 0.534696 0.732901 0.002205 0.008947
0.0 0.571213 0.774095 0.008641 0.008938
1.0 0.641437 0.767336 0.017581 0.027175
0.0 0.649830 0.759100 0.006826 0.007611
0.0 0.633836 0.757866 0.008108 0.008429
1.0 0.614480 0.772932 0.019466 0.023849
0.0 0.667387 0.732901 0.002205 0.008947
0.0 0.630870 0.774095 0.008641 0.008938
1.0 0.695542 0.767336 0.017581 0.027175
0.0 0.687149 0.759100 0.006826 0.007611
0.0 0.703143 0.757866 0.008108 0.008429
1.0 0.722499 0.772932 0.019466 0.023849
0.0 0.669592 0.732901 0.002205 0.008947
0.0 0.706109 0.774095 0.008641 0.008938
1.0 0.776333 0.767336 0.017581 0.027175
0.0 0.784726 0.759100 0.006826 0.007611
0.0 0.768732 0.757866 0.008108 0.008429
1.0 0.749376 0.772932 0.019466 0.023849
0.0 0.802283 0.732901 0.002205 0.008947
0.0 0.765766 0.774095 0.008641 0.008938
1.0 0.830438 0.767336 0.017581 0.027175
0.0 0.822045 0.759100 0.006826 0.007611
0.0 0.838039 0.757866 0.008108 0.008429
1.0 0.857395 0.772932 0.019466 0.023849
0.0 0.804488 0.732901 0.002205 0.008947
0.0 0.841005 0.774095 0.008641 0.008938
1.0 0.911229 0.767336 0.017581 0.027175
0.0 0.919621 0.759100 0.006826 0.007611
0.0 0.903628 0.757866 0.008108 0.008429
1.0 0.884272 0.772932 0.019466 0.023849
0.0 0.937179 0.732901 0.002205 0.008947
0.0 0.900662 0.774095 0.008641 0.008938
1.0 0.965334 0.767336 0.017581 0.027175
0.0 0.956941 0.759100 0.006826 0.007611
0.0 0.972935 0.757866 0.008108 0.008429
1.0 0.991279 0.772932 0.017443 0.023849
0.0 0.939384 0.732901 0.002205 0.008947
0.0 0.975900 0.774095 0.008641 0.008938
1.0 0.021063 0.864145 0.017581 0.027175
0.0 0.012670 0.872381 0.006826 0.007611
0.0 0.028664 0.873616 0.008108 0.008429
1.0 0.048020 0.858550 0.019466 0.023849
0.0 0.031630 0.857386 0.008641 0.008938
1.0 0.101854 0.864145 0.017581 0.027175
0.0 0.110246 0.872381 0.006826 0.007611
0.0 0.094253 0.873616 0.008108 0.008429
1.0 0.074897 0.858550 0.019466 0.023849
0.0 0.127804 0.898581 0.002205 0.008947
0.0 0.091287 0.857386 0.008641 0.008938
1.0 0.155959 0.864145 0.017581 0.027175
0.0 0.147566 0.872381 0.006826 0.007611
0.0 0.163560 0.873616 0.008108 0.008429
1.0 0.182916 0.858550 0.019466 0.023849
0.0 0.130009 0.898581 0.002205 0.008947
0.0 0.166525 0.857386 0.008641 0.008938
1.0 0.236750 0.864145 0.017581 0.027175
0.0 0.245142 0.872381 0.006826 0.007611
0.0 0.229149 0.873616 0.008108 0.008429
1.0 0.209793 0.858550 0.019466 0.023849
0.0 0.262699 0.898581 0.002205 0.008947
0.0 0.226183 0.857386 0.008641 0.008938
1.0 0.290855 0.864145 0.017581 0.027175
0.0 0.282462 0.872381 0.006826 0.007611
0.0 0.298456 0.873616 0.008108 0.008429
1.0 0.317811 0.858550 0.019466 0.023849
0.0 0.264905 0.898581 0.002205 0.008947
0.0 0.301421 0.857386 0.008641 0.008938
1.0 0.371645 0.864145 0.017581 0.027175
0.0 0.380038 0.872381 0.006826 0.007611
0.0 0.364044 0.873616 0.008108 0.008429
1.0 0.344689 0.858550 0.019466 0.023849
0.0 0.397595 0.898581 0.002205 0.008947
0.0 0.361079 0.857386 0.008641 0.008938
1.0 0.425750 0.864145 0.017581 0.027175
0.0 0.417358 0.872381 0.006826 0.007611
0.0 0.433351 0.873616 0.008108 0.008429
1.0 0.452707 0.858550 0.019466 0.023849
0.0 0.399801 0.898581 0.002205 0.008947
0.0 0.436317 0.857386 0.008641 0.008938
1.0 0.506541 0.864145 0.017581 0.027175
0.0 0.514934 0.872381 0.006826 0.007611
0.0 0.498940 0.873616 0.008108 0.008429
1.0 0.479584 0.858550 0.019466 0.023849
0.0 0.532491 0.898581 0.002205 0.008947
0.0 0.495975 0.857386 0.008641 0.008938
1.0 0.560646 0.864145 0.017581 0.027175
0.0 0.552254 0.872381 0.006826 0.007611
0.0 0.568247 0.873616 0.008108 0.008429
1.0 0.587603 0.858550 0.019466 0.023849
0.0 0.534696 0.898581 0.002205 0.008947
0.0 0.571213 0.857386 0.008641 0.008938
1.0 0.641437 0.864145 0.017581 0.027175
0.0 0.649830 0.872381 0.006826 0.007611
0.0 0.633836 0.873616 0.008108 0.008429
1.0 0.614480 0.858550 0.019466 0.023849
0.0 0.667387 0.898581 0.002205 0.008947
0.0 0.630870 0.857386 0.008641 0.008938
1.0 0.695542 0.864145 0.017581 0.027175
0.0 0.687149 0.872381 0.006826 0.007611
0.0 0.703143 0.873616 0.008108 0.008429
1.0 0.722499 0.858550 0.019466 0.023849
0.0 0.669592 0.898581 0.002205 0.008947
0.0 0.706109 0.857386 0.008641 0.008938
1.0 0.776333 0.864145 0.017581 0.027175
0.0 0.784726 0.872381 0.006826 0.007611
0.0 0.768732 0.873616 0.008108 0.008429
1.0 0.749376 0.858550 0.019466 0.023849
0.0 0.802283 0.898581 0.002205 0.008947
0.0 0.765766 0.857386 0.008641 0.008938
1.0 0.830438 0.864145 0.017581 0.027175
0.0 0.822045 0.872381 0.006826 0.007611
0.0 0.838039 0.873616 0.008108 0.008429
1.0 0.857395 0.858550 0.019466 0.023849
0.0 0.804488 0.898581 0.002205 0.008947
0.0 0.841005 0.857386 0.008641 0.008938
1.0 0.911229 0.864145 0.017581 0.027175
0.0 0.919621 0.872381 0.006826 0.007611
0.0 0.903628 0.873616 0.008108 0.008429
1.0 0.884272 0.858550 0.019466 0.023849
0.0 0.937179 0.898581 0.002205 0.008947
0.0 0.900662 0.857386 0.008641 0.008938
1.0 0.965334 0.864145 0.017581 0.027175
0.0 0.956941 0.872381 0.006826 0.007611
0.0 0.972935 0.873616 0.008108 0.008429
1.0 0.991279 0.858550 0.017443 0.023849
0.0 0.939384 0.898581 0.002205 0.008947
0.0 0.975900 0.857386 0.008641 0.008938
1.0 0.021063 0.947892 0.017581 0.027175
0.0 0.012670 0.939656 0.006826 0.007611
0.0 0.028664 0.938421 0.008108 0.008429
1.0 0.048020 0.953487 0.019466 0.023849
0.0 0.031630 0.954651 0.008641 0.008938
1.0 0.101854 0.947892 0.017581 0.027175
0.0 0.110246 0.939656 0.006826 0.007611
0.0 0.094253 0.938421 0.008108 0.008429
1.0 0.074897 0.953487 0.019466 0.023849
0.0 0.127804 0.913456 0.002205 0.008947
0.0 0.091287 0.954651 0.008641 0.008938
1.0 0.155959 0.947892 0.017581 0.027175
0.0 0.147566 0.939656 0.006826 0.007611
0.0 0.163560 0.938421 0.008108 0.008429
1.0 0.182916 0.953487 0.019466 0.023849
0.0 0.130009 0.913456 0.002205 0.008947
0.0 0.166525 0.954651 0.008641 0.008938
1.0 0.236750 0.947892 0.017581 0.027175
0.0 0.245142 0.939656 0.006826 0.007611
0.0 0.229149 0.938421 0.008108 0.008429
1.0 0.209793 0.953487 0.019466 0.023849
0.0 0.262699 0.913456 0.002205 0.008947
0.0 0.226183 0.954651 0.008641 0.008938
1.0 0.290855 0.947892 0.017581 0.027175
0.0 0.282462 0.939656 0.006826 0.007611
0.0 0.298456 0.938421 0.008108 0.008429
1.0 0.317811 0.953487 0.019466 0.023849
0.0 0.264905 0.913456 0.002205 0.008947
0.0 0.301421 0.954651 0.008641 0.008938
1.0 0.371645 0.947892 0.017581 0.027175
0.0 0.380038 0.939656 0.006826 0.007611
0.0 0.364044 0.938421 0.008108 0.008429
1.0 0.344689 0.953487 0.019466 0.023849
0.0 0.397595 0.913456 0.002205 0.008947
0.0 0.361079 0.954651 0.008641 0.008938
1.0 0.425750 0.947892 0.017581 0.027175
0.0 0.417358 0.939656 0.006826 0.007611
0.0 0.433351 0.938421 0.008108 0.008429
1.0 0.452707 0.953487 0.019466 0.023849
0.0 0.399801 0.913456 0.002205 0.008947
0.0 0.436317 0.954651 0.008641 0.008938
1.0 0.506541 0.947892 0.017581 0.027175
0.0 0.514934 0.939656 0.006826 0.007611
0.0 0.498940 0.938421 0.008108 0.008429
1.0 0.479584 0.953487 0.019466 0.023849
0.0 0.532491 0.913456 0.002205 0.008947
0.0 0.495975 0.954651 0.008641 0.008938
1.0 0.560646 0.947892 0.017581 0.027175
0.0 0.552254 0.939656 0.006826 0.007611
0.0 0.568247 0.938421 0.008108 0.008429
1.0 0.587603 0.953487 0.019466 0.023849
0.0 0.534696 0.913456 0.002205 0.008947
0.0 0.571213 0.954651 0.008641 0.008938
1.0 0.641437 0.947892 0.017581 0.027175
0.0 0.649830 0.939656 0.006826 0.007611
0.0 0.633836 0.938421 0.008108 0.008429
1.0 0.614480 0.953487 0.019466 0.023849
0.0 0.667387 0.913456 0.002205 0.008947
0.0 0.630870 0.954651 0.008641 0.008938
1.0 0.695542 0.947892 0.017581 0.027175
0.0 0.687149 0.939656 0.006826 0.007611
0.0 0.703143 0.938421 0.008108 0.008429
1.0 0.722499 0.953487 0.019466 0.023849
0.0 0.669592 0.913456 0.002205 0.008947
0.0 0.706109 0.954651 0.008641 0.008938
1.0 0.776333 0.947892 0.017581 0.027175
0.0 0.784726 0.939656 0.006826 0.007611
0.0 0.768732 0.938421 0.008108 0.008429
1.0 0.749376 0.953487 0.019466 0.023849
0.0 0.802283 0.913456 0.002205 0.008947
0.0 0.765766 0.954651 0.008641 0.008938
1.0 0.830438 0.947892 0.017581 0.027175
0.0 0.822045 0.939656 0.006826 0.007611
0.0 0.838039 0.938421 0.008108 0.008429
1.0 0.857395 0.953487 0.019466 0.023849
0.0 0.804488 0.913456 0.002205 0.008947
0.0 0.841005 0.954651 0.008641 0.008938
1.0 0.911229 0.947892 0.017581 0.027175
0.0 0.919621 0.939656 0.006826 0.007611
0.0 0.903628 0.938421 0.008108 0.008429
1.0 0.884272 0.953487 0.019466 0.023849
0.0 0.937179 0.913456 0.002205 0.008947
0.0 0.900662 0.954651 0.008641 0.008938
1.0 0.965334 0.947892 0.017581 0.027175
0.0 0.956941 0.939656 0.006826 0.007611
0.0 0.972935 0.938421 0.008108 0.008429
1.0 0.991279 0.953487 0.017443 0.023849
0.0 0.939384 0.913456 0.002205 0.008947
0.0 0.975900 0.954651 0.008641 0.008938
