0.0 0.057402 0.005264 0.045230 0.010528
0.0 0.109004 0.005264 0.045230 0.010528
0.0 0.208965 0.005264 0.045230 0.010528
0.0 0.260566 0.005264 0.045230 0.010528
0.0 0.360527 0.005264 0.045230 0.010528
0.0 0.412129 0.005264 0.045230 0.010528
0.0 0.512090 0.005264 0.045230 0.010528
0.0 0.563691 0.005264 0.045230 0.010528
0.0 0.663652 0.005264 0.045230 0.010528
0.0 0.715254 0.005264 0.045230 0.010528
0.0 0.815215 0.005264 0.045230 0.010528
0.0 0.866816 0.005264 0.045230 0.010528
0.0 0.966777 0.005264 0.045230 0.010528
0.0 0.057402 0.135708 0.045230 0.092472
0.0 0.109004 0.135708 0.045230 0.092472
0.0 0.208965 0.135708 0.045230 0.092472
0.0 0.260566 0.135708 0.045230 0.092472
0.0 0.360527 0.135708 0.045230 0.092472
0.0 0.412129 0.135708 0.045230 0.092472
0.0 0.512090 0.135708 0.045230 0.092472
0.0 0.563691 0.135708 0.045230 0.092472
0.0 0.663652 0.135708 0.045230 0.092472
0.0 0.715254 0.135708 0.045230 0.092472
0.0 0.815215 0.135708 0.045230 0.092472
0.0 0.866816 0.135708 0.045230 0.092472
0.0 0.966777 0.135708 0.045230 0.092472
0.0 0.057402 0.324014 0.045230 0.092472
0.0 0.109004 0.324014 0.045230 0.092472
0.0 0.208965 0.324014 0.045230 0.092472
0.0 0.260566 0.324014 0.045230 0.092472
0.0 0.360527 0.324014 0.045230 0.092472
0.0 0.412129 0.324014 0.045230 0.092472
0.0 0.512090 0.324014 0.045230 0.092472
0.0 0.563691 0.324014 0.045230 0.092472
0.0 0.663652 0.324014 0.045230 0.092472
0.0 0.715254 0.324014 0.045230 0.092472
0.0 0.815215 0.324014 0.045230 0.092472
0.0 0.866816 0.324014 0.045230 0.092472
0.0 0.966777 0.324014 0.045230 0.092472
0.0 0.057402 0.495431 0.045230 0.092472
0.0 0.109004 0.495431 0.045230 0.092472
0.0 0.208965 0.495431 0.045230 0.092472
0.0 0.260566 0.495431 0.045230 0.092472
0.0 0.360527 0.495431 0.045230 0.092472
0.0 0.412129 0.495431 0.045230 0.092472
0.0 0.512090 0.495431 0.045230 0.092472
0.0 0.563691 0.495431 0.045230 0.092472
0.0 0.663652 0.495431 0.045230 0.092472
0.0 0.715254 0.495431 0.045230 0.092472
0.0 0.815215 0.495431 0.045230 0.092472
0.0 0.866816 0.495431 0.045230 0.092472
0.0 0.966777 0.495431 0.045230 0.092472
0.0 0.057402 0.683736 0.045230 0.092472
0.0 0.109004 0.683736 0.045230 0.092472
0.0 0.208965 0.683736 0.045230 0.092472
0.0 0.260566 0.683736 0.045230 0.092472
0.0 0.360527 0.683736 0.045230 0.092472
0.0 0.412129 0.683736 0.045230 0.092472
0.0 0.512090 0.683736 0.045230 0.092472
0.0 0.563691 0.683736 0.045230 0.092472
0.0 0.663652 0.683736 0.045230 0.092472
0.0 0.715254 0.683736 0.045230 0.092472
0.0 0.815215 0.683736 0.045230 0.092472
0.0 0.866816 0.683736 0.045230 0.092472
0.0 0.966777 0.683736 0.045230 0.092472
0.0 0.057402 0.855153 0.045230 0.092472
0.0 0.109004 0.855153 0.045230 0.092472
0.0 0.208965 0.855153 0.045230 0.092472
0.0 0.260566 0.855153 0.045230 0.092472
0.0 0.360527 0.855153 0.045230 0.092472
0.0 0.412129 0.855153 0.045230 0.092472
0.0 0.512090 0.855153 0.045230 0.092472
0.0 0.563691 0.855153 0.045230 0.092472
0.0 0.663652 0.855153 0.045230 0.092472
0.0 0.715254 0.855153 0.045230 0.092472
0.0 0.815215 0.855153 0.045230 0.092472
0.0 0.866816 0.855153 0.045230 0.092472
0.0 0.966777 0.855153 0.045230 0.092472
