0.0 0.001275 0.018507 0.002550 0.004935
1.0 0.011558 0.027211 0.011152 0.013788
1.0 0.043788 0.024309 0.011259 0.016489
0.0 0.049225 0.019197 0.004580 0.004640
0.0 0.038653 0.018507 0.005063 0.004935
1.0 0.027114 0.027211 0.011152 0.013788
1.0 0.096055 0.024309 0.011259 0.016489
0.0 0.090619 0.019197 0.004580 0.004640
0.0 0.101190 0.018507 0.005063 0.004935
1.0 0.112730 0.027211 0.011152 0.013788
1.0 0.144960 0.024309 0.011259 0.016489
0.0 0.150396 0.019197 0.004580 0.004640
0.0 0.139825 0.018507 0.005063 0.004935
1.0 0.128286 0.027211 0.011152 0.013788
1.0 0.197227 0.024309 0.011259 0.016489
0.0 0.191791 0.019197 0.004580 0.004640
0.0 0.202362 0.018507 0.005063 0.004935
1.0 0.213901 0.027211 0.011152 0.013788
1.0 0.246132 0.024309 0.011259 0.016489
0.0 0.251568 0.019197 0.004580 0.004640
0.0 0.240997 0.018507 0.005063 0.004935
1.0 0.229458 0.027211 0.011152 0.013788
1.0 0.298399 0.024309 0.011259 0.016489
0.0 0.292963 0.019197 0.004580 0.004640
0.0 0.303534 0.018507 0.005063 0.004935
1.0 0.315073 0.027211 0.011152 0.013788
1.0 0.347304 0.024309 0.011259 0.016489
0.0 0.352740 0.019197 0.004580 0.004640
0.0 0.342169 0.018507 0.005063 0.004935
1.0 0.330630 0.027211 0.011152 0.013788
1.0 0.399571 0.024309 0.011259 0.016489
0.0 0.394135 0.019197 0.004580 0.004640
0.0 0.404706 0.018507 0.005063 0.004935
1.0 0.416245 0.027211 0.011152 0.013788
1.0 0.448476 0.024309 0.011259 0.016489
0.0 0.453912 0.019197 0.004580 0.004640
0.0 0.443341 0.018507 0.005063 0.004935
1.0 0.431802 0.027211 0.011152 0.013788
1.0 0.500743 0.024309 0.011259 0.016489
0.0 0.495307 0.019197 0.004580 0.004640
0.0 0.505878 0.018507 0.005063 0.004935
1.0 0.517417 0.027211 0.011152 0.013788
1.0 0.549648 0.024309 0.011259 0.016489
0.0 0.555084 0.019197 0.004580 0.004640
0.0 0.544513 0.018507 0.005063 0.004935
1.0 0.532974 0.027211 0.011152 0.013788
1.0 0.601915 0.024309 0.011259 0.016489
0.0 0.596479 0.019197 0.004580 0.004640
0.0 0.607050 0.018507 0.005063 0.004935
1.0 0.618589 0.027211 0.011152 0.013788
1.0 0.650820 0.024309 0.011259 0.016489
0.0 0.656256 0.019197 0.004580 0.004640
0.0 0.645685 0.018507 0.005063 0.004935
1.0 0.634145 0.027211 0.011152 0.013788
1.0 0.703087 0.024309 0.011259 0.016489
0.0 0.697650 0.019197 0.004580 0.004640
0.0 0.708222 0.018507 0.005063 0.004935
1.0 0.719761 0.027211 0.011152 0.013788
1.0 0.751992 0.024309 0.011259 0.016489
0.0 0.757428 0.019197 0.004580 0.004640
0.0 0.746856 0.018507 0.005063 0.004935
1.0 0.735317 0.027211 0.011152 0.013788
1.0 0.804258 0.024309 0.011259 0.016489
0.0 0.798822 0.019197 0.004580 0.004640
0.0 0.809394 0.018507 0.005063 0.004935
1.0 0.820933 0.027211 0.011152 0.013788
1.0 0.853163 0.024309 0.011259 0.016489
0.0 0.858600 0.019197 0.004580 0.004640
0.0 0.848028 0.018507 0.005063 0.004935
1.0 0.836489 0.027211 0.011152 0.013788
1.0 0.905430 0.024309 0.011259 0.016489
0.0 0.899994 0.019197 0.004580 0.004640
0.0 0.910565 0.018507 0.005063 0.004935
1.0 0.922105 0.027211 0.011152 0.013788
1.0 0.954335 0.024309 0.011259 0.016489
0.0 0.959771 0.019197 0.004580 0.004640
0.0 0.949200 0.018507 0.005063 0.004935
1.0 0.937661 0.027211 0.011152 0.013788
0.0 0.999438 0.019197 0.001124 0.004640
0.0 0.001275 0.100938 0.002550 0.004935
1.0 0.011558 0.092234 0.011152 0.013788
1.0 0.043788 0.095136 0.011259 0.016489
0.0 0.049225 0.100247 0.004580 0.004640
0.0 0.038653 0.100938 0.005063 0.004935
1.0 0.027114 0.092234 0.011152 0.013788
1.0 0.096055 0.095136 0.011259 0.016489
0.0 0.090619 0.100247 0.004580 0.004640
0.0 0.101190 0.100938 0.005063 0.004935
1.0 0.112730 0.092234 0.011152 0.013788
1.0 0.144960 0.095136 0.011259 0.016489
0.0 0.150396 0.100247 0.004580 0.004640
0.0 0.139825 0.100938 0.005063 0.004935
1.0 0.128286 0.092234 0.011152 0.013788
1.0 0.197227 0.095136 0.011259 0.016489
0.0 0.191791 0.100247 0.004580 0.004640
0.0 0.202362 0.100938 0.005063 0.004935
1.0 0.213901 0.092234 0.011152 0.013788
1.0 0.246132 0.095136 0.011259 0.016489
0.0 0.251568 0.100247 0.004580 0.004640
0.0 0.240997 0.100938 0.005063 0.004935
1.0 0.229458 0.092234 0.011152 0.013788
1.0 0.298399 0.095136 0.011259 0.016489
0.0 0.292963 0.100247 0.004580 0.004640
0.0 0.303534 0.100938 0.005063 0.004935
1.0 0.315073 0.092234 0.011152 0.013788
1.0 0.347304 0.095136 0.011259 0.016489
0.0 0.352740 0.100247 0.004580 0.004640
0.0 0.342169 0.100938 0.005063 0.004935
1.0 0.330630 0.092234 0.011152 0.013788
1.0 0.399571 0.095136 0.011259 0.016489
0.0 0.394135 0.100247 0.004580 0.004640
0.0 0.404706 0.100938 0.005063 0.004935
1.0 0.416245 0.092234 0.011152 0.013788
1.0 0.448476 0.095136 0.011259 0.016489
0.0 0.453912 0.100247 0.004580 0.004640
0.0 0.443341 0.100938 0.005063 0.004935
1.0 0.431802 0.092234 0.011152 0.013788
1.0 0.500743 0.095136 0.011259 0.016489
0.0 0.495307 0.100247 0.004580 0.004640
0.0 0.505878 0.100938 0.005063 0.004935
1.0 0.517417 0.092234 0.011152 0.013788
1.0 0.549648 0.095136 0.011259 0.016489
0.0 0.555084 0.100247 0.004580 0.004640
0.0 0.544513 0.100938 0.005063 0.004935
1.0 0.532974 0.092234 0.011152 0.013788
1.0 0.601915 0.095136 0.011259 0.016489
0.0 0.596479 0.100247 0.004580 0.004640
0.0 0.607050 0.100938 0.005063 0.004935
1.0 0.618589 0.092234 0.011152 0.013788
1.0 0.650820 0.095136 0.011259 0.016489
0.0 0.656256 0.100247 0.004580 0.004640
0.0 0.645685 0.100938 0.005063 0.004935
1.0 0.634145 0.092234 0.011152 0.013788
1.0 0.703087 0.095136 0.011259 0.016489
0.0 0.697650 0.100247 0.004580 0.004640
0.0 0.708222 0.100938 0.005063 0.004935
1.0 0.719761 0.092234 0.011152 0.013788
1.0 0.751992 0.095136 0.011259 0.016489
0.0 0.757428 0.100247 0.004580 0.004640
0.0 0.746856 0.100938 0.005063 0.004935
1.0 0.735317 0.092234 0.011152 0.013788
1.0 0.804258 0.095136 0.011259 0.016489
0.0 0.798822 0.100247 0.004580 0.004640
0.0 0.809394 0.100938 0.005063 0.004935
1.0 0.820933 0.092234 0.011152 0.013788
1.0 0.853163 0.095136 0.011259 0.016489
0.0 0.858600 0.100247 0.004580 0.004640
0.0 0.848028 0.100938 0.005063 0.004935
1.0 0.836489 0.092234 0.011152 0.013788
1.0 0.905430 0.095136 0.011259 0.016489
0.0 0.899994 0.100247 0.004580 0.004640
0.0 0.910565 0.100938 0.005063 0.004935
1.0 0.922105 0.092234 0.011152 0.013788
1.0 0.954335 0.095136 0.011259 0.016489
0.0 0.959771 0.100247 0.004580 0.004640
0.0 0.949200 0.100938 0.005063 0.004935
1.0 0.937661 0.092234 0.011152 0.013788
0.0 0.999438 0.100247 0.001124 0.004640
0.0 0.001275 0.153923 0.002550 0.004935
1.0 0.011558 0.162627 0.011152 0.013788
1.0 0.043788 0.159725 0.011259 0.016489
0.0 0.049225 0.154614 0.004580 0.004640
0.0 0.038653 0.153923 0.005063 0.004935
1.0 0.027114 0.162627 0.011152 0.013788
1.0 0.096055 0.159725 0.011259 0.016489
0.0 0.090619 0.154614 0.004580 0.004640
0.0 0.101190 0.153923 0.005063 0.004935
1.0 0.112730 0.162627 0.011152 0.013788
1.0 0.144960 0.159725 0.011259 0.016489
0.0 0.150396 0.154614 0.004580 0.004640
0.0 0.139825 0.153923 0.005063 0.004935
1.0 0.128286 0.162627 0.011152 0.013788
1.0 0.197227 0.159725 0.011259 0.016489
0.0 0.191791 0.154614 0.004580 0.004640
0.0 0.202362 0.153923 0.005063 0.004935
1.0 0.213901 0.162627 0.011152 0.013788
1.0 0.246132 0.159725 0.011259 0.016489
0.0 0.251568 0.154614 0.004580 0.004640
0.0 0.240997 0.153923 0.005063 0.004935
1.0 0.229458 0.162627 0.011152 0.013788
1.0 0.298399 0.159725 0.011259 0.016489
0.0 0.292963 0.154614 0.004580 0.004640
0.0 0.303534 0.153923 0.005063 0.004935
1.0 0.315073 0.162627 0.011152 0.013788
1.0 0.347304 0.159725 0.011259 0.016489
0.0 0.352740 0.154614 0.004580 0.004640
0.0 0.342169 0.153923 0.005063 0.004935
1.0 0.330630 0.162627 0.011152 0.013788
1.0 0.399571 0.159725 0.011259 0.016489
0.0 0.394135 0.154614 0.004580 0.004640
0.0 0.404706 0.153923 0.005063 0.004935
1.0 0.416245 0.162627 0.011152 0.013788
1.0 0.448476 0.159725 0.011259 0.016489
0.0 0.453912 0.154614 0.004580 0.004640
0.0 0.443341 0.153923 0.005063 0.004935
1.0 0.431802 0.162627 0.011152 0.013788
1.0 0.500743 0.159725 0.011259 0.016489
0.0 0.495307 0.154614 0.004580 0.004640
0.0 0.505878 0.153923 0.005063 0.004935
1.0 0.517417 0.162627 0.011152 0.013788
1.0 0.549648 0.159725 0.011259 0.016489
0.0 0.555084 0.154614 0.004580 0.004640
0.0 0.544513 0.153923 0.005063 0.004935
1.0 0.532974 0.162627 0.011152 0.013788
1.0 0.601915 0.159725 0.011259 0.016489
0.0 0.596479 0.154614 0.004580 0.004640
0.0 0.607050 0.153923 0.005063 0.004935
1.0 0.618589 0.162627 0.011152 0.013788
1.0 0.650820 0.159725 0.011259 0.016489
0.0 0.656256 0.154614 0.004580 0.004640
0.0 0.645685 0.153923 0.005063 0.004935
1.0 0.634145 0.162627 0.011152 0.013788
1.0 0.703087 0.159725 0.011259 0.016489
0.0 0.697650 0.154614 0.004580 0.004640
0.0 0.708222 0.153923 0.005063 0.004935
1.0 0.719761 0.162627 0.011152 0.013788
1.0 0.751992 0.159725 0.011259 0.016489
0.0 0.757428 0.154614 0.004580 0.004640
0.0 0.746856 0.153923 0.005063 0.004935
1.0 0.735317 0.162627 0.011152 0.013788
1.0 0.804258 0.159725 0.011259 0.016489
0.0 0.798822 0.154614 0.004580 0.004640
0.0 0.809394 0.153923 0.005063 0.004935
1.0 0.820933 0.162627 0.011152 0.013788
1.0 0.853163 0.159725 0.011259 0.016489
0.0 0.858600 0.154614 0.004580 0.004640
0.0 0.848028 0.153923 0.005063 0.004935
1.0 0.836489 0.162627 0.011152 0.013788
1.0 0.905430 0.159725 0.011259 0.016489
0.0 0.899994 0.154614 0.004580 0.004640
0.0 0.910565 0.153923 0.005063 0.004935
1.0 0.922105 0.162627 0.011152 0.013788
1.0 0.954335 0.159725 0.011259 0.016489
0.0 0.959771 0.154614 0.004580 0.004640
0.0 0.949200 0.153923 0.005063 0.004935
1.0 0.937661 0.162627 0.011152 0.013788
0.0 0.999438 0.154614 0.001124 0.004640
0.0 0.001275 0.236354 0.002550 0.004935
1.0 0.011558 0.227650 0.011152 0.013788
1.0 0.043788 0.230552 0.011259 0.016489
0.0 0.049225 0.235664 0.004580 0.004640
0.0 0.038653 0.236354 0.005063 0.004935
1.0 0.027114 0.227650 0.011152 0.013788
1.0 0.096055 0.230552 0.011259 0.016489
0.0 0.090619 0.235664 0.004580 0.004640
0.0 0.101190 0.236354 0.005063 0.004935
1.0 0.112730 0.227650 0.011152 0.013788
1.0 0.144960 0.230552 0.011259 0.016489
0.0 0.150396 0.235664 0.004580 0.004640
0.0 0.139825 0.236354 0.005063 0.004935
1.0 0.128286 0.227650 0.011152 0.013788
1.0 0.197227 0.230552 0.011259 0.016489
0.0 0.191791 0.235664 0.004580 0.004640
0.0 0.202362 0.236354 0.005063 0.004935
1.0 0.213901 0.227650 0.011152 0.013788
1.0 0.246132 0.230552 0.011259 0.016489
0.0 0.251568 0.235664 0.004580 0.004640
0.0 0.240997 0.236354 0.005063 0.004935
1.0 0.229458 0.227650 0.011152 0.013788
1.0 0.298399 0.230552 0.011259 0.016489
0.0 0.292963 0.235664 0.004580 0.004640
0.0 0.303534 0.236354 0.005063 0.004935
1.0 0.315073 0.227650 0.011152 0.013788
1.0 0.347304 0.230552 0.011259 0.016489
0.0 0.352740 0.235664 0.004580 0.004640
0.0 0.342169 0.236354 0.005063 0.004935
1.0 0.330630 0.227650 0.011152 0.013788
1.0 0.399571 0.230552 0.011259 0.016489
0.0 0.394135 0.235664 0.004580 0.004640
0.0 0.404706 0.236354 0.005063 0.004935
1.0 0.416245 0.227650 0.011152 0.013788
1.0 0.448476 0.230552 0.011259 0.016489
0.0 0.453912 0.235664 0.004580 0.004640
0.0 0.443341 0.236354 0.005063 0.004935
1.0 0.431802 0.227650 0.011152 0.013788
1.0 0.500743 0.230552 0.011259 0.016489
0.0 0.495307 0.235664 0.004580 0.004640
0.0 0.505878 0.236354 0.005063 0.004935
1.0 0.517417 0.227650 0.011152 0.013788
1.0 0.549648 0.230552 0.011259 0.016489
0.0 0.555084 0.235664 0.004580 0.004640
0.0 0.544513 0.236354 0.005063 0.004935
1.0 0.532974 0.227650 0.011152 0.013788
1.0 0.601915 0.230552 0.011259 0.016489
0.0 0.596479 0.235664 0.004580 0.004640
0.0 0.607050 0.236354 0.005063 0.004935
1.0 0.618589 0.227650 0.011152 0.013788
1.0 0.650820 0.230552 0.011259 0.016489
0.0 0.656256 0.235664 0.004580 0.004640
0.0 0.645685 0.236354 0.005063 0.004935
1.0 0.634145 0.227650 0.011152 0.013788
1.0 0.703087 0.230552 0.011259 0.016489
0.0 0.697650 0.235664 0.004580 0.004640
0.0 0.708222 0.236354 0.005063 0.004935
1.0 0.719761 0.227650 0.011152 0.013788
1.0 0.751992 0.230552 0.011259 0.016489
0.0 0.757428 0.235664 0.004580 0.004640
0.0 0.746856 0.236354 0.005063 0.004935
1.0 0.735317 0.227650 0.011152 0.013788
1.0 0.804258 0.230552 0.011259 0.016489
0.0 0.798822 0.235664 0.004580 0.004640
0.0 0.809394 0.236354 0.005063 0.004935
1.0 0.820933 0.227650 0.011152 0.013788
1.0 0.853163 0.230552 0.011259 0.016489
0.0 0.858600 0.235664 0.004580 0.004640
0.0 0.848028 0.236354 0.005063 0.004935
1.0 0.836489 0.227650 0.011152 0.013788
1.0 0.905430 0.230552 0.011259 0.016489
0.0 0.899994 0.235664 0.004580 0.004640
0.0 0.910565 0.236354 0.005063 0.004935
1.0 0.922105 0.227650 0.011152 0.013788
1.0 0.954335 0.230552 0.011259 0.016489
0.0 0.959771 0.235664 0.004580 0.004640
0.0 0.949200 0.236354 0.005063 0.004935
1.0 0.937661 0.227650 0.011152 0.013788
0.0 0.999438 0.235664 0.001124 0.004640
0.0 0.001275 0.289340 0.002550 0.004935
1.0 0.011558 0.298044 0.011152 0.013788
1.0 0.043788 0.295142 0.011259 0.016489
0.0 0.049225 0.290031 0.004580 0.004640
0.0 0.038653 0.289340 0.005063 0.004935
1.0 0.027114 0.298044 0.011152 0.013788
1.0 0.096055 0.295142 0.011259 0.016489
0.0 0.090619 0.290031 0.004580 0.004640
0.0 0.101190 0.289340 0.005063 0.004935
1.0 0.112730 0.298044 0.011152 0.013788
1.0 0.144960 0.295142 0.011259 0.016489
0.0 0.150396 0.290031 0.004580 0.004640
0.0 0.139825 0.289340 0.005063 0.004935
1.0 0.128286 0.298044 0.011152 0.013788
1.0 0.197227 0.295142 0.011259 0.016489
0.0 0.191791 0.290031 0.004580 0.004640
0.0 0.202362 0.289340 0.005063 0.004935
1.0 0.213901 0.298044 0.011152 0.013788
1.0 0.246132 0.295142 0.011259 0.016489
0.0 0.251568 0.290031 0.004580 0.004640
0.0 0.240997 0.289340 0.005063 0.004935
1.0 0.229458 0.298044 0.011152 0.013788
1.0 0.298399 0.295142 0.011259 0.016489
0.0 0.292963 0.290031 0.004580 0.004640
0.0 0.303534 0.289340 0.005063 0.004935
1.0 0.315073 0.298044 0.011152 0.013788
1.0 0.347304 0.295142 0.011259 0.016489
0.0 0.352740 0.290031 0.004580 0.004640
0.0 0.342169 0.289340 0.005063 0.004935
1.0 0.330630 0.298044 0.011152 0.013788
1.0 0.399571 0.295142 0.011259 0.016489
0.0 0.394135 0.290031 0.004580 0.004640
0.0 0.404706 0.289340 0.005063 0.004935
1.0 0.416245 0.298044 0.011152 0.013788
1.0 0.448476 0.295142 0.011259 0.016489
0.0 0.453912 0.290031 0.004580 0.004640
0.0 0.443341 0.289340 0.005063 0.004935
1.0 0.431802 0.298044 0.011152 0.013788
1.0 0.500743 0.295142 0.011259 0.016489
0.0 0.495307 0.290031 0.004580 0.004640
0.0 0.505878 0.289340 0.005063 0.004935
1.0 0.517417 0.298044 0.011152 0.013788
1.0 0.549648 0.295142 0.011259 0.016489
0.0 0.555084 0.290031 0.004580 0.004640
0.0 0.544513 0.289340 0.005063 0.004935
1.0 0.532974 0.298044 0.011152 0.013788
1.0 0.601915 0.295142 0.011259 0.016489
0.0 0.596479 0.290031 0.004580 0.004640
0.0 0.607050 0.289340 0.005063 0.004935
1.0 0.618589 0.298044 0.011152 0.013788
1.0 0.650820 0.295142 0.011259 0.016489
0.0 0.656256 0.290031 0.004580 0.004640
0.0 0.645685 0.289340 0.005063 0.004935
1.0 0.634145 0.298044 0.011152 0.013788
1.0 0.703087 0.295142 0.011259 0.016489
0.0 0.697650 0.290031 0.004580 0.004640
0.0 0.708222 0.289340 0.005063 0.004935
1.0 0.719761 0.298044 0.011152 0.013788
1.0 0.751992 0.295142 0.011259 0.016489
0.0 0.757428 0.290031 0.004580 0.004640
0.0 0.746856 0.289340 0.005063 0.004935
1.0 0.735317 0.298044 0.011152 0.013788
1.0 0.804258 0.295142 0.011259 0.016489
0.0 0.798822 0.290031 0.004580 0.004640
0.0 0.809394 0.289340 0.005063 0.004935
1.0 0.820933 0.298044 0.011152 0.013788
1.0 0.853163 0.295142 0.011259 0.016489
0.0 0.858600 0.290031 0.004580 0.004640
0.0 0.848028 0.289340 0.005063 0.004935
1.0 0.836489 0.298044 0.011152 0.013788
1.0 0.905430 0.295142 0.011259 0.016489
0.0 0.899994 0.290031 0.004580 0.004640
0.0 0.910565 0.289340 0.005063 0.004935
1.0 0.922105 0.298044 0.011152 0.013788
1.0 0.954335 0.295142 0.011259 0.016489
0.0 0.959771 0.290031 0.004580 0.004640
0.0 0.949200 0.289340 0.005063 0.004935
1.0 0.937661 0.298044 0.011152 0.013788
0.0 0.999438 0.290031 0.001124 0.004640
0.0 0.001275 0.371771 0.002550 0.004935
1.0 0.011558 0.363067 0.011152 0.013788
1.0 0.043788 0.365969 0.011259 0.016489
0.0 0.049225 0.371080 0.004580 0.004640
0.0 0.038653 0.371771 0.005063 0.004935
1.0 0.027114 0.363067 0.011152 0.013788
1.0 0.096055 0.365969 0.011259 0.016489
0.0 0.090619 0.371080 0.004580 0.004640
0.0 0.101190 0.371771 0.005063 0.004935
1.0 0.112730 0.363067 0.011152 0.013788
1.0 0.144960 0.365969 0.011259 0.016489
0.0 0.150396 0.371080 0.004580 0.004640
0.0 0.139825 0.371771 0.005063 0.004935
1.0 0.128286 0.363067 0.011152 0.013788
1.0 0.197227 0.365969 0.011259 0.016489
0.0 0.191791 0.371080 0.004580 0.004640
0.0 0.202362 0.371771 0.005063 0.004935
1.0 0.213901 0.363067 0.011152 0.013788
1.0 0.246132 0.365969 0.011259 0.016489
0.0 0.251568 0.371080 0.004580 0.004640
0.0 0.240997 0.371771 0.005063 0.004935
1.0 0.229458 0.363067 0.011152 0.013788
1.0 0.298399 0.365969 0.011259 0.016489
0.0 0.292963 0.371080 0.004580 0.004640
0.0 0.303534 0.371771 0.005063 0.004935
1.0 0.315073 0.363067 0.011152 0.013788
1.0 0.347304 0.365969 0.011259 0.016489
0.0 0.352740 0.371080 0.004580 0.004640
0.0 0.342169 0.371771 0.005063 0.004935
1.0 0.330630 0.363067 0.011152 0.013788
1.0 0.399571 0.365969 0.011259 0.016489
0.0 0.394135 0.371080 0.004580 0.004640
0.0 0.404706 0.371771 0.005063 0.004935
1.0 0.416245 0.363067 0.011152 0.013788
1.0 0.448476 0.365969 0.011259 0.016489
0.0 0.453912 0.371080 0.004580 0.004640
0.0 0.443341 0.371771 0.005063 0.004935
1.0 0.431802 0.363067 0.011152 0.013788
1.0 0.500743 0.365969 0.011259 0.016489
0.0 0.495307 0.371080 0.004580 0.004640
0.0 0.505878 0.371771 0.005063 0.004935
1.0 0.517417 0.363067 0.011152 0.013788
1.0 0.549648 0.365969 0.011259 0.016489
0.0 0.555084 0.371080 0.004580 0.004640
0.0 0.544513 0.371771 0.005063 0.004935
1.0 0.532974 0.363067 0.011152 0.013788
1.0 0.601915 0.365969 0.011259 0.016489
0.0 0.596479 0.371080 0.004580 0.004640
0.0 0.607050 0.371771 0.005063 0.004935
1.0 0.618589 0.363067 0.011152 0.013788
1.0 0.650820 0.365969 0.011259 0.016489
0.0 0.656256 0.371080 0.004580 0.004640
0.0 0.645685 0.371771 0.005063 0.004935
1.0 0.634145 0.363067 0.011152 0.013788
1.0 0.703087 0.365969 0.011259 0.016489
0.0 0.697650 0.371080 0.004580 0.004640
0.0 0.708222 0.371771 0.005063 0.004935
1.0 0.719761 0.363067 0.011152 0.013788
1.0 0.751992 0.365969 0.011259 0.016489
0.0 0.757428 0.371080 0.004580 0.004640
0.0 0.746856 0.371771 0.005063 0.004935
1.0 0.735317 0.363067 0.011152 0.013788
1.0 0.804258 0.365969 0.011259 0.016489
0.0 0.798822 0.371080 0.004580 0.004640
0.0 0.809394 0.371771 0.005063 0.004935
1.0 0.820933 0.363067 0.011152 0.013788
1.0 0.853163 0.365969 0.011259 0.016489
0.0 0.858600 0.371080 0.004580 0.004640
0.0 0.848028 0.371771 0.005063 0.004935
1.0 0.836489 0.363067 0.011152 0.013788
1.0 0.905430 0.365969 0.011259 0.016489
0.0 0.899994 0.371080 0.004580 0.004640
0.0 0.910565 0.371771 0.005063 0.004935
1.0 0.922105 0.363067 0.011152 0.013788
1.0 0.954335 0.365969 0.011259 0.016489
0.0 0.959771 0.371080 0.004580 0.004640
0.0 0.949200 0.371771 0.005063 0.004935
1.0 0.937661 0.363067 0.011152 0.013788
0.0 0.999438 0.371080 0.001124 0.004640
0.0 0.001275 0.424757 0.002550 0.004935
1.0 0.011558 0.433461 0.011152 0.013788
1.0 0.043788 0.430559 0.011259 0.016489
0.0 0.049225 0.425447 0.004580 0.004640
0.0 0.038653 0.424757 0.005063 0.004935
1.0 0.027114 0.433461 0.011152 0.013788
1.0 0.096055 0.430559 0.011259 0.016489
0.0 0.090619 0.425447 0.004580 0.004640
0.0 0.101190 0.424757 0.005063 0.004935
1.0 0.112730 0.433461 0.011152 0.013788
1.0 0.144960 0.430559 0.011259 0.016489
0.0 0.150396 0.425447 0.004580 0.004640
0.0 0.139825 0.424757 0.005063 0.004935
1.0 0.128286 0.433461 0.011152 0.013788
1.0 0.197227 0.430559 0.011259 0.016489
0.0 0.191791 0.425447 0.004580 0.004640
0.0 0.202362 0.424757 0.005063 0.004935
1.0 0.213901 0.433461 0.011152 0.013788
1.0 0.246132 0.430559 0.011259 0.016489
0.0 0.251568 0.425447 0.004580 0.004640
0.0 0.240997 0.424757 0.005063 0.004935
1.0 0.229458 0.433461 0.011152 0.013788
1.0 0.298399 0.430559 0.011259 0.016489
0.0 0.292963 0.425447 0.004580 0.004640
0.0 0.303534 0.424757 0.005063 0.004935
1.0 0.315073 0.433461 0.011152 0.013788
1.0 0.347304 0.430559 0.011259 0.016489
0.0 0.352740 0.425447 0.004580 0.004640
0.0 0.342169 0.424757 0.005063 0.004935
1.0 0.330630 0.433461 0.011152 0.013788
1.0 0.399571 0.430559 0.011259 0.016489
0.0 0.394135 0.425447 0.004580 0.004640
0.0 0.404706 0.424757 0.005063 0.004935
1.0 0.416245 0.433461 0.011152 0.013788
1.0 0.448476 0.430559 0.011259 0.016489
0.0 0.453912 0.425447 0.004580 0.004640
0.0 0.443341 0.424757 0.005063 0.004935
1.0 0.431802 0.433461 0.011152 0.013788
1.0 0.500743 0.430559 0.011259 0.016489
0.0 0.495307 0.425447 0.004580 0.004640
0.0 0.505878 0.424757 0.005063 0.004935
1.0 0.517417 0.433461 0.011152 0.013788
1.0 0.549648 0.430559 0.011259 0.016489
0.0 0.555084 0.425447 0.004580 0.004640
0.0 0.544513 0.424757 0.005063 0.004935
1.0 0.532974 0.433461 0.011152 0.013788
1.0 0.601915 0.430559 0.011259 0.016489
0.0 0.596479 0.425447 0.004580 0.004640
0.0 0.607050 0.424757 0.005063 0.004935
1.0 0.618589 0.433461 0.011152 0.013788
1.0 0.650820 0.430559 0.011259 0.016489
0.0 0.656256 0.425447 0.004580 0.004640
0.0 0.645685 0.424757 0.005063 0.004935
1.0 0.634145 0.433461 0.011152 0.013788
1.0 0.703087 0.430559 0.011259 0.016489
0.0 0.697650 0.425447 0.004580 0.004640
0.0 0.708222 0.424757 0.005063 0.004935
1.0 0.719761 0.433461 0.011152 0.013788
1.0 0.751992 0.430559 0.011259 0.016489
0.0 0.757428 0.425447 0.004580 0.004640
0.0 0.746856 0.424757 0.005063 0.004935
1.0 0.735317 0.433461 0.011152 0.013788
1.0 0.804258 0.430559 0.011259 0.016489
0.0 0.798822 0.425447 0.004580 0.004640
0.0 0.809394 0.424757 0.005063 0.004935
1.0 0.820933 0.433461 0.011152 0.013788
1.0 0.853163 0.430559 0.011259 0.016489
0.0 0.858600 0.425447 0.004580 0.004640
0.0 0.848028 0.424757 0.005063 0.004935
1.0 0.836489 0.433461 0.011152 0.013788
1.0 0.905430 0.430559 0.011259 0.016489
0.0 0.899994 0.425447 0.004580 0.004640
0.0 0.910565 0.424757 0.005063 0.004935
1.0 0.922105 0.433461 0.011152 0.013788
1.0 0.954335 0.430559 0.011259 0.016489
0.0 0.959771 0.425447 0.004580 0.004640
0.0 0.949200 0.424757 0.005063 0.004935
1.0 0.937661 0.433461 0.011152 0.013788
0.0 0.999438 0.425447 0.001124 0.004640
0.0 0.001275 0.507188 0.002550 0.004935
1.0 0.011558 0.498484 0.011152 0.013788
1.0 0.043788 0.501386 0.011259 0.016489
0.0 0.049225 0.506497 0.004580 0.004640
0.0 0.038653 0.507188 0.005063 0.004935
1.0 0.027114 0.498484 0.011152 0.013788
1.0 0.096055 0.501386 0.011259 0.016489
0.0 0.090619 0.506497 0.004580 0.004640
0.0 0.101190 0.507188 0.005063 0.004935
1.0 0.112730 0.498484 0.011152 0.013788
1.0 0.144960 0.501386 0.011259 0.016489
0.0 0.150396 0.506497 0.004580 0.004640
0.0 0.139825 0.507188 0.005063 0.004935
1.0 0.128286 0.498484 0.011152 0.013788
1.0 0.197227 0.501386 0.011259 0.016489
0.0 0.191791 0.506497 0.004580 0.004640
0.0 0.202362 0.507188 0.005063 0.004935
1.0 0.213901 0.498484 0.011152 0.013788
1.0 0.246132 0.501386 0.011259 0.016489
0.0 0.251568 0.506497 0.004580 0.004640
0.0 0.240997 0.507188 0.005063 0.004935
1.0 0.229458 0.498484 0.011152 0.013788
1.0 0.298399 0.501386 0.011259 0.016489
0.0 0.292963 0.506497 0.004580 0.004640
0.0 0.303534 0.507188 0.005063 0.004935
1.0 0.315073 0.498484 0.011152 0.013788
1.0 0.347304 0.501386 0.011259 0.016489
0.0 0.352740 0.506497 0.004580 0.004640
0.0 0.342169 0.507188 0.005063 0.004935
1.0 0.330630 0.498484 0.011152 0.013788
1.0 0.399571 0.501386 0.011259 0.016489
0.0 0.394135 0.506497 0.004580 0.004640
0.0 0.404706 0.507188 0.005063 0.004935
1.0 0.416245 0.498484 0.011152 0.013788
1.0 0.448476 0.501386 0.011259 0.016489
0.0 0.453912 0.506497 0.004580 0.004640
0.0 0.443341 0.507188 0.005063 0.004935
1.0 0.431802 0.498484 0.011152 0.013788
1.0 0.500743 0.501386 0.011259 0.016489
0.0 0.495307 0.506497 0.004580 0.004640
0.0 0.505878 0.507188 0.005063 0.004935
1.0 0.517417 0.498484 0.011152 0.013788
1.0 0.549648 0.501386 0.011259 0.016489
0.0 0.555084 0.506497 0.004580 0.004640
0.0 0.544513 0.507188 0.005063 0.004935
1.0 0.532974 0.498484 0.011152 0.013788
1.0 0.601915 0.501386 0.011259 0.016489
0.0 0.596479 0.506497 0.004580 0.004640
0.0 0.607050 0.507188 0.005063 0.004935
1.0 0.618589 0.498484 0.011152 0.013788
1.0 0.650820 0.501386 0.011259 0.016489
0.0 0.656256 0.506497 0.004580 0.004640
0.0 0.645685 0.507188 0.005063 0.004935
1.0 0.634145 0.498484 0.011152 0.013788
1.0 0.703087 0.501386 0.011259 0.016489
0.0 0.697650 0.506497 0.004580 0.004640
0.0 0.708222 0.507188 0.005063 0.004935
1.0 0.719761 0.498484 0.011152 0.013788
1.0 0.751992 0.501386 0.011259 0.016489
0.0 0.757428 0.506497 0.004580 0.004640
0.0 0.746856 0.507188 0.005063 0.004935
1.0 0.735317 0.498484 0.011152 0.013788
1.0 0.804258 0.501386 0.011259 0.016489
0.0 0.798822 0.506497 0.004580 0.004640
0.0 0.809394 0.507188 0.005063 0.004935
1.0 0.820933 0.498484 0.011152 0.013788
1.0 0.853163 0.501386 0.011259 0.016489
0.0 0.858600 0.506497 0.004580 0.004640
0.0 0.848028 0.507188 0.005063 0.004935
1.0 0.836489 0.498484 0.011152 0.013788
1.0 0.905430 0.501386 0.011259 0.016489
0.0 0.899994 0.506497 0.004580 0.004640
0.0 0.910565 0.507188 0.005063 0.004935
1.0 0.922105 0.498484 0.011152 0.013788
1.0 0.954335 0.501386 0.011259 0.016489
0.0 0.959771 0.506497 0.004580 0.004640
0.0 0.949200 0.507188 0.005063 0.004935
1.0 0.937661 0.498484 0.011152 0.013788
0.0 0.999438 0.506497 0.001124 0.004640
0.0 0.001275 0.560173 0.002550 0.004935
1.0 0.011558 0.568877 0.011152 0.013788
1.0 0.043788 0.565975 0.011259 0.016489
0.0 0.049225 0.560864 0.004580 0.004640
0.0 0.038653 0.560173 0.005063 0.004935
1.0 0.027114 0.568877 0.011152 0.013788
1.0 0.096055 0.565975 0.011259 0.016489
0.0 0.090619 0.560864 0.004580 0.004640
0.0 0.101190 0.560173 0.005063 0.004935
1.0 0.112730 0.568877 0.011152 0.013788
1.0 0.144960 0.565975 0.011259 0.016489
0.0 0.150396 0.560864 0.004580 0.004640
0.0 0.139825 0.560173 0.005063 0.004935
1.0 0.128286 0.568877 0.011152 0.013788
1.0 0.197227 0.565975 0.011259 0.016489
0.0 0.191791 0.560864 0.004580 0.004640
0.0 0.202362 0.560173 0.005063 0.004935
1.0 0.213901 0.568877 0.011152 0.013788
1.0 0.246132 0.565975 0.011259 0.016489
0.0 0.251568 0.560864 0.004580 0.004640
0.0 0.240997 0.560173 0.005063 0.004935
1.0 0.229458 0.568877 0.011152 0.013788
1.0 0.298399 0.565975 0.011259 0.016489
0.0 0.292963 0.560864 0.004580 0.004640
0.0 0.303534 0.560173 0.005063 0.004935
1.0 0.315073 0.568877 0.011152 0.013788
1.0 0.347304 0.565975 0.011259 0.016489
0.0 0.352740 0.560864 0.004580 0.004640
0.0 0.342169 0.560173 0.005063 0.004935
1.0 0.330630 0.568877 0.011152 0.013788
1.0 0.399571 0.565975 0.011259 0.016489
0.0 0.394135 0.560864 0.004580 0.004640
0.0 0.404706 0.560173 0.005063 0.004935
1.0 0.416245 0.568877 0.011152 0.013788
1.0 0.448476 0.565975 0.011259 0.016489
0.0 0.453912 0.560864 0.004580 0.004640
0.0 0.443341 0.560173 0.005063 0.004935
1.0 0.431802 0.568877 0.011152 0.013788
1.0 0.500743 0.565975 0.011259 0.016489
0.0 0.495307 0.560864 0.004580 0.004640
0.0 0.505878 0.560173 0.005063 0.004935
1.0 0.517417 0.568877 0.011152 0.013788
1.0 0.549648 0.565975 0.011259 0.016489
0.0 0.555084 0.560864 0.004580 0.004640
0.0 0.544513 0.560173 0.005063 0.004935
1.0 0.532974 0.568877 0.011152 0.013788
1.0 0.601915 0.565975 0.011259 0.016489
0.0 0.596479 0.560864 0.004580 0.004640
0.0 0.607050 0.560173 0.005063 0.004935
1.0 0.618589 0.568877 0.011152 0.013788
1.0 0.650820 0.565975 0.011259 0.016489
0.0 0.656256 0.560864 0.004580 0.004640
0.0 0.645685 0.560173 0.005063 0.004935
1.0 0.634145 0.568877 0.011152 0.013788
1.0 0.703087 0.565975 0.011259 0.016489
0.0 0.697650 0.560864 0.004580 0.004640
0.0 0.708222 0.560173 0.005063 0.004935
1.0 0.719761 0.568877 0.011152 0.013788
1.0 0.751992 0.565975 0.011259 0.016489
0.0 0.757428 0.560864 0.004580 0.004640
0.0 0.746856 0.560173 0.005063 0.004935
1.0 0.735317 0.568877 0.011152 0.013788
1.0 0.804258 0.565975 0.011259 0.016489
0.0 0.798822 0.560864 0.004580 0.004640
0.0 0.809394 0.560173 0.005063 0.004935
1.0 0.820933 0.568877 0.011152 0.013788
1.0 0.853163 0.565975 0.011259 0.016489
0.0 0.858600 0.560864 0.004580 0.004640
0.0 0.848028 0.560173 0.005063 0.004935
1.0 0.836489 0.568877 0.011152 0.013788
1.0 0.905430 0.565975 0.011259 0.016489
0.0 0.899994 0.560864 0.004580 0.004640
0.0 0.910565 0.560173 0.005063 0.004935
1.0 0.922105 0.568877 0.011152 0.013788
1.0 0.954335 0.565975 0.011259 0.016489
0.0 0.959771 0.560864 0.004580 0.004640
0.0 0.949200 0.560173 0.005063 0.004935
1.0 0.937661 0.568877 0.011152 0.013788
0.0 0.999438 0.560864 0.001124 0.004640
0.0 0.001275 0.642604 0.002550 0.004935
1.0 0.011558 0.633900 0.011152 0.013788
1.0 0.043788 0.636802 0.011259 0.016489
0.0 0.049225 0.641914 0.004580 0.004640
0.0 0.038653 0.642604 0.005063 0.004935
1.0 0.027114 0.633900 0.011152 0.013788
1.0 0.096055 0.636802 0.011259 0.016489
0.0 0.090619 0.641914 0.004580 0.004640
0.0 0.101190 0.642604 0.005063 0.004935
1.0 0.112730 0.633900 0.011152 0.013788
1.0 0.144960 0.636802 0.011259 0.016489
0.0 0.150396 0.641914 0.004580 0.004640
0.0 0.139825 0.642604 0.005063 0.004935
1.0 0.128286 0.633900 0.011152 0.013788
1.0 0.197227 0.636802 0.011259 0.016489
0.0 0.191791 0.641914 0.004580 0.004640
0.0 0.202362 0.642604 0.005063 0.004935
1.0 0.213901 0.633900 0.011152 0.013788
1.0 0.246132 0.636802 0.011259 0.016489
0.0 0.251568 0.641914 0.004580 0.004640
0.0 0.240997 0.642604 0.005063 0.004935
1.0 0.229458 0.633900 0.011152 0.013788
1.0 0.298399 0.636802 0.011259 0.016489
0.0 0.292963 0.641914 0.004580 0.004640
0.0 0.303534 0.642604 0.005063 0.004935
1.0 0.315073 0.633900 0.011152 0.013788
1.0 0.347304 0.636802 0.011259 0.016489
0.0 0.352740 0.641914 0.004580 0.004640
0.0 0.342169 0.642604 0.005063 0.004935
1.0 0.330630 0.633900 0.011152 0.013788
1.0 0.399571 0.636802 0.011259 0.016489
0.0 0.394135 0.641914 0.004580 0.004640
0.0 0.404706 0.642604 0.005063 0.004935
1.0 0.416245 0.633900 0.011152 0.013788
1.0 0.448476 0.636802 0.011259 0.016489
0.0 0.453912 0.641914 0.004580 0.004640
0.0 0.443341 0.642604 0.005063 0.004935
1.0 0.431802 0.633900 0.011152 0.013788
1.0 0.500743 0.636802 0.011259 0.016489
0.0 0.495307 0.641914 0.004580 0.004640
0.0 0.505878 0.642604 0.005063 0.004935
1.0 0.517417 0.633900 0.011152 0.013788
1.0 0.549648 0.636802 0.011259 0.016489
0.0 0.555084 0.641914 0.004580 0.004640
0.0 0.544513 0.642604 0.005063 0.004935
1.0 0.532974 0.633900 0.011152 0.013788
1.0 0.601915 0.636802 0.011259 0.016489
0.0 0.596479 0.641914 0.004580 0.004640
0.0 0.607050 0.642604 0.005063 0.004935
1.0 0.618589 0.633900 0.011152 0.013788
1.0 0.650820 0.636802 0.011259 0.016489
0.0 0.656256 0.641914 0.004580 0.004640
0.0 0.645685 0.642604 0.005063 0.004935
1.0 0.634145 0.633900 0.011152 0.013788
1.0 0.703087 0.636802 0.011259 0.016489
0.0 0.697650 0.641914 0.004580 0.004640
0.0 0.708222 0.642604 0.005063 0.004935
1.0 0.719761 0.633900 0.011152 0.013788
1.0 0.751992 0.636802 0.011259 0.016489
0.0 0.757428 0.641914 0.004580 0.004640
0.0 0.746856 0.642604 0.005063 0.004935
1.0 0.735317 0.633900 0.011152 0.013788
1.0 0.804258 0.636802 0.011259 0.016489
0.0 0.798822 0.641914 0.004580 0.004640
0.0 0.809394 0.642604 0.005063 0.004935
1.0 0.820933 0.633900 0.011152 0.013788
1.0 0.853163 0.636802 0.011259 0.016489
0.0 0.858600 0.641914 0.004580 0.004640
0.0 0.848028 0.642604 0.005063 0.004935
1.0 0.836489 0.633900 0.011152 0.013788
1.0 0.905430 0.636802 0.011259 0.016489
0.0 0.899994 0.641914 0.004580 0.004640
0.0 0.910565 0.642604 0.005063 0.004935
1.0 0.922105 0.633900 0.011152 0.013788
1.0 0.954335 0.636802 0.011259 0.016489
0.0 0.959771 0.641914 0.004580 0.004640
0.0 0.949200 0.642604 0.005063 0.004935
1.0 0.937661 0.633900 0.011152 0.013788
0.0 0.999438 0.641914 0.001124 0.004640
0.0 0.001275 0.695590 0.002550 0.004935
1.0 0.011558 0.704294 0.011152 0.013788
1.0 0.043788 0.701392 0.011259 0.016489
0.0 0.049225 0.696281 0.004580 0.004640
0.0 0.038653 0.695590 0.005063 0.004935
1.0 0.027114 0.704294 0.011152 0.013788
1.0 0.096055 0.701392 0.011259 0.016489
0.0 0.090619 0.696281 0.004580 0.004640
0.0 0.101190 0.695590 0.005063 0.004935
1.0 0.112730 0.704294 0.011152 0.013788
1.0 0.144960 0.701392 0.011259 0.016489
0.0 0.150396 0.696281 0.004580 0.004640
0.0 0.139825 0.695590 0.005063 0.004935
1.0 0.128286 0.704294 0.011152 0.013788
1.0 0.197227 0.701392 0.011259 0.016489
0.0 0.191791 0.696281 0.004580 0.004640
0.0 0.202362 0.695590 0.005063 0.004935
1.0 0.213901 0.704294 0.011152 0.013788
1.0 0.246132 0.701392 0.011259 0.016489
0.0 0.251568 0.696281 0.004580 0.004640
0.0 0.240997 0.695590 0.005063 0.004935
1.0 0.229458 0.704294 0.011152 0.013788
1.0 0.298399 0.701392 0.011259 0.016489
0.0 0.292963 0.696281 0.004580 0.004640
0.0 0.303534 0.695590 0.005063 0.004935
1.0 0.315073 0.704294 0.011152 0.013788
1.0 0.347304 0.701392 0.011259 0.016489
0.0 0.352740 0.696281 0.004580 0.004640
0.0 0.342169 0.695590 0.005063 0.004935
1.0 0.330630 0.704294 0.011152 0.013788
1.0 0.399571 0.701392 0.011259 0.016489
0.0 0.394135 0.696281 0.004580 0.004640
0.0 0.404706 0.695590 0.005063 0.004935
1.0 0.416245 0.704294 0.011152 0.013788
1.0 0.448476 0.701392 0.011259 0.016489
0.0 0.453912 0.696281 0.004580 0.004640
0.0 0.443341 0.695590 0.005063 0.004935
1.0 0.431802 0.704294 0.011152 0.013788
1.0 0.500743 0.701392 0.011259 0.016489
0.0 0.495307 0.696281 0.004580 0.004640
0.0 0.505878 0.695590 0.005063 0.004935
1.0 0.517417 0.704294 0.011152 0.013788
1.0 0.549648 0.701392 0.011259 0.016489
0.0 0.555084 0.696281 0.004580 0.004640
0.0 0.544513 0.695590 0.005063 0.004935
1.0 0.532974 0.704294 0.011152 0.013788
1.0 0.601915 0.701392 0.011259 0.016489
0.0 0.596479 0.696281 0.004580 0.004640
0.0 0.607050 0.695590 0.005063 0.004935
1.0 0.618589 0.704294 0.011152 0.013788
1.0 0.650820 0.701392 0.011259 0.016489
0.0 0.656256 0.696281 0.004580 0.004640
0.0 0.645685 0.695590 0.005063 0.004935
1.0 0.634145 0.704294 0.011152 0.013788
1.0 0.703087 0.701392 0.011259 0.016489
0.0 0.697650 0.696281 0.004580 0.004640
0.0 0.708222 0.695590 0.005063 0.004935
1.0 0.719761 0.704294 0.011152 0.013788
1.0 0.751992 0.701392 0.011259 0.016489
0.0 0.757428 0.696281 0.004580 0.004640
0.0 0.746856 0.695590 0.005063 0.004935
1.0 0.735317 0.704294 0.011152 0.013788
1.0 0.804258 0.701392 0.011259 0.016489
0.0 0.798822 0.696281 0.004580 0.004640
0.0 0.809394 0.695590 0.005063 0.004935
1.0 0.820933 0.704294 0.011152 0.013788
1.0 0.853163 0.701392 0.011259 0.016489
0.0 0.858600 0.696281 0.004580 0.004640
0.0 0.848028 0.695590 0.005063 0.004935
1.0 0.836489 0.704294 0.011152 0.013788
1.0 0.905430 0.701392 0.011259 0.016489
0.0 0.899994 0.696281 0.004580 0.004640
0.0 0.910565 0.695590 0.005063 0.004935
1.0 0.922105 0.704294 0.011152 0.013788
1.0 0.954335 0.701392 0.011259 0.016489
0.0 0.959771 0.696281 0.004580 0.004640
0.0 0.949200 0.695590 0.005063 0.004935
1.0 0.937661 0.704294 0.011152 0.013788
0.0 0.999438 0.696281 0.001124 0.004640
0.0 0.001275 0.778021 0.002550 0.004935
1.0 0.011558 0.769317 0.011152 0.013788
1.0 0.043788 0.772219 0.011259 0.016489
0.0 0.049225 0.777330 0.004580 0.004640
0.0 0.038653 0.778021 0.005063 0.004935
1.0 0.027114 0.769317 0.011152 0.013788
1.0 0.096055 0.772219 0.011259 0.016489
0.0 0.090619 0.777330 0.004580 0.004640
0.0 0.101190 0.778021 0.005063 0.004935
1.0 0.112730 0.769317 0.011152 0.013788
1.0 0.144960 0.772219 0.011259 0.016489
0.0 0.150396 0.777330 0.004580 0.004640
0.0 0.139825 0.778021 0.005063 0.004935
1.0 0.128286 0.769317 0.011152 0.013788
1.0 0.197227 0.772219 0.011259 0.016489
0.0 0.191791 0.777330 0.004580 0.004640
0.0 0.202362 0.778021 0.005063 0.004935
1.0 0.213901 0.769317 0.011152 0.013788
1.0 0.246132 0.772219 0.011259 0.016489
0.0 0.251568 0.777330 0.004580 0.004640
0.0 0.240997 0.778021 0.005063 0.004935
1.0 0.229458 0.769317 0.011152 0.013788
1.0 0.298399 0.772219 0.011259 0.016489
0.0 0.292963 0.777330 0.004580 0.004640
0.0 0.303534 0.778021 0.005063 0.004935
1.0 0.315073 0.769317 0.011152 0.013788
1.0 0.347304 0.772219 0.011259 0.016489
0.0 0.352740 0.777330 0.004580 0.004640
0.0 0.342169 0.778021 0.005063 0.004935
1.0 0.330630 0.769317 0.011152 0.013788
1.0 0.399571 0.772219 0.011259 0.016489
0.0 0.394135 0.777330 0.004580 0.004640
0.0 0.404706 0.778021 0.005063 0.004935
1.0 0.416245 0.769317 0.011152 0.013788
1.0 0.448476 0.772219 0.011259 0.016489
0.0 0.453912 0.777330 0.004580 0.004640
0.0 0.443341 0.778021 0.005063 0.004935
1.0 0.431802 0.769317 0.011152 0.013788
1.0 0.500743 0.772219 0.011259 0.016489
0.0 0.495307 0.777330 0.004580 0.004640
0.0 0.505878 0.778021 0.005063 0.004935
1.0 0.517417 0.769317 0.011152 0.013788
1.0 0.549648 0.772219 0.011259 0.016489
0.0 0.555084 0.777330 0.004580 0.004640
0.0 0.544513 0.778021 0.005063 0.004935
1.0 0.532974 0.769317 0.011152 0.013788
1.0 0.601915 0.772219 0.011259 0.016489
0.0 0.596479 0.777330 0.004580 0.004640
0.0 0.607050 0.778021 0.005063 0.004935
1.0 0.618589 0.769317 0.011152 0.013788
1.0 0.650820 0.772219 0.011259 0.016489
0.0 0.656256 0.777330 0.004580 0.004640
0.0 0.645685 0.778021 0.005063 0.004935
1.0 0.634145 0.769317 0.011152 0.013788
1.0 0.703087 0.772219 0.011259 0.016489
0.0 0.697650 0.777330 0.004580 0.004640
0.0 0.708222 0.778021 0.005063 0.004935
1.0 0.719761 0.769317 0.011152 0.013788
1.0 0.751992 0.772219 0.011259 0.016489
0.0 0.757428 0.777330 0.004580 0.004640
0.0 0.746856 0.778021 0.005063 0.004935
1.0 0.735317 0.769317 0.011152 0.013788
1.0 0.804258 0.772219 0.011259 0.016489
0.0 0.798822 0.777330 0.004580 0.004640
0.0 0.809394 0.778021 0.005063 0.004935
1.0 0.820933 0.769317 0.011152 0.013788
1.0 0.853163 0.772219 0.011259 0.016489
0.0 0.858600 0.777330 0.004580 0.004640
0.0 0.848028 0.778021 0.005063 0.004935
1.0 0.836489 0.769317 0.011152 0.013788
1.0 0.905430 0.772219 0.011259 0.016489
0.0 0.899994 0.777330 0.004580 0.004640
0.0 0.910565 0.778021 0.005063 0.004935
1.0 0.922105 0.769317 0.011152 0.013788
1.0 0.954335 0.772219 0.011259 0.016489
0.0 0.959771 0.777330 0.004580 0.004640
0.0 0.949200 0.778021 0.005063 0.004935
1.0 0.937661 0.769317 0.011152 0.013788
0.0 0.999438 0.777330 0.001124 0.004640
0.0 0.001275 0.831007 0.002550 0.004935
1.0 0.011558 0.839711 0.011152 0.013788
1.0 0.043788 0.836809 0.011259 0.016489
0.0 0.049225 0.831697 0.004580 0.004640
0.0 0.038653 0.831007 0.005063 0.004935
1.0 0.027114 0.839711 0.011152 0.013788
1.0 0.096055 0.836809 0.011259 0.016489
0.0 0.090619 0.831697 0.004580 0.004640
0.0 0.101190 0.831007 0.005063 0.004935
1.0 0.112730 0.839711 0.011152 0.013788
1.0 0.144960 0.836809 0.011259 0.016489
0.0 0.150396 0.831697 0.004580 0.004640
0.0 0.139825 0.831007 0.005063 0.004935
1.0 0.128286 0.839711 0.011152 0.013788
1.0 0.197227 0.836809 0.011259 0.016489
0.0 0.191791 0.831697 0.004580 0.004640
0.0 0.202362 0.831007 0.005063 0.004935
1.0 0.213901 0.839711 0.011152 0.013788
1.0 0.246132 0.836809 0.011259 0.016489
0.0 0.251568 0.831697 0.004580 0.004640
0.0 0.240997 0.831007 0.005063 0.004935
1.0 0.229458 0.839711 0.011152 0.013788
1.0 0.298399 0.836809 0.011259 0.016489
0.0 0.292963 0.831697 0.004580 0.004640
0.0 0.303534 0.831007 0.005063 0.004935
1.0 0.315073 0.839711 0.011152 0.013788
1.0 0.347304 0.836809 0.011259 0.016489
0.0 0.352740 0.831697 0.004580 0.004640
0.0 0.342169 0.831007 0.005063 0.004935
1.0 0.330630 0.839711 0.011152 0.013788
1.0 0.399571 0.836809 0.011259 0.016489
0.0 0.394135 0.831697 0.004580 0.004640
0.0 0.404706 0.831007 0.005063 0.004935
1.0 0.416245 0.839711 0.011152 0.013788
1.0 0.448476 0.836809 0.011259 0.016489
0.0 0.453912 0.831697 0.004580 0.004640
0.0 0.443341 0.831007 0.005063 0.004935
1.0 0.431802 0.839711 0.011152 0.013788
1.0 0.500743 0.836809 0.011259 0.016489
0.0 0.495307 0.831697 0.004580 0.004640
0.0 0.505878 0.831007 0.005063 0.004935
1.0 0.517417 0.839711 0.011152 0.013788
1.0 0.549648 0.836809 0.011259 0.016489
0.0 0.555084 0.831697 0.004580 0.004640
0.0 0.544513 0.831007 0.005063 0.004935
1.0 0.532974 0.839711 0.011152 0.013788
1.0 0.601915 0.836809 0.011259 0.016489
0.0 0.596479 0.831697 0.004580 0.004640
0.0 0.607050 0.831007 0.005063 0.004935
1.0 0.618589 0.839711 0.011152 0.013788
1.0 0.650820 0.836809 0.011259 0.016489
0.0 0.656256 0.831697 0.004580 0.004640
0.0 0.645685 0.831007 0.005063 0.004935
1.0 0.634145 0.839711 0.011152 0.013788
1.0 0.703087 0.836809 0.011259 0.016489
0.0 0.697650 0.831697 0.004580 0.004640
0.0 0.708222 0.831007 0.005063 0.004935
1.0 0.719761 0.839711 0.011152 0.013788
1.0 0.751992 0.836809 0.011259 0.016489
0.0 0.757428 0.831697 0.004580 0.004640
0.0 0.746856 0.831007 0.005063 0.004935
1.0 0.735317 0.839711 0.011152 0.013788
1.0 0.804258 0.836809 0.011259 0.016489
0.0 0.798822 0.831697 0.004580 0.004640
0.0 0.809394 0.831007 0.005063 0.004935
1.0 0.820933 0.839711 0.011152 0.013788
1.0 0.853163 0.836809 0.011259 0.016489
0.0 0.858600 0.831697 0.004580 0.004640
0.0 0.848028 0.831007 0.005063 0.004935
1.0 0.836489 0.839711 0.011152 0.013788
1.0 0.905430 0.836809 0.011259 0.016489
0.0 0.899994 0.831697 0.004580 0.004640
0.0 0.910565 0.831007 0.005063 0.004935
1.0 0.922105 0.839711 0.011152 0.013788
1.0 0.954335 0.836809 0.011259 0.016489
0.0 0.959771 0.831697 0.004580 0.004640
0.0 0.949200 0.831007 0.005063 0.004935
1.0 0.937661 0.839711 0.011152 0.013788
0.0 0.999438 0.831697 0.001124 0.004640
0.0 0.001275 0.913438 0.002550 0.004935
1.0 0.011558 0.904734 0.011152 0.013788
1.0 0.043788 0.907636 0.011259 0.016489
0.0 0.049225 0.912747 0.004580 0.004640
0.0 0.038653 0.913438 0.005063 0.004935
1.0 0.027114 0.904734 0.011152 0.013788
1.0 0.096055 0.907636 0.011259 0.016489
0.0 0.090619 0.912747 0.004580 0.004640
0.0 0.101190 0.913438 0.005063 0.004935
1.0 0.112730 0.904734 0.011152 0.013788
1.0 0.144960 0.907636 0.011259 0.016489
0.0 0.150396 0.912747 0.004580 0.004640
0.0 0.139825 0.913438 0.005063 0.004935
1.0 0.128286 0.904734 0.011152 0.013788
1.0 0.197227 0.907636 0.011259 0.016489
0.0 0.191791 0.912747 0.004580 0.004640
0.0 0.202362 0.913438 0.005063 0.004935
1.0 0.213901 0.904734 0.011152 0.013788
1.0 0.246132 0.907636 0.011259 0.016489
0.0 0.251568 0.912747 0.004580 0.004640
0.0 0.240997 0.913438 0.005063 0.004935
1.0 0.229458 0.904734 0.011152 0.013788
1.0 0.298399 0.907636 0.011259 0.016489
0.0 0.292963 0.912747 0.004580 0.004640
0.0 0.303534 0.913438 0.005063 0.004935
1.0 0.315073 0.904734 0.011152 0.013788
1.0 0.347304 0.907636 0.011259 0.016489
0.0 0.352740 0.912747 0.004580 0.004640
0.0 0.342169 0.913438 0.005063 0.004935
1.0 0.330630 0.904734 0.011152 0.013788
1.0 0.399571 0.907636 0.011259 0.016489
0.0 0.394135 0.912747 0.004580 0.004640
0.0 0.404706 0.913438 0.005063 0.004935
1.0 0.416245 0.904734 0.011152 0.013788
1.0 0.448476 0.907636 0.011259 0.016489
0.0 0.453912 0.912747 0.004580 0.004640
0.0 0.443341 0.913438 0.005063 0.004935
1.0 0.431802 0.904734 0.011152 0.013788
1.0 0.500743 0.907636 0.011259 0.016489
0.0 0.495307 0.912747 0.004580 0.004640
0.0 0.505878 0.913438 0.005063 0.004935
1.0 0.517417 0.904734 0.011152 0.013788
1.0 0.549648 0.907636 0.011259 0.016489
0.0 0.555084 0.912747 0.004580 0.004640
0.0 0.544513 0.913438 0.005063 0.004935
1.0 0.532974 0.904734 0.011152 0.013788
1.0 0.601915 0.907636 0.011259 0.016489
0.0 0.596479 0.912747 0.004580 0.004640
0.0 0.607050 0.913438 0.005063 0.004935
1.0 0.618589 0.904734 0.011152 0.013788
1.0 0.650820 0.907636 0.011259 0.016489
0.0 0.656256 0.912747 0.004580 0.004640
0.0 0.645685 0.913438 0.005063 0.004935
1.0 0.634145 0.904734 0.011152 0.013788
1.0 0.703087 0.907636 0.011259 0.016489
0.0 0.697650 0.912747 0.004580 0.004640
0.0 0.708222 0.913438 0.005063 0.004935
1.0 0.719761 0.904734 0.011152 0.013788
1.0 0.751992 0.907636 0.011259 0.016489
0.0 0.757428 0.912747 0.004580 0.004640
0.0 0.746856 0.913438 0.005063 0.004935
1.0 0.735317 0.904734 0.011152 0.013788
1.0 0.804258 0.907636 0.011259 0.016489
0.0 0.798822 0.912747 0.004580 0.004640
0.0 0.809394 0.913438 0.005063 0.004935
1.0 0.820933 0.904734 0.011152 0.013788
1.0 0.853163 0.907636 0.011259 0.016489
0.0 0.858600 0.912747 0.004580 0.004640
0.0 0.848028 0.913438 0.005063 0.004935
1.0 0.836489 0.904734 0.011152 0.013788
1.0 0.905430 0.907636 0.011259 0.016489
0.0 0.899994 0.912747 0.004580 0.004640
0.0 0.910565 0.913438 0.005063 0.004935
1.0 0.922105 0.904734 0.011152 0.013788
1.0 0.954335 0.907636 0.011259 0.016489
0.0 0.959771 0.912747 0.004580 0.004640
0.0 0.949200 0.913438 0.005063 0.004935
1.0 0.937661 0.904734 0.011152 0.013788
0.0 0.999438 0.912747 0.001124 0.004640
0.0 0.001275 0.966423 0.002550 0.004935
1.0 0.011558 0.975127 0.011152 0.013788
1.0 0.043788 0.972225 0.011259 0.016489
0.0 0.049225 0.967114 0.004580 0.004640
0.0 0.038653 0.966423 0.005063 0.004935
1.0 0.027114 0.975127 0.011152 0.013788
1.0 0.096055 0.972225 0.011259 0.016489
0.0 0.090619 0.967114 0.004580 0.004640
0.0 0.101190 0.966423 0.005063 0.004935
1.0 0.112730 0.975127 0.011152 0.013788
1.0 0.144960 0.972225 0.011259 0.016489
0.0 0.150396 0.967114 0.004580 0.004640
0.0 0.139825 0.966423 0.005063 0.004935
1.0 0.128286 0.975127 0.011152 0.013788
1.0 0.197227 0.972225 0.011259 0.016489
0.0 0.191791 0.967114 0.004580 0.004640
0.0 0.202362 0.966423 0.005063 0.004935
1.0 0.213901 0.975127 0.011152 0.013788
1.0 0.246132 0.972225 0.011259 0.016489
0.0 0.251568 0.967114 0.004580 0.004640
0.0 0.240997 0.966423 0.005063 0.004935
1.0 0.229458 0.975127 0.011152 0.013788
1.0 0.298399 0.972225 0.011259 0.016489
0.0 0.292963 0.967114 0.004580 0.004640
0.0 0.303534 0.966423 0.005063 0.004935
1.0 0.315073 0.975127 0.011152 0.013788
1.0 0.347304 0.972225 0.011259 0.016489
0.0 0.352740 0.967114 0.004580 0.004640
0.0 0.342169 0.966423 0.005063 0.004935
1.0 0.330630 0.975127 0.011152 0.013788
1.0 0.399571 0.972225 0.011259 0.016489
0.0 0.394135 0.967114 0.004580 0.004640
0.0 0.404706 0.966423 0.005063 0.004935
1.0 0.416245 0.975127 0.011152 0.013788
1.0 0.448476 0.972225 0.011259 0.016489
0.0 0.453912 0.967114 0.004580 0.004640
0.0 0.443341 0.966423 0.005063 0.004935
1.0 0.431802 0.975127 0.011152 0.013788
1.0 0.500743 0.972225 0.011259 0.016489
0.0 0.495307 0.967114 0.004580 0.004640
0.0 0.505878 0.966423 0.005063 0.004935
1.0 0.517417 0.975127 0.011152 0.013788
1.0 0.549648 0.972225 0.011259 0.016489
0.0 0.555084 0.967114 0.004580 0.004640
0.0 0.544513 0.966423 0.005063 0.004935
1.0 0.532974 0.975127 0.011152 0.013788
1.0 0.601915 0.972225 0.011259 0.016489
0.0 0.596479 0.967114 0.004580 0.004640
0.0 0.607050 0.966423 0.005063 0.004935
1.0 0.618589 0.975127 0.011152 0.013788
1.0 0.650820 0.972225 0.011259 0.016489
0.0 0.656256 0.967114 0.004580 0.004640
0.0 0.645685 0.966423 0.005063 0.004935
1.0 0.634145 0.975127 0.011152 0.013788
1.0 0.703087 0.972225 0.011259 0.016489
0.0 0.697650 0.967114 0.004580 0.004640
0.0 0.708222 0.966423 0.005063 0.004935
1.0 0.719761 0.975127 0.011152 0.013788
1.0 0.751992 0.972225 0.011259 0.016489
0.0 0.757428 0.967114 0.004580 0.004640
0.0 0.746856 0.966423 0.005063 0.004935
1.0 0.735317 0.975127 0.011152 0.013788
1.0 0.804258 0.972225 0.011259 0.016489
0.0 0.798822 0.967114 0.004580 0.004640
0.0 0.809394 0.966423 0.005063 0.004935
1.0 0.820933 0.975127 0.011152 0.013788
1.0 0.853163 0.972225 0.011259 0.016489
0.0 0.858600 0.967114 0.004580 0.004640
0.0 0.848028 0.966423 0.005063 0.004935
1.0 0.836489 0.975127 0.011152 0.013788
1.0 0.905430 0.972225 0.011259 0.016489
0.0 0.899994 0.967114 0.004580 0.004640
0.0 0.910565 0.966423 0.005063 0.004935
1.0 0.922105 0.975127 0.011152 0.013788
1.0 0.954335 0.972225 0.011259 0.016489
0.0 0.959771 0.967114 0.004580 0.004640
0.0 0.949200 0.966423 0.005063 0.004935
1.0 0.937661 0.975127 0.011152 0.013788
0.0 0.999438 0.967114 0.001124 0.004640
