0.0 0.013184 0.047710 0.026367 0.071468
0.0 0.045312 0.047710 0.037891 0.071468
0.0 0.083203 0.047710 0.037891 0.071468
0.0 0.121094 0.047710 0.037891 0.071468
0.0 0.158984 0.047710 0.037891 0.071468
0.0 0.196875 0.047710 0.037891 0.071468
0.0 0.234766 0.047710 0.037891 0.071468
0.0 0.272656 0.047710 0.037891 0.071468
0.0 0.310547 0.047710 0.037891 0.071468
0.0 0.348437 0.047710 0.037891 0.071468
0.0 0.386328 0.047710 0.037891 0.071468
0.0 0.424219 0.047710 0.037891 0.071468
0.0 0.462109 0.047710 0.037891 0.071468
0.0 0.500000 0.047710 0.037891 0.071468
0.0 0.537891 0.047710 0.037891 0.071468
0.0 0.575781 0.047710 0.037891 0.071468
0.0 0.613672 0.047710 0.037891 0.071468
0.0 0.651563 0.047710 0.037891 0.071468
0.0 0.689453 0.047710 0.037891 0.071468
0.0 0.727344 0.047710 0.037891 0.071468
0.0 0.765234 0.047710 0.037891 0.071468
0.0 0.803125 0.047710 0.037891 0.071468
0.0 0.841016 0.047710 0.037891 0.071468
0.0 0.878906 0.047710 0.037891 0.071468
0.0 0.916797 0.047710 0.037891 0.071468
0.0 0.954688 0.047710 0.037891 0.071468
0.0 0.986816 0.047710 0.026367 0.071468
0.0 0.013184 0.142568 0.026367 0.071468
0.0 0.045312 0.142568 0.037891 0.071468
0.0 0.083203 0.142568 0.037891 0.071468
0.0 0.121094 0.142568 0.037891 0.071468
0.0 0.158984 0.142568 0.037891 0.071468
0.0 0.196875 0.142568 0.037891 0.071468
0.0 0.234766 0.142568 0.037891 0.071468
0.0 0.272656 0.142568 0.037891 0.071468
0.0 0.310547 0.142568 0.037891 0.071468
0.0 0.348437 0.142568 0.037891 0.071468
0.0 0.386328 0.142568 0.037891 0.071468
0.0 0.424219 0.142568 0.037891 0.071468
0.0 0.462109 0.142568 0.037891 0.071468
0.0 0.500000 0.142568 0.037891 0.071468
0.0 0.537891 0.142568 0.037891 0.071468
0.0 0.575781 0.142568 0.037891 0.071468
0.0 0.613672 0.142568 0.037891 0.071468
0.0 0.651563 0.142568 0.037891 0.071468
0.0 0.689453 0.142568 0.037891 0.071468
0.0 0.727344 0.142568 0.037891 0.071468
0.0 0.765234 0.142568 0.037891 0.071468
0.0 0.803125 0.142568 0.037891 0.071468
0.0 0.841016 0.142568 0.037891 0.071468
0.0 0.878906 0.142568 0.037891 0.071468
0.0 0.916797 0.142568 0.037891 0.071468
0.0 0.954688 0.142568 0.037891 0.071468
0.0 0.986816 0.142568 0.026367 0.071468
0.0 0.013184 0.227571 0.026367 0.071468
0.0 0.045312 0.227571 0.037891 0.071468
0.0 0.083203 0.227571 0.037891 0.071468
0.0 0.121094 0.227571 0.037891 0.071468
0.0 0.158984 0.227571 0.037891 0.071468
0.0 0.196875 0.227571 0.037891 0.071468
0.0 0.234766 0.227571 0.037891 0.071468
0.0 0.272656 0.227571 0.037891 0.071468
0.0 0.310547 0.227571 0.037891 0.071468
0.0 0.348437 0.227571 0.037891 0.071468
0.0 0.386328 0.227571 0.037891 0.071468
0.0 0.424219 0.227571 0.037891 0.071468
0.0 0.462109 0.227571 0.037891 0.071468
0.0 0.500000 0.227571 0.037891 0.071468
0.0 0.537891 0.227571 0.037891 0.071468
0.0 0.575781 0.227571 0.037891 0.071468
0.0 0.613672 0.227571 0.037891 0.071468
0.0 0.651563 0.227571 0.037891 0.071468
0.0 0.689453 0.227571 0.037891 0.071468
0.0 0.727344 0.227571 0.037891 0.071468
0.0 0.765234 0.227571 0.037891 0.071468
0.0 0.803125 0.227571 0.037891 0.071468
0.0 0.841016 0.227571 0.037891 0.071468
0.0 0.878906 0.227571 0.037891 0.071468
0.0 0.916797 0.227571 0.037891 0.071468
0.0 0.954688 0.227571 0.037891 0.071468
0.0 0.986816 0.227571 0.026367 0.071468
0.0 0.013184 0.322429 0.026367 0.071468
0.0 0.045312 0.322429 0.037891 0.071468
0.0 0.083203 0.322429 0.037891 0.071468
0.0 0.121094 0.322429 0.037891 0.071468
0.0 0.158984 0.322429 0.037891 0.071468
0.0 0.196875 0.322429 0.037891 0.071468
0.0 0.234766 0.322429 0.037891 0.071468
0.0 0.272656 0.322429 0.037891 0.071468
0.0 0.310547 0.322429 0.037891 0.071468
0.0 0.348437 0.322429 0.037891 0.071468
0.0 0.386328 0.322429 0.037891 0.071468
0.0 0.424219 0.322429 0.037891 0.071468
0.0 0.462109 0.322429 0.037891 0.071468
0.0 0.500000 0.322429 0.037891 0.071468
0.0 0.537891 0.322429 0.037891 0.071468
0.0 0.575781 0.322429 0.037891 0.071468
0.0 0.613672 0.322429 0.037891 0.071468
0.0 0.651563 0.322429 0.037891 0.071468
0.0 0.689453 0.322429 0.037891 0.071468
0.0 0.727344 0.322429 0.037891 0.071468
0.0 0.765234 0.322429 0.037891 0.071468
0.0 0.803125 0.322429 0.037891 0.071468
0.0 0.841016 0.322429 0.037891 0.071468
0.0 0.878906 0.322429 0.037891 0.071468
0.0 0.916797 0.322429 0.037891 0.071468
0.0 0.954688 0.322429 0.037891 0.071468
0.0 0.986816 0.322429 0.026367 0.071468
0.0 0.013184 0.407432 0.026367 0.071468
0.0 0.045312 0.407432 0.037891 0.071468
0.0 0.083203 0.407432 0.037891 0.071468
0.0 0.121094 0.407432 0.037891 0.071468
0.0 0.158984 0.407432 0.037891 0.071468
0.0 0.196875 0.407432 0.037891 0.071468
0.0 0.234766 0.407432 0.037891 0.071468
0.0 0.272656 0.407432 0.037891 0.071468
0.0 0.310547 0.407432 0.037891 0.071468
0.0 0.348437 0.407432 0.037891 0.071468
0.0 0.386328 0.407432 0.037891 0.071468
0.0 0.424219 0.407432 0.037891 0.071468
0.0 0.462109 0.407432 0.037891 0.071468
0.0 0.500000 0.407432 0.037891 0.071468
0.0 0.537891 0.407432 0.037891 0.071468
0.0 0.575781 0.407432 0.037891 0.071468
0.0 0.613672 0.407432 0.037891 0.071468
0.0 0.651563 0.407432 0.037891 0.071468
0.0 0.689453 0.407432 0.037891 0.071468
0.0 0.727344 0.407432 0.037891 0.071468
0.0 0.765234 0.407432 0.037891 0.071468
0.0 0.803125 0.407432 0.037891 0.071468
0.0 0.841016 0.407432 0.037891 0.071468
0.0 0.878906 0.407432 0.037891 0.071468
0.0 0.916797 0.407432 0.037891 0.071468
0.0 0.954688 0.407432 0.037891 0.071468
0.0 0.986816 0.407432 0.026367 0.071468
0.0 0.013184 0.502290 0.026367 0.071468
0.0 0.045312 0.502290 0.037891 0.071468
0.0 0.083203 0.502290 0.037891 0.071468
0.0 0.121094 0.502290 0.037891 0.071468
0.0 0.158984 0.502290 0.037891 0.071468
0.0 0.196875 0.502290 0.037891 0.071468
0.0 0.234766 0.502290 0.037891 0.071468
0.0 0.272656 0.502290 0.037891 0.071468
0.0 0.310547 0.502290 0.037891 0.071468
0.0 0.348437 0.502290 0.037891 0.071468
0.0 0.386328 0.502290 0.037891 0.071468
0.0 0.424219 0.502290 0.037891 0.071468
0.0 0.462109 0.502290 0.037891 0.071468
0.0 0.500000 0.502290 0.037891 0.071468
0.0 0.537891 0.502290 0.037891 0.071468
0.0 0.575781 0.502290 0.037891 0.071468
0.0 0.613672 0.502290 0.037891 0.071468
0.0 0.651563 0.502290 0.037891 0.071468
0.0 0.689453 0.502290 0.037891 0.071468
0.0 0.727344 0.502290 0.037891 0.071468
0.0 0.765234 0.502290 0.037891 0.071468
0.0 0.803125 0.502290 0.037891 0.071468
0.0 0.841016 0.502290 0.037891 0.071468
0.0 0.878906 0.502290 0.037891 0.071468
0.0 0.916797 0.502290 0.037891 0.071468
0.0 0.954688 0.502290 0.037891 0.071468
0.0 0.986816 0.502290 0.026367 0.071468
0.0 0.013184 0.587293 0.026367 0.071468
0.0 0.045312 0.587293 0.037891 0.071468
0.0 0.083203 0.587293 0.037891 0.071468
0.0 0.121094 0.587293 0.037891 0.071468
0.0 0.158984 0.587293 0.037891 0.071468
0.0 0.196875 0.587293 0.037891 0.071468
0.0 0.234766 0.587293 0.037891 0.071468
0.0 0.272656 0.587293 0.037891 0.071468
0.0 0.310547 0.587293 0.037891 0.071468
0.0 0.348437 0.587293 0.037891 0.071468
0.0 0.386328 0.587293 0.037891 0.071468
0.0 0.424219 0.587293 0.037891 0.071468
0.0 0.462109 0.587293 0.037891 0.071468
0.0 0.500000 0.587293 0.037891 0.071468
0.0 0.537891 0.587293 0.037891 0.071468
0.0 0.575781 0.587293 0.037891 0.071468
0.0 0.613672 0.587293 0.037891 0.071468
0.0 0.651563 0.587293 0.037891 0.071468
0.0 0.689453 0.587293 0.037891 0.071468
0.0 0.727344 0.587293 0.037891 0.071468
0.0 0.765234 0.587293 0.037891 0.071468
0.0 0.803125 0.587293 0.037891 0.071468
0.0 0.841016 0.587293 0.037891 0.071468
0.0 0.878906 0.587293 0.037891 0.071468
0.0 0.916797 0.587293 0.037891 0.071468
0.0 0.954688 0.587293 0.037891 0.071468
0.0 0.986816 0.587293 0.026367 0.071468
0.0 0.013184 0.682151 0.026367 0.071468
0.0 0.045312 0.682151 0.037891 0.071468
0.0 0.083203 0.682151 0.037891 0.071468
0.0 0.121094 0.682151 0.037891 0.071468
0.0 0.158984 0.682151 0.037891 0.071468
0.0 0.196875 0.682151 0.037891 0.071468
0.0 0.234766 0.682151 0.037891 0.071468
0.0 0.272656 0.682151 0.037891 0.071468
0.0 0.310547 0.682151 0.037891 0.071468
0.0 0.348437 0.682151 0.037891 0.071468
0.0 0.386328 0.682151 0.037891 0.071468
0.0 0.424219 0.682151 0.037891 0.071468
0.0 0.462109 0.682151 0.037891 0.071468
0.0 0.500000 0.682151 0.037891 0.071468
0.0 0.537891 0.682151 0.037891 0.071468
0.0 0.575781 0.682151 0.037891 0.071468
0.0 0.613672 0.682151 0.037891 0.071468
0.0 0.651563 0.682151 0.037891 0.071468
0.0 0.689453 0.682151 0.037891 0.071468
0.0 0.727344 0.682151 0.037891 0.071468
0.0 0.765234 0.682151 0.037891 0.071468
0.0 0.803125 0.682151 0.037891 0.071468
0.0 0.841016 0.682151 0.037891 0.071468
0.0 0.878906 0.682151 0.037891 0.071468
0.0 0.916797 0.682151 0.037891 0.071468
0.0 0.954688 0.682151 0.037891 0.071468
0.0 0.986816 0.682151 0.026367 0.071468
0.0 0.013184 0.767154 0.026367 0.071468
0.0 0.045312 0.767154 0.037891 0.071468
0.0 0.083203 0.767154 0.037891 0.071468
0.0 0.121094 0.767154 0.037891 0.071468
0.0 0.158984 0.767154 0.037891 0.071468
0.0 0.196875 0.767154 0.037891 0.071468
0.0 0.234766 0.767154 0.037891 0.071468
0.0 0.272656 0.767154 0.037891 0.071468
0.0 0.310547 0.767154 0.037891 0.071468
0.0 0.348437 0.767154 0.037891 0.071468
0.0 0.386328 0.767154 0.037891 0.071468
0.0 0.424219 0.767154 0.037891 0.071468
0.0 0.462109 0.767154 0.037891 0.071468
0.0 0.500000 0.767154 0.037891 0.071468
0.0 0.537891 0.767154 0.037891 0.071468
0.0 0.575781 0.767154 0.037891 0.071468
0.0 0.613672 0.767154 0.037891 0.071468
0.0 0.651563 0.767154 0.037891 0.071468
0.0 0.689453 0.767154 0.037891 0.071468
0.0 0.727344 0.767154 0.037891 0.071468
0.0 0.765234 0.767154 0.037891 0.071468
0.0 0.803125 0.767154 0.037891 0.071468
0.0 0.841016 0.767154 0.037891 0.071468
0.0 0.878906 0.767154 0.037891 0.071468
0.0 0.916797 0.767154 0.037891 0.071468
0.0 0.954688 0.767154 0.037891 0.071468
0.0 0.986816 0.767154 0.026367 0.071468
0.0 0.013184 0.862012 0.026367 0.071468
0.0 0.045312 0.862012 0.037891 0.071468
0.0 0.083203 0.862012 0.037891 0.071468
0.0 0.121094 0.862012 0.037891 0.071468
0.0 0.158984 0.862012 0.037891 0.071468
0.0 0.196875 0.862012 0.037891 0.071468
0.0 0.234766 0.862012 0.037891 0.071468
0.0 0.272656 0.862012 0.037891 0.071468
0.0 0.310547 0.862012 0.037891 0.071468
0.0 0.348437 0.862012 0.037891 0.071468
0.0 0.386328 0.862012 0.037891 0.071468
0.0 0.424219 0.862012 0.037891 0.071468
0.0 0.462109 0.862012 0.037891 0.071468
0.0 0.500000 0.862012 0.037891 0.071468
0.0 0.537891 0.862012 0.037891 0.071468
0.0 0.575781 0.862012 0.037891 0.071468
0.0 0.613672 0.862012 0.037891 0.071468
0.0 0.651563 0.862012 0.037891 0.071468
0.0 0.689453 0.862012 0.037891 0.071468
0.0 0.727344 0.862012 0.037891 0.071468
0.0 0.765234 0.862012 0.037891 0.071468
0.0 0.803125 0.862012 0.037891 0.071468
0.0 0.841016 0.862012 0.037891 0.071468
0.0 0.878906 0.862012 0.037891 0.071468
0.0 0.916797 0.862012 0.037891 0.071468
0.0 0.954688 0.862012 0.037891 0.071468
0.0 0.986816 0.862012 0.026367 0.071468
0.0 0.013184 0.947015 0.026367 0.071468
0.0 0.045312 0.947015 0.037891 0.071468
0.0 0.083203 0.947015 0.037891 0.071468
0.0 0.121094 0.947015 0.037891 0.071468
0.0 0.158984 0.947015 0.037891 0.071468
0.0 0.196875 0.947015 0.037891 0.071468
0.0 0.234766 0.947015 0.037891 0.071468
0.0 0.272656 0.947015 0.037891 0.071468
0.0 0.310547 0.947015 0.037891 0.071468
0.0 0.348437 0.947015 0.037891 0.071468
0.0 0.386328 0.947015 0.037891 0.071468
0.0 0.424219 0.947015 0.037891 0.071468
0.0 0.462109 0.947015 0.037891 0.071468
0.0 0.500000 0.947015 0.037891 0.071468
0.0 0.537891 0.947015 0.037891 0.071468
0.0 0.575781 0.947015 0.037891 0.071468
0.0 0.613672 0.947015 0.037891 0.071468
0.0 0.651563 0.947015 0.037891 0.071468
0.0 0.689453 0.947015 0.037891 0.071468
0.0 0.727344 0.947015 0.037891 0.071468
0.0 0.765234 0.947015 0.037891 0.071468
0.0 0.803125 0.947015 0.037891 0.071468
0.0 0.841016 0.947015 0.037891 0.071468
0.0 0.878906 0.947015 0.037891 0.071468
0.0 0.916797 0.947015 0.037891 0.071468
0.0 0.954688 0.947015 0.037891 0.071468
0.0 0.986816 0.947015 0.026367 0.071468
