0.0 0.016846 0.025092 0.026764 0.006761
0.0 0.096493 0.026155 0.017597 0.004634
0.0 0.072217 0.025092 0.026764 0.006761
0.0 0.194913 0.026155 0.017597 0.004634
0.0 0.219189 0.025092 0.026764 0.006761
0.0 0.298837 0.026155 0.017597 0.004634
0.0 0.274561 0.025092 0.026764 0.006761
0.0 0.397257 0.026155 0.017597 0.004634
0.0 0.421533 0.025092 0.026764 0.006761
0.0 0.501180 0.026155 0.017597 0.004634
0.0 0.476904 0.025092 0.026764 0.006761
0.0 0.599601 0.026155 0.017597 0.004634
0.0 0.623877 0.025092 0.026764 0.006761
0.0 0.703524 0.026155 0.017597 0.004634
0.0 0.679248 0.025092 0.026764 0.006761
0.0 0.801945 0.026155 0.017597 0.004634
0.0 0.826221 0.025092 0.026764 0.006761
0.0 0.905868 0.026155 0.017597 0.004634
0.0 0.881592 0.025092 0.026764 0.006761
0.0 0.997745 0.026155 0.004510 0.004634
1.0 0.000831 0.097703 0.001662 0.028865
0.0 0.022565 0.068830 0.016867 0.012286
0.0 0.016550 0.067953 0.026764 0.018958
0.0 0.016846 0.031853 0.026764 0.006761
1.0 0.093262 0.097703 0.011723 0.028865
1.0 0.107381 0.098239 0.011297 0.022716
0.0 0.106451 0.081601 0.021131 0.015229
0.0 0.115817 0.089235 0.009227 0.015224
0.0 0.096764 0.065679 0.017597 0.012302
0.0 0.066497 0.068830 0.016867 0.012286
0.0 0.072512 0.067953 0.026764 0.018958
0.0 0.096493 0.030789 0.017597 0.004634
0.0 0.072217 0.031853 0.026764 0.006761
1.0 0.198144 0.097703 0.011723 0.028865
1.0 0.184025 0.098239 0.011297 0.022716
0.0 0.184956 0.081601 0.021131 0.015229
0.0 0.175589 0.089235 0.009227 0.015224
0.0 0.194643 0.065679 0.017597 0.012302
0.0 0.224909 0.068830 0.016867 0.012286
0.0 0.218894 0.067953 0.026764 0.018958
0.0 0.194913 0.030789 0.017597 0.004634
0.0 0.219189 0.031853 0.026764 0.006761
1.0 0.295606 0.097703 0.011723 0.028865
1.0 0.309725 0.098239 0.011297 0.022716
0.0 0.308794 0.081601 0.021131 0.015229
0.0 0.318161 0.089235 0.009227 0.015224
0.0 0.299107 0.065679 0.017597 0.012302
0.0 0.268841 0.068830 0.016867 0.012286
0.0 0.274856 0.067953 0.026764 0.018958
0.0 0.298837 0.030789 0.017597 0.004634
0.0 0.274561 0.031853 0.026764 0.006761
1.0 0.400488 0.097703 0.011723 0.028865
1.0 0.386369 0.098239 0.011297 0.022716
0.0 0.387299 0.081601 0.021131 0.015229
0.0 0.377933 0.089235 0.009227 0.015224
0.0 0.396986 0.065679 0.017597 0.012302
0.0 0.427253 0.068830 0.016867 0.012286
0.0 0.421238 0.067953 0.026764 0.018958
0.0 0.397257 0.030789 0.017597 0.004634
0.0 0.421533 0.031853 0.026764 0.006761
1.0 0.497949 0.097703 0.011723 0.028865
1.0 0.512068 0.098239 0.011297 0.022716
0.0 0.511138 0.081601 0.021131 0.015229
0.0 0.520504 0.089235 0.009227 0.015224
0.0 0.501451 0.065679 0.017597 0.012302
0.0 0.471185 0.068830 0.016867 0.012286
0.0 0.477200 0.067953 0.026764 0.018958
0.0 0.501180 0.030789 0.017597 0.004634
0.0 0.476904 0.031853 0.026764 0.006761
1.0 0.602832 0.097703 0.011723 0.028865
1.0 0.588713 0.098239 0.011297 0.022716
0.0 0.589643 0.081601 0.021131 0.015229
0.0 0.580277 0.089235 0.009227 0.015224
0.0 0.599330 0.065679 0.017597 0.012302
0.0 0.629597 0.068830 0.016867 0.012286
0.0 0.623582 0.067953 0.026764 0.018958
0.0 0.599601 0.030789 0.017597 0.004634
0.0 0.623877 0.031853 0.026764 0.006761
1.0 0.700293 0.097703 0.011723 0.028865
1.0 0.714412 0.098239 0.011297 0.022716
0.0 0.713482 0.081601 0.021131 0.015229
0.0 0.722848 0.089235 0.009227 0.015224
0.0 0.703795 0.065679 0.017597 0.012302
0.0 0.673528 0.068830 0.016867 0.012286
0.0 0.679543 0.067953 0.026764 0.018958
0.0 0.703524 0.030789 0.017597 0.004634
0.0 0.679248 0.031853 0.026764 0.006761
1.0 0.805176 0.097703 0.011723 0.028865
1.0 0.791057 0.098239 0.011297 0.022716
0.0 0.791987 0.081601 0.021131 0.015229
0.0 0.782621 0.089235 0.009227 0.015224
0.0 0.801674 0.065679 0.017597 0.012302
0.0 0.831940 0.068830 0.016867 0.012286
0.0 0.825925 0.067953 0.026764 0.018958
0.0 0.801945 0.030789 0.017597 0.004634
0.0 0.826221 0.031853 0.026764 0.006761
1.0 0.902637 0.097703 0.011723 0.028865
1.0 0.916756 0.098239 0.011297 0.022716
0.0 0.915826 0.081601 0.021131 0.015229
0.0 0.925192 0.089235 0.009227 0.015224
0.0 0.906139 0.065679 0.017597 0.012302
0.0 0.875872 0.068830 0.016867 0.012286
0.0 0.881887 0.067953 0.026764 0.018958
0.0 0.905868 0.030789 0.017597 0.004634
0.0 0.881592 0.031853 0.026764 0.006761
1.0 0.993400 0.098239 0.011297 0.022716
0.0 0.991883 0.081601 0.016235 0.015229
0.0 0.984964 0.089235 0.009227 0.015224
0.0 0.997610 0.065679 0.004781 0.012302
0.0 0.997745 0.030789 0.004510 0.004634
1.0 0.000831 0.228686 0.001662 0.028865
0.0 0.022565 0.257558 0.016867 0.012286
0.0 0.016550 0.258436 0.026764 0.018958
0.0 0.016846 0.294536 0.026764 0.006761
1.0 0.093262 0.228686 0.011723 0.028865
1.0 0.107381 0.228149 0.011297 0.022716
0.0 0.106451 0.244787 0.021131 0.015229
0.0 0.115817 0.237154 0.009227 0.015224
0.0 0.096764 0.260710 0.017597 0.012302
0.0 0.066497 0.257558 0.016867 0.012286
0.0 0.072512 0.258436 0.026764 0.018958
0.0 0.096493 0.295600 0.017597 0.004634
0.0 0.072217 0.294536 0.026764 0.006761
1.0 0.198144 0.228686 0.011723 0.028865
1.0 0.184025 0.228149 0.011297 0.022716
0.0 0.184956 0.244787 0.021131 0.015229
0.0 0.175589 0.237154 0.009227 0.015224
0.0 0.194643 0.260710 0.017597 0.012302
0.0 0.224909 0.257558 0.016867 0.012286
0.0 0.218894 0.258436 0.026764 0.018958
0.0 0.194913 0.295600 0.017597 0.004634
0.0 0.219189 0.294536 0.026764 0.006761
1.0 0.295606 0.228686 0.011723 0.028865
1.0 0.309725 0.228149 0.011297 0.022716
0.0 0.308794 0.244787 0.021131 0.015229
0.0 0.318161 0.237154 0.009227 0.015224
0.0 0.299107 0.260710 0.017597 0.012302
0.0 0.268841 0.257558 0.016867 0.012286
0.0 0.274856 0.258436 0.026764 0.018958
0.0 0.298837 0.295600 0.017597 0.004634
0.0 0.274561 0.294536 0.026764 0.006761
1.0 0.400488 0.228686 0.011723 0.028865
1.0 0.386369 0.228149 0.011297 0.022716
0.0 0.387299 0.244787 0.021131 0.015229
0.0 0.377933 0.237154 0.009227 0.015224
0.0 0.396986 0.260710 0.017597 0.012302
0.0 0.427253 0.257558 0.016867 0.012286
0.0 0.421238 0.258436 0.026764 0.018958
0.0 0.397257 0.295600 0.017597 0.004634
0.0 0.421533 0.294536 0.026764 0.006761
1.0 0.497949 0.228686 0.011723 0.028865
1.0 0.512068 0.228149 0.011297 0.022716
0.0 0.511138 0.244787 0.021131 0.015229
0.0 0.520504 0.237154 0.009227 0.015224
0.0 0.501451 0.260710 0.017597 0.012302
0.0 0.471185 0.257558 0.016867 0.012286
0.0 0.477200 0.258436 0.026764 0.018958
0.0 0.501180 0.295600 0.017597 0.004634
0.0 0.476904 0.294536 0.026764 0.006761
1.0 0.602832 0.228686 0.011723 0.028865
1.0 0.588713 0.228149 0.011297 0.022716
0.0 0.589643 0.244787 0.021131 0.015229
0.0 0.580277 0.237154 0.009227 0.015224
0.0 0.599330 0.260710 0.017597 0.012302
0.0 0.629597 0.257558 0.016867 0.012286
0.0 0.623582 0.258436 0.026764 0.018958
0.0 0.599601 0.295600 0.017597 0.004634
0.0 0.623877 0.294536 0.026764 0.006761
1.0 0.700293 0.228686 0.011723 0.028865
1.0 0.714412 0.228149 0.011297 0.022716
0.0 0.713482 0.244787 0.021131 0.015229
0.0 0.722848 0.237154 0.009227 0.015224
0.0 0.703795 0.260710 0.017597 0.012302
0.0 0.673528 0.257558 0.016867 0.012286
0.0 0.679543 0.258436 0.026764 0.018958
0.0 0.703524 0.295600 0.017597 0.004634
0.0 0.679248 0.294536 0.026764 0.006761
1.0 0.805176 0.228686 0.011723 0.028865
1.0 0.791057 0.228149 0.011297 0.022716
0.0 0.791987 0.244787 0.021131 0.015229
0.0 0.782621 0.237154 0.009227 0.015224
0.0 0.801674 0.260710 0.017597 0.012302
0.0 0.831940 0.257558 0.016867 0.012286
0.0 0.825925 0.258436 0.026764 0.018958
0.0 0.801945 0.295600 0.017597 0.004634
0.0 0.826221 0.294536 0.026764 0.006761
1.0 0.902637 0.228686 0.011723 0.028865
1.0 0.916756 0.228149 0.011297 0.022716
0.0 0.915826 0.244787 0.021131 0.015229
0.0 0.925192 0.237154 0.009227 0.015224
0.0 0.906139 0.260710 0.017597 0.012302
0.0 0.875872 0.257558 0.016867 0.012286
0.0 0.881887 0.258436 0.026764 0.018958
0.0 0.905868 0.295600 0.017597 0.004634
0.0 0.881592 0.294536 0.026764 0.006761
1.0 0.993400 0.228149 0.011297 0.022716
0.0 0.991883 0.244787 0.016235 0.015229
0.0 0.984964 0.237154 0.009227 0.015224
0.0 0.997610 0.260710 0.004781 0.012302
0.0 0.997745 0.295600 0.004510 0.004634
1.0 0.000831 0.367147 0.001662 0.028865
0.0 0.022565 0.338275 0.016867 0.012286
0.0 0.016550 0.337397 0.026764 0.018958
0.0 0.016846 0.301297 0.026764 0.006761
1.0 0.093262 0.367147 0.011723 0.028865
1.0 0.107381 0.367684 0.011297 0.022716
0.0 0.106451 0.351046 0.021131 0.015229
0.0 0.115817 0.358679 0.009227 0.015224
0.0 0.096764 0.335123 0.017597 0.012302
0.0 0.066497 0.338275 0.016867 0.012286
0.0 0.072512 0.337397 0.026764 0.018958
0.0 0.096493 0.300234 0.017597 0.004634
0.0 0.072217 0.301297 0.026764 0.006761
1.0 0.198144 0.367147 0.011723 0.028865
1.0 0.184025 0.367684 0.011297 0.022716
0.0 0.184956 0.351046 0.021131 0.015229
0.0 0.175589 0.358679 0.009227 0.015224
0.0 0.194643 0.335123 0.017597 0.012302
0.0 0.224909 0.338275 0.016867 0.012286
0.0 0.218894 0.337397 0.026764 0.018958
0.0 0.194913 0.300234 0.017597 0.004634
0.0 0.219189 0.301297 0.026764 0.006761
1.0 0.295606 0.367147 0.011723 0.028865
1.0 0.309725 0.367684 0.011297 0.022716
0.0 0.308794 0.351046 0.021131 0.015229
0.0 0.318161 0.358679 0.009227 0.015224
0.0 0.299107 0.335123 0.017597 0.012302
0.0 0.268841 0.338275 0.016867 0.012286
0.0 0.274856 0.337397 0.026764 0.018958
0.0 0.298837 0.300234 0.017597 0.004634
0.0 0.274561 0.301297 0.026764 0.006761
1.0 0.400488 0.367147 0.011723 0.028865
1.0 0.386369 0.367684 0.011297 0.022716
0.0 0.387299 0.351046 0.021131 0.015229
0.0 0.377933 0.358679 0.009227 0.015224
0.0 0.396986 0.335123 0.017597 0.012302
0.0 0.427253 0.338275 0.016867 0.012286
0.0 0.421238 0.337397 0.026764 0.018958
0.0 0.397257 0.300234 0.017597 0.004634
0.0 0.421533 0.301297 0.026764 0.006761
1.0 0.497949 0.367147 0.011723 0.028865
1.0 0.512068 0.367684 0.011297 0.022716
0.0 0.511138 0.351046 0.021131 0.015229
0.0 0.520504 0.358679 0.009227 0.015224
0.0 0.501451 0.335123 0.017597 0.012302
0.0 0.471185 0.338275 0.016867 0.012286
0.0 0.477200 0.337397 0.026764 0.018958
0.0 0.501180 0.300234 0.017597 0.004634
0.0 0.476904 0.301297 0.026764 0.006761
1.0 0.602832 0.367147 0.011723 0.028865
1.0 0.588713 0.367684 0.011297 0.022716
0.0 0.589643 0.351046 0.021131 0.015229
0.0 0.580277 0.358679 0.009227 0.015224
0.0 0.599330 0.335123 0.017597 0.012302
0.0 0.629597 0.338275 0.016867 0.012286
0.0 0.623582 0.337397 0.026764 0.018958
0.0 0.599601 0.300234 0.017597 0.004634
0.0 0.623877 0.301297 0.026764 0.006761
1.0 0.700293 0.367147 0.011723 0.028865
1.0 0.714412 0.367684 0.011297 0.022716
0.0 0.713482 0.351046 0.021131 0.015229
0.0 0.722848 0.358679 0.009227 0.015224
0.0 0.703795 0.335123 0.017597 0.012302
0.0 0.673528 0.338275 0.016867 0.012286
0.0 0.679543 0.337397 0.026764 0.018958
0.0 0.703524 0.300234 0.017597 0.004634
0.0 0.679248 0.301297 0.026764 0.006761
1.0 0.805176 0.367147 0.011723 0.028865
1.0 0.791057 0.367684 0.011297 0.022716
0.0 0.791987 0.351046 0.021131 0.015229
0.0 0.782621 0.358679 0.009227 0.015224
0.0 0.801674 0.335123 0.017597 0.012302
0.0 0.831940 0.338275 0.016867 0.012286
0.0 0.825925 0.337397 0.026764 0.018958
0.0 0.801945 0.300234 0.017597 0.004634
0.0 0.826221 0.301297 0.026764 0.006761
1.0 0.902637 0.367147 0.011723 0.028865
1.0 0.916756 0.367684 0.011297 0.022716
0.0 0.915826 0.351046 0.021131 0.015229
0.0 0.925192 0.358679 0.009227 0.015224
0.0 0.906139 0.335123 0.017597 0.012302
0.0 0.875872 0.338275 0.016867 0.012286
0.0 0.881887 0.337397 0.026764 0.018958
0.0 0.905868 0.300234 0.017597 0.004634
0.0 0.881592 0.301297 0.026764 0.006761
1.0 0.993400 0.367684 0.011297 0.022716
0.0 0.991883 0.351046 0.016235 0.015229
0.0 0.984964 0.358679 0.009227 0.015224
0.0 0.997610 0.335123 0.004781 0.012302
0.0 0.997745 0.300234 0.004510 0.004634
1.0 0.000831 0.498131 0.001662 0.028865
0.0 0.022565 0.527003 0.016867 0.012286
0.0 0.016550 0.527881 0.026764 0.018958
0.0 0.016846 0.563981 0.026764 0.006761
1.0 0.093262 0.498131 0.011723 0.028865
1.0 0.107381 0.497594 0.011297 0.022716
0.0 0.106451 0.514232 0.021131 0.015229
0.0 0.115817 0.506599 0.009227 0.015224
0.0 0.096764 0.530155 0.017597 0.012302
0.0 0.066497 0.527003 0.016867 0.012286
0.0 0.072512 0.527881 0.026764 0.018958
0.0 0.096493 0.565044 0.017597 0.004634
0.0 0.072217 0.563981 0.026764 0.006761
1.0 0.198144 0.498131 0.011723 0.028865
1.0 0.184025 0.497594 0.011297 0.022716
0.0 0.184956 0.514232 0.021131 0.015229
0.0 0.175589 0.506599 0.009227 0.015224
0.0 0.194643 0.530155 0.017597 0.012302
0.0 0.224909 0.527003 0.016867 0.012286
0.0 0.218894 0.527881 0.026764 0.018958
0.0 0.194913 0.565044 0.017597 0.004634
0.0 0.219189 0.563981 0.026764 0.006761
1.0 0.295606 0.498131 0.011723 0.028865
1.0 0.309725 0.497594 0.011297 0.022716
0.0 0.308794 0.514232 0.021131 0.015229
0.0 0.318161 0.506599 0.009227 0.015224
0.0 0.299107 0.530155 0.017597 0.012302
0.0 0.268841 0.527003 0.016867 0.012286
0.0 0.274856 0.527881 0.026764 0.018958
0.0 0.298837 0.565044 0.017597 0.004634
0.0 0.274561 0.563981 0.026764 0.006761
1.0 0.400488 0.498131 0.011723 0.028865
1.0 0.386369 0.497594 0.011297 0.022716
0.0 0.387299 0.514232 0.021131 0.015229
0.0 0.377933 0.506599 0.009227 0.015224
0.0 0.396986 0.530155 0.017597 0.012302
0.0 0.427253 0.527003 0.016867 0.012286
0.0 0.421238 0.527881 0.026764 0.018958
0.0 0.397257 0.565044 0.017597 0.004634
0.0 0.421533 0.563981 0.026764 0.006761
1.0 0.497949 0.498131 0.011723 0.028865
1.0 0.512068 0.497594 0.011297 0.022716
0.0 0.511138 0.514232 0.021131 0.015229
0.0 0.520504 0.506599 0.009227 0.015224
0.0 0.501451 0.530155 0.017597 0.012302
0.0 0.471185 0.527003 0.016867 0.012286
0.0 0.477200 0.527881 0.026764 0.018958
0.0 0.501180 0.565044 0.017597 0.004634
0.0 0.476904 0.563981 0.026764 0.006761
1.0 0.602832 0.498131 0.011723 0.028865
1.0 0.588713 0.497594 0.011297 0.022716
0.0 0.589643 0.514232 0.021131 0.015229
0.0 0.580277 0.506599 0.009227 0.015224
0.0 0.599330 0.530155 0.017597 0.012302
0.0 0.629597 0.527003 0.016867 0.012286
0.0 0.623582 0.527881 0.026764 0.018958
0.0 0.599601 0.565044 0.017597 0.004634
0.0 0.623877 0.563981 0.026764 0.006761
1.0 0.700293 0.498131 0.011723 0.028865
1.0 0.714412 0.497594 0.011297 0.022716
0.0 0.713482 0.514232 0.021131 0.015229
0.0 0.722848 0.506599 0.009227 0.015224
0.0 0.703795 0.530155 0.017597 0.012302
0.0 0.673528 0.527003 0.016867 0.012286
0.0 0.679543 0.527881 0.026764 0.018958
0.0 0.703524 0.565044 0.017597 0.004634
0.0 0.679248 0.563981 0.026764 0.006761
1.0 0.805176 0.498131 0.011723 0.028865
1.0 0.791057 0.497594 0.011297 0.022716
0.0 0.791987 0.514232 0.021131 0.015229
0.0 0.782621 0.506599 0.009227 0.015224
0.0 0.801674 0.530155 0.017597 0.012302
0.0 0.831940 0.527003 0.016867 0.012286
0.0 0.825925 0.527881 0.026764 0.018958
0.0 0.801945 0.565044 0.017597 0.004634
0.0 0.826221 0.563981 0.026764 0.006761
1.0 0.902637 0.498131 0.011723 0.028865
1.0 0.916756 0.497594 0.011297 0.022716
0.0 0.915826 0.514232 0.021131 0.015229
0.0 0.925192 0.506599 0.009227 0.015224
0.0 0.906139 0.530155 0.017597 0.012302
0.0 0.875872 0.527003 0.016867 0.012286
0.0 0.881887 0.527881 0.026764 0.018958
0.0 0.905868 0.565044 0.017597 0.004634
0.0 0.881592 0.563981 0.026764 0.006761
1.0 0.993400 0.497594 0.011297 0.022716
0.0 0.991883 0.514232 0.016235 0.015229
0.0 0.984964 0.506599 0.009227 0.015224
0.0 0.997610 0.530155 0.004781 0.012302
0.0 0.997745 0.565044 0.004510 0.004634
1.0 0.000831 0.636591 0.001662 0.028865
0.0 0.022565 0.607719 0.016867 0.012286
0.0 0.016550 0.606842 0.026764 0.018958
0.0 0.016846 0.570742 0.026764 0.006761
1.0 0.093262 0.636591 0.011723 0.028865
1.0 0.107381 0.637128 0.011297 0.022716
0.0 0.106451 0.620490 0.021131 0.015229
0.0 0.115817 0.628123 0.009227 0.015224
0.0 0.096764 0.604567 0.017597 0.012302
0.0 0.066497 0.607719 0.016867 0.012286
0.0 0.072512 0.606842 0.026764 0.018958
0.0 0.096493 0.569678 0.017597 0.004634
0.0 0.072217 0.570742 0.026764 0.006761
1.0 0.198144 0.636591 0.011723 0.028865
1.0 0.184025 0.637128 0.011297 0.022716
0.0 0.184956 0.620490 0.021131 0.015229
0.0 0.175589 0.628123 0.009227 0.015224
0.0 0.194643 0.604567 0.017597 0.012302
0.0 0.224909 0.607719 0.016867 0.012286
0.0 0.218894 0.606842 0.026764 0.018958
0.0 0.194913 0.569678 0.017597 0.004634
0.0 0.219189 0.570742 0.026764 0.006761
1.0 0.295606 0.636591 0.011723 0.028865
1.0 0.309725 0.637128 0.011297 0.022716
0.0 0.308794 0.620490 0.021131 0.015229
0.0 0.318161 0.628123 0.009227 0.015224
0.0 0.299107 0.604567 0.017597 0.012302
0.0 0.268841 0.607719 0.016867 0.012286
0.0 0.274856 0.606842 0.026764 0.018958
0.0 0.298837 0.569678 0.017597 0.004634
0.0 0.274561 0.570742 0.026764 0.006761
1.0 0.400488 0.636591 0.011723 0.028865
1.0 0.386369 0.637128 0.011297 0.022716
0.0 0.387299 0.620490 0.021131 0.015229
0.0 0.377933 0.628123 0.009227 0.015224
0.0 0.396986 0.604567 0.017597 0.012302
0.0 0.427253 0.607719 0.016867 0.012286
0.0 0.421238 0.606842 0.026764 0.018958
0.0 0.397257 0.569678 0.017597 0.004634
0.0 0.421533 0.570742 0.026764 0.006761
1.0 0.497949 0.636591 0.011723 0.028865
1.0 0.512068 0.637128 0.011297 0.022716
0.0 0.511138 0.620490 0.021131 0.015229
0.0 0.520504 0.628123 0.009227 0.015224
0.0 0.501451 0.604567 0.017597 0.012302
0.0 0.471185 0.607719 0.016867 0.012286
0.0 0.477200 0.606842 0.026764 0.018958
0.0 0.501180 0.569678 0.017597 0.004634
0.0 0.476904 0.570742 0.026764 0.006761
1.0 0.602832 0.636591 0.011723 0.028865
1.0 0.588713 0.637128 0.011297 0.022716
0.0 0.589643 0.620490 0.021131 0.015229
0.0 0.580277 0.628123 0.009227 0.015224
0.0 0.599330 0.604567 0.017597 0.012302
0.0 0.629597 0.607719 0.016867 0.012286
0.0 0.623582 0.606842 0.026764 0.018958
0.0 0.599601 0.569678 0.017597 0.004634
0.0 0.623877 0.570742 0.026764 0.006761
1.0 0.700293 0.636591 0.011723 0.028865
1.0 0.714412 0.637128 0.011297 0.022716
0.0 0.713482 0.620490 0.021131 0.015229
0.0 0.722848 0.628123 0.009227 0.015224
0.0 0.703795 0.604567 0.017597 0.012302
0.0 0.673528 0.607719 0.016867 0.012286
0.0 0.679543 0.606842 0.026764 0.018958
0.0 0.703524 0.569678 0.017597 0.004634
0.0 0.679248 0.570742 0.026764 0.006761
1.0 0.805176 0.636591 0.011723 0.028865
1.0 0.791057 0.637128 0.011297 0.022716
0.0 0.791987 0.620490 0.021131 0.015229
0.0 0.782621 0.628123 0.009227 0.015224
0.0 0.801674 0.604567 0.017597 0.012302
0.0 0.831940 0.607719 0.016867 0.012286
0.0 0.825925 0.606842 0.026764 0.018958
0.0 0.801945 0.569678 0.017597 0.004634
0.0 0.826221 0.570742 0.026764 0.006761
1.0 0.902637 0.636591 0.011723 0.028865
1.0 0.916756 0.637128 0.011297 0.022716
0.0 0.915826 0.620490 0.021131 0.015229
0.0 0.925192 0.628123 0.009227 0.015224
0.0 0.906139 0.604567 0.017597 0.012302
0.0 0.875872 0.607719 0.016867 0.012286
0.0 0.881887 0.606842 0.026764 0.018958
0.0 0.905868 0.569678 0.017597 0.004634
0.0 0.881592 0.570742 0.026764 0.006761
1.0 0.993400 0.637128 0.011297 0.022716
0.0 0.991883 0.620490 0.016235 0.015229
0.0 0.984964 0.628123 0.009227 0.015224
0.0 0.997610 0.604567 0.004781 0.012302
0.0 0.997745 0.569678 0.004510 0.004634
1.0 0.000831 0.767575 0.001662 0.028865
0.0 0.022565 0.796447 0.016867 0.012286
0.0 0.016550 0.797325 0.026764 0.018958
0.0 0.016846 0.833425 0.026764 0.006761
1.0 0.093262 0.767575 0.011723 0.028865
1.0 0.107381 0.767038 0.011297 0.022716
0.0 0.106451 0.783676 0.021131 0.015229
0.0 0.115817 0.776043 0.009227 0.015224
0.0 0.096764 0.799599 0.017597 0.012302
0.0 0.066497 0.796447 0.016867 0.012286
0.0 0.072512 0.797325 0.026764 0.018958
0.0 0.096493 0.834488 0.017597 0.004634
0.0 0.072217 0.833425 0.026764 0.006761
1.0 0.198144 0.767575 0.011723 0.028865
1.0 0.184025 0.767038 0.011297 0.022716
0.0 0.184956 0.783676 0.021131 0.015229
0.0 0.175589 0.776043 0.009227 0.015224
0.0 0.194643 0.799599 0.017597 0.012302
0.0 0.224909 0.796447 0.016867 0.012286
0.0 0.218894 0.797325 0.026764 0.018958
0.0 0.194913 0.834488 0.017597 0.004634
0.0 0.219189 0.833425 0.026764 0.006761
1.0 0.295606 0.767575 0.011723 0.028865
1.0 0.309725 0.767038 0.011297 0.022716
0.0 0.308794 0.783676 0.021131 0.015229
0.0 0.318161 0.776043 0.009227 0.015224
0.0 0.299107 0.799599 0.017597 0.012302
0.0 0.268841 0.796447 0.016867 0.012286
0.0 0.274856 0.797325 0.026764 0.018958
0.0 0.298837 0.834488 0.017597 0.004634
0.0 0.274561 0.833425 0.026764 0.006761
1.0 0.400488 0.767575 0.011723 0.028865
1.0 0.386369 0.767038 0.011297 0.022716
0.0 0.387299 0.783676 0.021131 0.015229
0.0 0.377933 0.776043 0.009227 0.015224
0.0 0.396986 0.799599 0.017597 0.012302
0.0 0.427253 0.796447 0.016867 0.012286
0.0 0.421238 0.797325 0.026764 0.018958
0.0 0.397257 0.834488 0.017597 0.004634
0.0 0.421533 0.833425 0.026764 0.006761
1.0 0.497949 0.767575 0.011723 0.028865
1.0 0.512068 0.767038 0.011297 0.022716
0.0 0.511138 0.783676 0.021131 0.015229
0.0 0.520504 0.776043 0.009227 0.015224
0.0 0.501451 0.799599 0.017597 0.012302
0.0 0.471185 0.796447 0.016867 0.012286
0.0 0.477200 0.797325 0.026764 0.018958
0.0 0.501180 0.834488 0.017597 0.004634
0.0 0.476904 0.833425 0.026764 0.006761
1.0 0.602832 0.767575 0.011723 0.028865
1.0 0.588713 0.767038 0.011297 0.022716
0.0 0.589643 0.783676 0.021131 0.015229
0.0 0.580277 0.776043 0.009227 0.015224
0.0 0.599330 0.799599 0.017597 0.012302
0.0 0.629597 0.796447 0.016867 0.012286
0.0 0.623582 0.797325 0.026764 0.018958
0.0 0.599601 0.834488 0.017597 0.004634
0.0 0.623877 0.833425 0.026764 0.006761
1.0 0.700293 0.767575 0.011723 0.028865
1.0 0.714412 0.767038 0.011297 0.022716
0.0 0.713482 0.783676 0.021131 0.015229
0.0 0.722848 0.776043 0.009227 0.015224
0.0 0.703795 0.799599 0.017597 0.012302
0.0 0.673528 0.796447 0.016867 0.012286
0.0 0.679543 0.797325 0.026764 0.018958
0.0 0.703524 0.834488 0.017597 0.004634
0.0 0.679248 0.833425 0.026764 0.006761
1.0 0.805176 0.767575 0.011723 0.028865
1.0 0.791057 0.767038 0.011297 0.022716
0.0 0.791987 0.783676 0.021131 0.015229
0.0 0.782621 0.776043 0.009227 0.015224
0.0 0.801674 0.799599 0.017597 0.012302
0.0 0.831940 0.796447 0.016867 0.012286
0.0 0.825925 0.797325 0.026764 0.018958
0.0 0.801945 0.834488 0.017597 0.004634
0.0 0.826221 0.833425 0.026764 0.006761
1.0 0.902637 0.767575 0.011723 0.028865
1.0 0.916756 0.767038 0.011297 0.022716
0.0 0.915826 0.783676 0.021131 0.015229
0.0 0.925192 0.776043 0.009227 0.015224
0.0 0.906139 0.799599 0.017597 0.012302
0.0 0.875872 0.796447 0.016867 0.012286
0.0 0.881887 0.797325 0.026764 0.018958
0.0 0.905868 0.834488 0.017597 0.004634
0.0 0.881592 0.833425 0.026764 0.006761
1.0 0.993400 0.767038 0.011297 0.022716
0.0 0.991883 0.783676 0.016235 0.015229
0.0 0.984964 0.776043 0.009227 0.015224
0.0 0.997610 0.799599 0.004781 0.012302
0.0 0.997745 0.834488 0.004510 0.004634
1.0 0.000831 0.906036 0.001662 0.028865
0.0 0.022565 0.877164 0.016867 0.012286
0.0 0.016550 0.876286 0.026764 0.018958
0.0 0.016846 0.840186 0.026764 0.006761
1.0 0.093262 0.906036 0.011723 0.028865
1.0 0.107381 0.906573 0.011297 0.022716
0.0 0.106451 0.889935 0.021131 0.015229
0.0 0.115817 0.897568 0.009227 0.015224
0.0 0.096764 0.874012 0.017597 0.012302
0.0 0.066497 0.877164 0.016867 0.012286
0.0 0.072512 0.876286 0.026764 0.018958
0.0 0.096493 0.839123 0.017597 0.004634
0.0 0.072217 0.840186 0.026764 0.006761
1.0 0.198144 0.906036 0.011723 0.028865
1.0 0.184025 0.906573 0.011297 0.022716
0.0 0.184956 0.889935 0.021131 0.015229
0.0 0.175589 0.897568 0.009227 0.015224
0.0 0.194643 0.874012 0.017597 0.012302
0.0 0.224909 0.877164 0.016867 0.012286
0.0 0.218894 0.876286 0.026764 0.018958
0.0 0.194913 0.839123 0.017597 0.004634
0.0 0.219189 0.840186 0.026764 0.006761
1.0 0.295606 0.906036 0.011723 0.028865
1.0 0.309725 0.906573 0.011297 0.022716
0.0 0.308794 0.889935 0.021131 0.015229
0.0 0.318161 0.897568 0.009227 0.015224
0.0 0.299107 0.874012 0.017597 0.012302
0.0 0.268841 0.877164 0.016867 0.012286
0.0 0.274856 0.876286 0.026764 0.018958
0.0 0.298837 0.839123 0.017597 0.004634
0.0 0.274561 0.840186 0.026764 0.006761
1.0 0.400488 0.906036 0.011723 0.028865
1.0 0.386369 0.906573 0.011297 0.022716
0.0 0.387299 0.889935 0.021131 0.015229
0.0 0.377933 0.897568 0.009227 0.015224
0.0 0.396986 0.874012 0.017597 0.012302
0.0 0.427253 0.877164 0.016867 0.012286
0.0 0.421238 0.876286 0.026764 0.018958
0.0 0.397257 0.839123 0.017597 0.004634
0.0 0.421533 0.840186 0.026764 0.006761
1.0 0.497949 0.906036 0.011723 0.028865
1.0 0.512068 0.906573 0.011297 0.022716
0.0 0.511138 0.889935 0.021131 0.015229
0.0 0.520504 0.897568 0.009227 0.015224
0.0 0.501451 0.874012 0.017597 0.012302
0.0 0.471185 0.877164 0.016867 0.012286
0.0 0.477200 0.876286 0.026764 0.018958
0.0 0.501180 0.839123 0.017597 0.004634
0.0 0.476904 0.840186 0.026764 0.006761
1.0 0.602832 0.906036 0.011723 0.028865
1.0 0.588713 0.906573 0.011297 0.022716
0.0 0.589643 0.889935 0.021131 0.015229
0.0 0.580277 0.897568 0.009227 0.015224
0.0 0.599330 0.874012 0.017597 0.012302
0.0 0.629597 0.877164 0.016867 0.012286
0.0 0.623582 0.876286 0.026764 0.018958
0.0 0.599601 0.839123 0.017597 0.004634
0.0 0.623877 0.840186 0.026764 0.006761
1.0 0.700293 0.906036 0.011723 0.028865
1.0 0.714412 0.906573 0.011297 0.022716
0.0 0.713482 0.889935 0.021131 0.015229
0.0 0.722848 0.897568 0.009227 0.015224
0.0 0.703795 0.874012 0.017597 0.012302
0.0 0.673528 0.877164 0.016867 0.012286
0.0 0.679543 0.876286 0.026764 0.018958
0.0 0.703524 0.839123 0.017597 0.004634
0.0 0.679248 0.840186 0.026764 0.006761
1.0 0.805176 0.906036 0.011723 0.028865
1.0 0.791057 0.906573 0.011297 0.022716
0.0 0.791987 0.889935 0.021131 0.015229
0.0 0.782621 0.897568 0.009227 0.015224
0.0 0.801674 0.874012 0.017597 0.012302
0.0 0.831940 0.877164 0.016867 0.012286
0.0 0.825925 0.876286 0.026764 0.018958
0.0 0.801945 0.839123 0.017597 0.004634
0.0 0.826221 0.840186 0.026764 0.006761
1.0 0.902637 0.906036 0.011723 0.028865
1.0 0.916756 0.906573 0.011297 0.022716
0.0 0.915826 0.889935 0.021131 0.015229
0.0 0.925192 0.897568 0.009227 0.015224
0.0 0.906139 0.874012 0.017597 0.012302
0.0 0.875872 0.877164 0.016867 0.012286
0.0 0.881887 0.876286 0.026764 0.018958
0.0 0.905868 0.839123 0.017597 0.004634
0.0 0.881592 0.840186 0.026764 0.006761
1.0 0.993400 0.906573 0.011297 0.022716
0.0 0.991883 0.889935 0.016235 0.015229
0.0 0.984964 0.897568 0.009227 0.015224
0.0 0.997610 0.874012 0.004781 0.012302
0.0 0.997745 0.839123 0.004510 0.004634
