0.0 0.099566 0.014236 0.075401 0.028472
0.0 0.191840 0.014236 0.075401 0.028472
0.0 0.301910 0.014236 0.075401 0.028472
0.0 0.394184 0.014236 0.075401 0.028472
0.0 0.504254 0.014236 0.075401 0.028472
0.0 0.596527 0.014236 0.075401 0.028472
0.0 0.706598 0.014236 0.075401 0.028472
0.0 0.798871 0.014236 0.075401 0.028472
0.0 0.908941 0.014236 0.075401 0.028472
0.0 0.981757 0.014236 0.036486 0.028472
0.0 0.013598 0.095833 0.027197 0.134722
0.0 0.099566 0.095833 0.075401 0.134722
0.0 0.191840 0.095833 0.075401 0.134722
0.0 0.301910 0.095833 0.075401 0.134722
0.0 0.394184 0.095833 0.075401 0.134722
0.0 0.504254 0.095833 0.075401 0.134722
0.0 0.596527 0.095833 0.075401 0.134722
0.0 0.706598 0.095833 0.075401 0.134722
0.0 0.798871 0.095833 0.075401 0.134722
0.0 0.908941 0.095833 0.075401 0.134722
0.0 0.981757 0.095833 0.036486 0.134722
0.0 0.013598 0.230556 0.027197 0.134722
0.0 0.099566 0.230556 0.075401 0.134722
0.0 0.191840 0.230556 0.075401 0.134722
0.0 0.301910 0.230556 0.075401 0.134722
0.0 0.394184 0.230556 0.075401 0.134722
0.0 0.504254 0.230556 0.075401 0.134722
0.0 0.596527 0.230556 0.075401 0.134722
0.0 0.706598 0.230556 0.075401 0.134722
0.0 0.798871 0.230556 0.075401 0.134722
0.0 0.908941 0.230556 0.075401 0.134722
0.0 0.981757 0.230556 0.036486 0.134722
0.0 0.013598 0.365278 0.027197 0.134722
0.0 0.099566 0.365278 0.075401 0.134722
0.0 0.191840 0.365278 0.075401 0.134722
0.0 0.301910 0.365278 0.075401 0.134722
0.0 0.394184 0.365278 0.075401 0.134722
0.0 0.504254 0.365278 0.075401 0.134722
0.0 0.596527 0.365278 0.075401 0.134722
0.0 0.706598 0.365278 0.075401 0.134722
0.0 0.798871 0.365278 0.075401 0.134722
0.0 0.908941 0.365278 0.075401 0.134722
0.0 0.981757 0.365278 0.036486 0.134722
0.0 0.013598 0.500000 0.027197 0.134722
0.0 0.099566 0.500000 0.075401 0.134722
0.0 0.191840 0.500000 0.075401 0.134722
0.0 0.301910 0.500000 0.075401 0.134722
0.0 0.394184 0.500000 0.075401 0.134722
0.0 0.504254 0.500000 0.075401 0.134722
0.0 0.596527 0.500000 0.075401 0.134722
0.0 0.706598 0.500000 0.075401 0.134722
0.0 0.798871 0.500000 0.075401 0.134722
0.0 0.908941 0.500000 0.075401 0.134722
0.0 0.981757 0.500000 0.036486 0.134722
0.0 0.013598 0.634722 0.027197 0.134722
0.0 0.099566 0.634722 0.075401 0.134722
0.0 0.191840 0.634722 0.075401 0.134722
0.0 0.301910 0.634722 0.075401 0.134722
0.0 0.394184 0.634722 0.075401 0.134722
0.0 0.504254 0.634722 0.075401 0.134722
0.0 0.596527 0.634722 0.075401 0.134722
0.0 0.706598 0.634722 0.075401 0.134722
0.0 0.798871 0.634722 0.075401 0.134722
0.0 0.908941 0.634722 0.075401 0.134722
0.0 0.981757 0.634722 0.036486 0.134722
0.0 0.013598 0.769444 0.027197 0.134722
0.0 0.099566 0.769444 0.075401 0.134722
0.0 0.191840 0.769444 0.075401 0.134722
0.0 0.301910 0.769444 0.075401 0.134722
0.0 0.394184 0.769444 0.075401 0.134722
0.0 0.504254 0.769444 0.075401 0.134722
0.0 0.596527 0.769444 0.075401 0.134722
0.0 0.706598 0.769444 0.075401 0.134722
0.0 0.798871 0.769444 0.075401 0.134722
0.0 0.908941 0.769444 0.075401 0.134722
0.0 0.981757 0.769444 0.036486 0.134722
0.0 0.013598 0.904167 0.027197 0.134722
0.0 0.099566 0.904167 0.075401 0.134722
0.0 0.191840 0.904167 0.075401 0.134722
0.0 0.301910 0.904167 0.075401 0.134722
0.0 0.394184 0.904167 0.075401 0.134722
0.0 0.504254 0.904167 0.075401 0.134722
0.0 0.596527 0.904167 0.075401 0.134722
0.0 0.706598 0.904167 0.075401 0.134722
0.0 0.798871 0.904167 0.075401 0.134722
0.0 0.908941 0.904167 0.075401 0.134722
0.0 0.981757 0.904167 0.036486 0.134722
0.0 0.099566 0.985764 0.075401 0.028472
0.0 0.191840 0.985764 0.075401 0.028472
0.0 0.301910 0.985764 0.075401 0.028472
0.0 0.394184 0.985764 0.075401 0.028472
0.0 0.504254 0.985764 0.075401 0.028472
0.0 0.596527 0.985764 0.075401 0.028472
0.0 0.706598 0.985764 0.075401 0.028472
0.0 0.798871 0.985764 0.075401 0.028472
0.0 0.908941 0.985764 0.075401 0.028472
0.0 0.981757 0.985764 0.036486 0.028472
