0.0 0.016859 0.119570 0.033718 0.067873
0.0 0.084248 0.119570 0.057807 0.067873
0.0 0.207158 0.119570 0.057807 0.067873
0.0 0.286592 0.119570 0.057807 0.067873
0.0 0.409502 0.119570 0.057807 0.067873
0.0 0.488935 0.119570 0.057807 0.067873
0.0 0.611846 0.119570 0.057807 0.067873
0.0 0.691279 0.119570 0.057807 0.067873
0.0 0.814190 0.119570 0.057807 0.067873
0.0 0.893623 0.119570 0.057807 0.067873
0.0 0.993815 0.119570 0.012370 0.067873
0.0 0.016859 0.206819 0.033718 0.067873
0.0 0.084248 0.206819 0.057807 0.067873
0.0 0.207158 0.206819 0.057807 0.067873
0.0 0.286592 0.206819 0.057807 0.067873
0.0 0.409502 0.206819 0.057807 0.067873
0.0 0.488935 0.206819 0.057807 0.067873
0.0 0.611846 0.206819 0.057807 0.067873
0.0 0.691279 0.206819 0.057807 0.067873
0.0 0.814190 0.206819 0.057807 0.067873
0.0 0.893623 0.206819 0.057807 0.067873
0.0 0.993815 0.206819 0.012370 0.067873
0.0 0.016859 0.389014 0.033718 0.067873
0.0 0.084248 0.389014 0.057807 0.067873
0.0 0.207158 0.389014 0.057807 0.067873
0.0 0.286592 0.389014 0.057807 0.067873
0.0 0.409502 0.389014 0.057807 0.067873
0.0 0.488935 0.389014 0.057807 0.067873
0.0 0.611846 0.389014 0.057807 0.067873
0.0 0.691279 0.389014 0.057807 0.067873
0.0 0.814190 0.389014 0.057807 0.067873
0.0 0.893623 0.389014 0.057807 0.067873
0.0 0.993815 0.389014 0.012370 0.067873
0.0 0.016859 0.476263 0.033718 0.067873
0.0 0.084248 0.476263 0.057807 0.067873
0.0 0.207158 0.476263 0.057807 0.067873
0.0 0.286592 0.476263 0.057807 0.067873
0.0 0.409502 0.476263 0.057807 0.067873
0.0 0.488935 0.476263 0.057807 0.067873
0.0 0.611846 0.476263 0.057807 0.067873
0.0 0.691279 0.476263 0.057807 0.067873
0.0 0.814190 0.476263 0.057807 0.067873
0.0 0.893623 0.476263 0.057807 0.067873
0.0 0.993815 0.476263 0.012370 0.067873
0.0 0.016859 0.658459 0.033718 0.067873
0.0 0.084248 0.658459 0.057807 0.067873
0.0 0.207158 0.658459 0.057807 0.067873
0.0 0.286592 0.658459 0.057807 0.067873
0.0 0.409502 0.658459 0.057807 0.067873
0.0 0.488935 0.658459 0.057807 0.067873
0.0 0.611846 0.658459 0.057807 0.067873
0.0 0.691279 0.658459 0.057807 0.067873
0.0 0.814190 0.658459 0.057807 0.067873
0.0 0.893623 0.658459 0.057807 0.067873
0.0 0.993815 0.658459 0.012370 0.067873
0.0 0.016859 0.745708 0.033718 0.067873
0.0 0.084248 0.745708 0.057807 0.067873
0.0 0.207158 0.745708 0.057807 0.067873
0.0 0.286592 0.745708 0.057807 0.067873
0.0 0.409502 0.745708 0.057807 0.067873
0.0 0.488935 0.745708 0.057807 0.067873
0.0 0.611846 0.745708 0.057807 0.067873
0.0 0.691279 0.745708 0.057807 0.067873
0.0 0.814190 0.745708 0.057807 0.067873
0.0 0.893623 0.745708 0.057807 0.067873
0.0 0.993815 0.745708 0.012370 0.067873
0.0 0.016859 0.927903 0.033718 0.067873
0.0 0.084248 0.927903 0.057807 0.067873
0.0 0.207158 0.927903 0.057807 0.067873
0.0 0.286592 0.927903 0.057807 0.067873
0.0 0.409502 0.927903 0.057807 0.067873
0.0 0.488935 0.927903 0.057807 0.067873
0.0 0.611846 0.927903 0.057807 0.067873
0.0 0.691279 0.927903 0.057807 0.067873
0.0 0.814190 0.927903 0.057807 0.067873
0.0 0.893623 0.927903 0.057807 0.067873
0.0 0.993815 0.927903 0.012370 0.067873
0.0 0.016859 0.990608 0.033718 0.018784
0.0 0.084248 0.990608 0.057807 0.018784
0.0 0.207158 0.990608 0.057807 0.018784
0.0 0.286592 0.990608 0.057807 0.018784
0.0 0.409502 0.990608 0.057807 0.018784
0.0 0.488935 0.990608 0.057807 0.018784
0.0 0.611846 0.990608 0.057807 0.018784
0.0 0.691279 0.990608 0.057807 0.018784
0.0 0.814190 0.990608 0.057807 0.018784
0.0 0.893623 0.990608 0.057807 0.018784
