0.0 0.026151 0.065255 0.034677 0.053606
0.0 0.044661 0.037731 0.026823 0.041204
0.0 0.096766 0.065255 0.034677 0.053606
0.0 0.078255 0.037731 0.026823 0.041204
0.0 0.161047 0.065255 0.034677 0.053606
0.0 0.179557 0.037731 0.026823 0.041204
0.0 0.231661 0.065255 0.034677 0.053606
0.0 0.213151 0.037731 0.026823 0.041204
0.0 0.295943 0.065255 0.034677 0.053606
0.0 0.314453 0.037731 0.026823 0.041204
0.0 0.366557 0.065255 0.034677 0.053606
0.0 0.348047 0.037731 0.026823 0.041204
0.0 0.430839 0.065255 0.034677 0.053606
0.0 0.449349 0.037731 0.026823 0.041204
0.0 0.501453 0.065255 0.034677 0.053606
0.0 0.482943 0.037731 0.026823 0.041204
0.0 0.565734 0.065255 0.034677 0.053606
0.0 0.584245 0.037731 0.026823 0.041204
0.0 0.636349 0.065255 0.034677 0.053606
0.0 0.617839 0.037731 0.026823 0.041204
0.0 0.700630 0.065255 0.034677 0.053606
0.0 0.719141 0.037731 0.026823 0.041204
0.0 0.771245 0.065255 0.034677 0.053606
0.0 0.752734 0.037731 0.026823 0.041204
0.0 0.835526 0.065255 0.034677 0.053606
0.0 0.854036 0.037731 0.026823 0.041204
0.0 0.906141 0.065255 0.034677 0.053606
0.0 0.887630 0.037731 0.026823 0.041204
0.0 0.970422 0.065255 0.034677 0.053606
0.0 0.987760 0.037731 0.024479 0.041204
0.0 0.026151 0.126412 0.034677 0.053606
0.0 0.044661 0.153935 0.026823 0.041204
0.0 0.096766 0.126412 0.034677 0.053606
0.0 0.078255 0.153935 0.026823 0.041204
0.0 0.161047 0.126412 0.034677 0.053606
0.0 0.179557 0.153935 0.026823 0.041204
0.0 0.231661 0.126412 0.034677 0.053606
0.0 0.213151 0.153935 0.026823 0.041204
0.0 0.295943 0.126412 0.034677 0.053606
0.0 0.314453 0.153935 0.026823 0.041204
0.0 0.366557 0.126412 0.034677 0.053606
0.0 0.348047 0.153935 0.026823 0.041204
0.0 0.430839 0.126412 0.034677 0.053606
0.0 0.449349 0.153935 0.026823 0.041204
0.0 0.501453 0.126412 0.034677 0.053606
0.0 0.482943 0.153935 0.026823 0.041204
0.0 0.565734 0.126412 0.034677 0.053606
0.0 0.584245 0.153935 0.026823 0.041204
0.0 0.636349 0.126412 0.034677 0.053606
0.0 0.617839 0.153935 0.026823 0.041204
0.0 0.700630 0.126412 0.034677 0.053606
0.0 0.719141 0.153935 0.026823 0.041204
0.0 0.771245 0.126412 0.034677 0.053606
0.0 0.752734 0.153935 0.026823 0.041204
0.0 0.835526 0.126412 0.034677 0.053606
0.0 0.854036 0.153935 0.026823 0.041204
0.0 0.906141 0.126412 0.034677 0.053606
0.0 0.887630 0.153935 0.026823 0.041204
0.0 0.970422 0.126412 0.034677 0.053606
0.0 0.987760 0.153935 0.024479 0.041204
0.0 0.026151 0.244884 0.034677 0.053606
0.0 0.044661 0.217361 0.026823 0.041204
0.0 0.096766 0.244884 0.034677 0.053606
0.0 0.078255 0.217361 0.026823 0.041204
0.0 0.161047 0.244884 0.034677 0.053606
0.0 0.179557 0.217361 0.026823 0.041204
0.0 0.231661 0.244884 0.034677 0.053606
0.0 0.213151 0.217361 0.026823 0.041204
0.0 0.295943 0.244884 0.034677 0.053606
0.0 0.314453 0.217361 0.026823 0.041204
0.0 0.366557 0.244884 0.034677 0.053606
0.0 0.348047 0.217361 0.026823 0.041204
0.0 0.430839 0.244884 0.034677 0.053606
0.0 0.449349 0.217361 0.026823 0.041204
0.0 0.501453 0.244884 0.034677 0.053606
0.0 0.482943 0.217361 0.026823 0.041204
0.0 0.565734 0.244884 0.034677 0.053606
0.0 0.584245 0.217361 0.026823 0.041204
0.0 0.636349 0.244884 0.034677 0.053606
0.0 0.617839 0.217361 0.026823 0.041204
0.0 0.700630 0.244884 0.034677 0.053606
0.0 0.719141 0.217361 0.026823 0.041204
0.0 0.771245 0.244884 0.034677 0.053606
0.0 0.752734 0.217361 0.026823 0.041204
0.0 0.835526 0.244884 0.034677 0.053606
0.0 0.854036 0.217361 0.026823 0.041204
0.0 0.906141 0.244884 0.034677 0.053606
0.0 0.887630 0.217361 0.026823 0.041204
0.0 0.970422 0.244884 0.034677 0.053606
0.0 0.987760 0.217361 0.024479 0.041204
0.0 0.026151 0.306042 0.034677 0.053606
0.0 0.044661 0.333565 0.026823 0.041204
0.0 0.096766 0.306042 0.034677 0.053606
0.0 0.078255 0.333565 0.026823 0.041204
0.0 0.161047 0.306042 0.034677 0.053606
0.0 0.179557 0.333565 0.026823 0.041204
0.0 0.231661 0.306042 0.034677 0.053606
0.0 0.213151 0.333565 0.026823 0.041204
0.0 0.295943 0.306042 0.034677 0.053606
0.0 0.314453 0.333565 0.026823 0.041204
0.0 0.366557 0.306042 0.034677 0.053606
0.0 0.348047 0.333565 0.026823 0.041204
0.0 0.430839 0.306042 0.034677 0.053606
0.0 0.449349 0.333565 0.026823 0.041204
0.0 0.501453 0.306042 0.034677 0.053606
0.0 0.482943 0.333565 0.026823 0.041204
0.0 0.565734 0.306042 0.034677 0.053606
0.0 0.584245 0.333565 0.026823 0.041204
0.0 0.636349 0.306042 0.034677 0.053606
0.0 0.617839 0.333565 0.026823 0.041204
0.0 0.700630 0.306042 0.034677 0.053606
0.0 0.719141 0.333565 0.026823 0.041204
0.0 0.771245 0.306042 0.034677 0.053606
0.0 0.752734 0.333565 0.026823 0.041204
0.0 0.835526 0.306042 0.034677 0.053606
0.0 0.854036 0.333565 0.026823 0.041204
0.0 0.906141 0.306042 0.034677 0.053606
0.0 0.887630 0.333565 0.026823 0.041204
0.0 0.970422 0.306042 0.034677 0.053606
0.0 0.987760 0.333565 0.024479 0.041204
0.0 0.026151 0.424514 0.034677 0.053606
0.0 0.044661 0.396991 0.026823 0.041204
0.0 0.096766 0.424514 0.034677 0.053606
0.0 0.078255 0.396991 0.026823 0.041204
0.0 0.161047 0.424514 0.034677 0.053606
0.0 0.179557 0.396991 0.026823 0.041204
0.0 0.231661 0.424514 0.034677 0.053606
0.0 0.213151 0.396991 0.026823 0.041204
0.0 0.295943 0.424514 0.034677 0.053606
0.0 0.314453 0.396991 0.026823 0.041204
0.0 0.366557 0.424514 0.034677 0.053606
0.0 0.348047 0.396991 0.026823 0.041204
0.0 0.430839 0.424514 0.034677 0.053606
0.0 0.449349 0.396991 0.026823 0.041204
0.0 0.501453 0.424514 0.034677 0.053606
0.0 0.482943 0.396991 0.026823 0.041204
0.0 0.565734 0.424514 0.034677 0.053606
0.0 0.584245 0.396991 0.026823 0.041204
0.0 0.636349 0.424514 0.034677 0.053606
0.0 0.617839 0.396991 0.026823 0.041204
0.0 0.700630 0.424514 0.034677 0.053606
0.0 0.719141 0.396991 0.026823 0.041204
0.0 0.771245 0.424514 0.034677 0.053606
0.0 0.752734 0.396991 0.026823 0.041204
0.0 0.835526 0.424514 0.034677 0.053606
0.0 0.854036 0.396991 0.026823 0.041204
0.0 0.906141 0.424514 0.034677 0.053606
0.0 0.887630 0.396991 0.026823 0.041204
0.0 0.970422 0.424514 0.034677 0.053606
0.0 0.987760 0.396991 0.024479 0.041204
0.0 0.026151 0.485671 0.034677 0.053606
0.0 0.044661 0.513194 0.026823 0.041204
0.0 0.096766 0.485671 0.034677 0.053606
0.0 0.078255 0.513194 0.026823 0.041204
0.0 0.161047 0.485671 0.034677 0.053606
0.0 0.179557 0.513194 0.026823 0.041204
0.0 0.231661 0.485671 0.034677 0.053606
0.0 0.213151 0.513194 0.026823 0.041204
0.0 0.295943 0.485671 0.034677 0.053606
0.0 0.314453 0.513194 0.026823 0.041204
0.0 0.366557 0.485671 0.034677 0.053606
0.0 0.348047 0.513194 0.026823 0.041204
0.0 0.430839 0.485671 0.034677 0.053606
0.0 0.449349 0.513194 0.026823 0.041204
0.0 0.501453 0.485671 0.034677 0.053606
0.0 0.482943 0.513194 0.026823 0.041204
0.0 0.565734 0.485671 0.034677 0.053606
0.0 0.584245 0.513194 0.026823 0.041204
0.0 0.636349 0.485671 0.034677 0.053606
0.0 0.617839 0.513194 0.026823 0.041204
0.0 0.700630 0.485671 0.034677 0.053606
0.0 0.719141 0.513194 0.026823 0.041204
0.0 0.771245 0.485671 0.034677 0.053606
0.0 0.752734 0.513194 0.026823 0.041204
0.0 0.835526 0.485671 0.034677 0.053606
0.0 0.854036 0.513194 0.026823 0.041204
0.0 0.906141 0.485671 0.034677 0.053606
0.0 0.887630 0.513194 0.026823 0.041204
0.0 0.970422 0.485671 0.034677 0.053606
0.0 0.987760 0.513194 0.024479 0.041204
0.0 0.026151 0.604144 0.034677 0.053606
0.0 0.044661 0.576620 0.026823 0.041204
0.0 0.096766 0.604144 0.034677 0.053606
0.0 0.078255 0.576620 0.026823 0.041204
0.0 0.161047 0.604144 0.034677 0.053606
0.0 0.179557 0.576620 0.026823 0.041204
0.0 0.231661 0.604144 0.034677 0.053606
0.0 0.213151 0.576620 0.026823 0.041204
0.0 0.295943 0.604144 0.034677 0.053606
0.0 0.314453 0.576620 0.026823 0.041204
0.0 0.366557 0.604144 0.034677 0.053606
0.0 0.348047 0.576620 0.026823 0.041204
0.0 0.430839 0.604144 0.034677 0.053606
0.0 0.449349 0.576620 0.026823 0.041204
0.0 0.501453 0.604144 0.034677 0.053606
0.0 0.482943 0.576620 0.026823 0.041204
0.0 0.565734 0.604144 0.034677 0.053606
0.0 0.584245 0.576620 0.026823 0.041204
0.0 0.636349 0.604144 0.034677 0.053606
0.0 0.617839 0.576620 0.026823 0.041204
0.0 0.700630 0.604144 0.034677 0.053606
0.0 0.719141 0.576620 0.026823 0.041204
0.0 0.771245 0.604144 0.034677 0.053606
0.0 0.752734 0.576620 0.026823 0.041204
0.0 0.835526 0.604144 0.034677 0.053606
0.0 0.854036 0.576620 0.026823 0.041204
0.0 0.906141 0.604144 0.034677 0.053606
0.0 0.887630 0.576620 0.026823 0.041204
0.0 0.970422 0.604144 0.034677 0.053606
0.0 0.987760 0.576620 0.024479 0.041204
0.0 0.026151 0.665301 0.034677 0.053606
0.0 0.044661 0.692824 0.026823 0.041204
0.0 0.096766 0.665301 0.034677 0.053606
0.0 0.078255 0.692824 0.026823 0.041204
0.0 0.161047 0.665301 0.034677 0.053606
0.0 0.179557 0.692824 0.026823 0.041204
0.0 0.231661 0.665301 0.034677 0.053606
0.0 0.213151 0.692824 0.026823 0.041204
0.0 0.295943 0.665301 0.034677 0.053606
0.0 0.314453 0.692824 0.026823 0.041204
0.0 0.366557 0.665301 0.034677 0.053606
0.0 0.348047 0.692824 0.026823 0.041204
0.0 0.430839 0.665301 0.034677 0.053606
0.0 0.449349 0.692824 0.026823 0.041204
0.0 0.501453 0.665301 0.034677 0.053606
0.0 0.482943 0.692824 0.026823 0.041204
0.0 0.565734 0.665301 0.034677 0.053606
0.0 0.584245 0.692824 0.026823 0.041204
0.0 0.636349 0.665301 0.034677 0.053606
0.0 0.617839 0.692824 0.026823 0.041204
0.0 0.700630 0.665301 0.034677 0.053606
0.0 0.719141 0.692824 0.026823 0.041204
0.0 0.771245 0.665301 0.034677 0.053606
0.0 0.752734 0.692824 0.026823 0.041204
0.0 0.835526 0.665301 0.034677 0.053606
0.0 0.854036 0.692824 0.026823 0.041204
0.0 0.906141 0.665301 0.034677 0.053606
0.0 0.887630 0.692824 0.026823 0.041204
0.0 0.970422 0.665301 0.034677 0.053606
0.0 0.987760 0.692824 0.024479 0.041204
0.0 0.026151 0.783773 0.034677 0.053606
0.0 0.044661 0.756250 0.026823 0.041204
0.0 0.096766 0.783773 0.034677 0.053606
0.0 0.078255 0.756250 0.026823 0.041204
0.0 0.161047 0.783773 0.034677 0.053606
0.0 0.179557 0.756250 0.026823 0.041204
0.0 0.231661 0.783773 0.034677 0.053606
0.0 0.213151 0.756250 0.026823 0.041204
0.0 0.295943 0.783773 0.034677 0.053606
0.0 0.314453 0.756250 0.026823 0.041204
0.0 0.366557 0.783773 0.034677 0.053606
0.0 0.348047 0.756250 0.026823 0.041204
0.0 0.430839 0.783773 0.034677 0.053606
0.0 0.449349 0.756250 0.026823 0.041204
0.0 0.501453 0.783773 0.034677 0.053606
0.0 0.482943 0.756250 0.026823 0.041204
0.0 0.565734 0.783773 0.034677 0.053606
0.0 0.584245 0.756250 0.026823 0.041204
0.0 0.636349 0.783773 0.034677 0.053606
0.0 0.617839 0.756250 0.026823 0.041204
0.0 0.700630 0.783773 0.034677 0.053606
0.0 0.719141 0.756250 0.026823 0.041204
0.0 0.771245 0.783773 0.034677 0.053606
0.0 0.752734 0.756250 0.026823 0.041204
0.0 0.835526 0.783773 0.034677 0.053606
0.0 0.854036 0.756250 0.026823 0.041204
0.0 0.906141 0.783773 0.034677 0.053606
0.0 0.887630 0.756250 0.026823 0.041204
0.0 0.970422 0.783773 0.034677 0.053606
0.0 0.987760 0.756250 0.024479 0.041204
0.0 0.026151 0.844931 0.034677 0.053606
0.0 0.044661 0.872454 0.026823 0.041204
0.0 0.096766 0.844931 0.034677 0.053606
0.0 0.078255 0.872454 0.026823 0.041204
0.0 0.161047 0.844931 0.034677 0.053606
0.0 0.179557 0.872454 0.026823 0.041204
0.0 0.231661 0.844931 0.034677 0.053606
0.0 0.213151 0.872454 0.026823 0.041204
0.0 0.295943 0.844931 0.034677 0.053606
0.0 0.314453 0.872454 0.026823 0.041204
0.0 0.366557 0.844931 0.034677 0.053606
0.0 0.348047 0.872454 0.026823 0.041204
0.0 0.430839 0.844931 0.034677 0.053606
0.0 0.449349 0.872454 0.026823 0.041204
0.0 0.501453 0.844931 0.034677 0.053606
0.0 0.482943 0.872454 0.026823 0.041204
0.0 0.565734 0.844931 0.034677 0.053606
0.0 0.584245 0.872454 0.026823 0.041204
0.0 0.636349 0.844931 0.034677 0.053606
0.0 0.617839 0.872454 0.026823 0.041204
0.0 0.700630 0.844931 0.034677 0.053606
0.0 0.719141 0.872454 0.026823 0.041204
0.0 0.771245 0.844931 0.034677 0.053606
0.0 0.752734 0.872454 0.026823 0.041204
0.0 0.835526 0.844931 0.034677 0.053606
0.0 0.854036 0.872454 0.026823 0.041204
0.0 0.906141 0.844931 0.034677 0.053606
0.0 0.887630 0.872454 0.026823 0.041204
0.0 0.970422 0.844931 0.034677 0.053606
0.0 0.987760 0.872454 0.024479 0.041204
0.0 0.026151 0.963403 0.034677 0.053606
0.0 0.044661 0.935880 0.026823 0.041204
0.0 0.096766 0.963403 0.034677 0.053606
0.0 0.078255 0.935880 0.026823 0.041204
0.0 0.161047 0.963403 0.034677 0.053606
0.0 0.179557 0.935880 0.026823 0.041204
0.0 0.231661 0.963403 0.034677 0.053606
0.0 0.213151 0.935880 0.026823 0.041204
0.0 0.295943 0.963403 0.034677 0.053606
0.0 0.314453 0.935880 0.026823 0.041204
0.0 0.366557 0.963403 0.034677 0.053606
0.0 0.348047 0.935880 0.026823 0.041204
0.0 0.430839 0.963403 0.034677 0.053606
0.0 0.449349 0.935880 0.026823 0.041204
0.0 0.501453 0.963403 0.034677 0.053606
0.0 0.482943 0.935880 0.026823 0.041204
0.0 0.565734 0.963403 0.034677 0.053606
0.0 0.584245 0.935880 0.026823 0.041204
0.0 0.636349 0.963403 0.034677 0.053606
0.0 0.617839 0.935880 0.026823 0.041204
0.0 0.700630 0.963403 0.034677 0.053606
0.0 0.719141 0.935880 0.026823 0.041204
0.0 0.771245 0.963403 0.034677 0.053606
0.0 0.752734 0.935880 0.026823 0.041204
0.0 0.835526 0.963403 0.034677 0.053606
0.0 0.854036 0.935880 0.026823 0.041204
0.0 0.906141 0.963403 0.034677 0.053606
0.0 0.887630 0.935880 0.026823 0.041204
0.0 0.970422 0.963403 0.034677 0.053606
0.0 0.987760 0.935880 0.024479 0.041204
