0.0 0.041193 0.067509 0.040365 0.054458
0.0 0.081724 0.067509 0.040365 0.054458
0.0 0.176089 0.067509 0.040365 0.054458
0.0 0.216620 0.067509 0.040365 0.054458
0.0 0.310984 0.067509 0.040365 0.054458
0.0 0.351516 0.067509 0.040365 0.054458
0.0 0.445880 0.067509 0.040365 0.054458
0.0 0.486411 0.067509 0.040365 0.054458
0.0 0.580776 0.067509 0.040365 0.054458
0.0 0.621307 0.067509 0.040365 0.054458
0.0 0.715672 0.067509 0.040365 0.054458
0.0 0.756203 0.067509 0.040365 0.054458
0.0 0.850568 0.067509 0.040365 0.054458
0.0 0.891099 0.067509 0.040365 0.054458
0.0 0.982641 0.067509 0.034719 0.054458
0.0 0.041193 0.124157 0.040365 0.054458
0.0 0.081724 0.124157 0.040365 0.054458
0.0 0.176089 0.124157 0.040365 0.054458
0.0 0.216620 0.124157 0.040365 0.054458
0.0 0.310984 0.124157 0.040365 0.054458
0.0 0.351516 0.124157 0.040365 0.054458
0.0 0.445880 0.124157 0.040365 0.054458
0.0 0.486411 0.124157 0.040365 0.054458
0.0 0.580776 0.124157 0.040365 0.054458
0.0 0.621307 0.124157 0.040365 0.054458
0.0 0.715672 0.124157 0.040365 0.054458
0.0 0.756203 0.124157 0.040365 0.054458
0.0 0.850568 0.124157 0.040365 0.054458
0.0 0.891099 0.124157 0.040365 0.054458
0.0 0.982641 0.124157 0.034719 0.054458
0.0 0.041193 0.247139 0.040365 0.054458
0.0 0.081724 0.247139 0.040365 0.054458
0.0 0.176089 0.247139 0.040365 0.054458
0.0 0.216620 0.247139 0.040365 0.054458
0.0 0.310984 0.247139 0.040365 0.054458
0.0 0.351516 0.247139 0.040365 0.054458
0.0 0.445880 0.247139 0.040365 0.054458
0.0 0.486411 0.247139 0.040365 0.054458
0.0 0.580776 0.247139 0.040365 0.054458
0.0 0.621307 0.247139 0.040365 0.054458
0.0 0.715672 0.247139 0.040365 0.054458
0.0 0.756203 0.247139 0.040365 0.054458
0.0 0.850568 0.247139 0.040365 0.054458
0.0 0.891099 0.247139 0.040365 0.054458
0.0 0.982641 0.247139 0.034719 0.054458
0.0 0.041193 0.303787 0.040365 0.054458
0.0 0.081724 0.303787 0.040365 0.054458
0.0 0.176089 0.303787 0.040365 0.054458
0.0 0.216620 0.303787 0.040365 0.054458
0.0 0.310984 0.303787 0.040365 0.054458
0.0 0.351516 0.303787 0.040365 0.054458
0.0 0.445880 0.303787 0.040365 0.054458
0.0 0.486411 0.303787 0.040365 0.054458
0.0 0.580776 0.303787 0.040365 0.054458
0.0 0.621307 0.303787 0.040365 0.054458
0.0 0.715672 0.303787 0.040365 0.054458
0.0 0.756203 0.303787 0.040365 0.054458
0.0 0.850568 0.303787 0.040365 0.054458
0.0 0.891099 0.303787 0.040365 0.054458
0.0 0.982641 0.303787 0.034719 0.054458
0.0 0.041193 0.426769 0.040365 0.054458
0.0 0.081724 0.426769 0.040365 0.054458
0.0 0.176089 0.426769 0.040365 0.054458
0.0 0.216620 0.426769 0.040365 0.054458
0.0 0.310984 0.426769 0.040365 0.054458
0.0 0.351516 0.426769 0.040365 0.054458
0.0 0.445880 0.426769 0.040365 0.054458
0.0 0.486411 0.426769 0.040365 0.054458
0.0 0.580776 0.426769 0.040365 0.054458
0.0 0.621307 0.426769 0.040365 0.054458
0.0 0.715672 0.426769 0.040365 0.054458
0.0 0.756203 0.426769 0.040365 0.054458
0.0 0.850568 0.426769 0.040365 0.054458
0.0 0.891099 0.426769 0.040365 0.054458
0.0 0.982641 0.426769 0.034719 0.054458
0.0 0.041193 0.483417 0.040365 0.054458
0.0 0.081724 0.483417 0.040365 0.054458
0.0 0.176089 0.483417 0.040365 0.054458
0.0 0.216620 0.483417 0.040365 0.054458
0.0 0.310984 0.483417 0.040365 0.054458
0.0 0.351516 0.483417 0.040365 0.054458
0.0 0.445880 0.483417 0.040365 0.054458
0.0 0.486411 0.483417 0.040365 0.054458
0.0 0.580776 0.483417 0.040365 0.054458
0.0 0.621307 0.483417 0.040365 0.054458
0.0 0.715672 0.483417 0.040365 0.054458
0.0 0.756203 0.483417 0.040365 0.054458
0.0 0.850568 0.483417 0.040365 0.054458
0.0 0.891099 0.483417 0.040365 0.054458
0.0 0.982641 0.483417 0.034719 0.054458
0.0 0.041193 0.606398 0.040365 0.054458
0.0 0.081724 0.606398 0.040365 0.054458
0.0 0.176089 0.606398 0.040365 0.054458
0.0 0.216620 0.606398 0.040365 0.054458
0.0 0.310984 0.606398 0.040365 0.054458
0.0 0.351516 0.606398 0.040365 0.054458
0.0 0.445880 0.606398 0.040365 0.054458
0.0 0.486411 0.606398 0.040365 0.054458
0.0 0.580776 0.606398 0.040365 0.054458
0.0 0.621307 0.606398 0.040365 0.054458
0.0 0.715672 0.606398 0.040365 0.054458
0.0 0.756203 0.606398 0.040365 0.054458
0.0 0.850568 0.606398 0.040365 0.054458
0.0 0.891099 0.606398 0.040365 0.054458
0.0 0.982641 0.606398 0.034719 0.054458
0.0 0.041193 0.663046 0.040365 0.054458
0.0 0.081724 0.663046 0.040365 0.054458
0.0 0.176089 0.663046 0.040365 0.054458
0.0 0.216620 0.663046 0.040365 0.054458
0.0 0.310984 0.663046 0.040365 0.054458
0.0 0.351516 0.663046 0.040365 0.054458
0.0 0.445880 0.663046 0.040365 0.054458
0.0 0.486411 0.663046 0.040365 0.054458
0.0 0.580776 0.663046 0.040365 0.054458
0.0 0.621307 0.663046 0.040365 0.054458
0.0 0.715672 0.663046 0.040365 0.054458
0.0 0.756203 0.663046 0.040365 0.054458
0.0 0.850568 0.663046 0.040365 0.054458
0.0 0.891099 0.663046 0.040365 0.054458
0.0 0.982641 0.663046 0.034719 0.054458
0.0 0.041193 0.786028 0.040365 0.054458
0.0 0.081724 0.786028 0.040365 0.054458
0.0 0.176089 0.786028 0.040365 0.054458
0.0 0.216620 0.786028 0.040365 0.054458
0.0 0.310984 0.786028 0.040365 0.054458
0.0 0.351516 0.786028 0.040365 0.054458
0.0 0.445880 0.786028 0.040365 0.054458
0.0 0.486411 0.786028 0.040365 0.054458
0.0 0.580776 0.786028 0.040365 0.054458
0.0 0.621307 0.786028 0.040365 0.054458
0.0 0.715672 0.786028 0.040365 0.054458
0.0 0.756203 0.786028 0.040365 0.054458
0.0 0.850568 0.786028 0.040365 0.054458
0.0 0.891099 0.786028 0.040365 0.054458
0.0 0.982641 0.786028 0.034719 0.054458
0.0 0.041193 0.842676 0.040365 0.054458
0.0 0.081724 0.842676 0.040365 0.054458
0.0 0.176089 0.842676 0.040365 0.054458
0.0 0.216620 0.842676 0.040365 0.054458
0.0 0.310984 0.842676 0.040365 0.054458
0.0 0.351516 0.842676 0.040365 0.054458
0.0 0.445880 0.842676 0.040365 0.054458
0.0 0.486411 0.842676 0.040365 0.054458
0.0 0.580776 0.842676 0.040365 0.054458
0.0 0.621307 0.842676 0.040365 0.054458
0.0 0.715672 0.842676 0.040365 0.054458
0.0 0.756203 0.842676 0.040365 0.054458
0.0 0.850568 0.842676 0.040365 0.054458
0.0 0.891099 0.842676 0.040365 0.054458
0.0 0.982641 0.842676 0.034719 0.054458
0.0 0.041193 0.965657 0.040365 0.054458
0.0 0.081724 0.965657 0.040365 0.054458
0.0 0.176089 0.965657 0.040365 0.054458
0.0 0.216620 0.965657 0.040365 0.054458
0.0 0.310984 0.965657 0.040365 0.054458
0.0 0.351516 0.965657 0.040365 0.054458
0.0 0.445880 0.965657 0.040365 0.054458
0.0 0.486411 0.965657 0.040365 0.054458
0.0 0.580776 0.965657 0.040365 0.054458
0.0 0.621307 0.965657 0.040365 0.054458
0.0 0.715672 0.965657 0.040365 0.054458
0.0 0.756203 0.965657 0.040365 0.054458
0.0 0.850568 0.965657 0.040365 0.054458
0.0 0.891099 0.965657 0.040365 0.054458
0.0 0.982641 0.965657 0.034719 0.054458
0.0 0.041193 0.997538 0.040365 0.004924
0.0 0.081724 0.997538 0.040365 0.004924
0.0 0.176089 0.997538 0.040365 0.004924
0.0 0.216620 0.997538 0.040365 0.004924
0.0 0.310984 0.997538 0.040365 0.004924
0.0 0.351516 0.997538 0.040365 0.004924
0.0 0.445880 0.997538 0.040365 0.004924
0.0 0.486411 0.997538 0.040365 0.004924
0.0 0.580776 0.997538 0.040365 0.004924
0.0 0.621307 0.997538 0.040365 0.004924
0.0 0.715672 0.997538 0.040365 0.004924
0.0 0.756203 0.997538 0.040365 0.004924
0.0 0.850568 0.997538 0.040365 0.004924
0.0 0.891099 0.997538 0.040365 0.004924
0.0 0.982641 0.997538 0.034719 0.004924
