0.0 0.039629 0.065439 0.043658 0.060789
0.0 0.083288 0.065439 0.043658 0.060789
0.0 0.174525 0.065439 0.043658 0.060789
0.0 0.218183 0.065439 0.043658 0.060789
0.0 0.309421 0.065439 0.043658 0.060789
0.0 0.353079 0.065439 0.043658 0.060789
0.0 0.444317 0.065439 0.043658 0.060789
0.0 0.487975 0.065439 0.043658 0.060789
0.0 0.579212 0.065439 0.043658 0.060789
0.0 0.622871 0.065439 0.043658 0.060789
0.0 0.714108 0.065439 0.043658 0.060789
0.0 0.757767 0.065439 0.043658 0.060789
0.0 0.849004 0.065439 0.043658 0.060789
0.0 0.892663 0.065439 0.043658 0.060789
0.0 0.981035 0.065439 0.037929 0.060789
0.0 0.039629 0.126228 0.043658 0.060789
0.0 0.083288 0.126228 0.043658 0.060789
0.0 0.174525 0.126228 0.043658 0.060789
0.0 0.218183 0.126228 0.043658 0.060789
0.0 0.309421 0.126228 0.043658 0.060789
0.0 0.353079 0.126228 0.043658 0.060789
0.0 0.444317 0.126228 0.043658 0.060789
0.0 0.487975 0.126228 0.043658 0.060789
0.0 0.579212 0.126228 0.043658 0.060789
0.0 0.622871 0.126228 0.043658 0.060789
0.0 0.714108 0.126228 0.043658 0.060789
0.0 0.757767 0.126228 0.043658 0.060789
0.0 0.849004 0.126228 0.043658 0.060789
0.0 0.892663 0.126228 0.043658 0.060789
0.0 0.981035 0.126228 0.037929 0.060789
0.0 0.039629 0.245068 0.043658 0.060789
0.0 0.083288 0.245068 0.043658 0.060789
0.0 0.174525 0.245068 0.043658 0.060789
0.0 0.218183 0.245068 0.043658 0.060789
0.0 0.309421 0.245068 0.043658 0.060789
0.0 0.353079 0.245068 0.043658 0.060789
0.0 0.444317 0.245068 0.043658 0.060789
0.0 0.487975 0.245068 0.043658 0.060789
0.0 0.579212 0.245068 0.043658 0.060789
0.0 0.622871 0.245068 0.043658 0.060789
0.0 0.714108 0.245068 0.043658 0.060789
0.0 0.757767 0.245068 0.043658 0.060789
0.0 0.849004 0.245068 0.043658 0.060789
0.0 0.892663 0.245068 0.043658 0.060789
0.0 0.981035 0.245068 0.037929 0.060789
0.0 0.039629 0.305858 0.043658 0.060789
0.0 0.083288 0.305858 0.043658 0.060789
0.0 0.174525 0.305858 0.043658 0.060789
0.0 0.218183 0.305858 0.043658 0.060789
0.0 0.309421 0.305858 0.043658 0.060789
0.0 0.353079 0.305858 0.043658 0.060789
0.0 0.444317 0.305858 0.043658 0.060789
0.0 0.487975 0.305858 0.043658 0.060789
0.0 0.579212 0.305858 0.043658 0.060789
0.0 0.622871 0.305858 0.043658 0.060789
0.0 0.714108 0.305858 0.043658 0.060789
0.0 0.757767 0.305858 0.043658 0.060789
0.0 0.849004 0.305858 0.043658 0.060789
0.0 0.892663 0.305858 0.043658 0.060789
0.0 0.981035 0.305858 0.037929 0.060789
0.0 0.039629 0.424698 0.043658 0.060789
0.0 0.083288 0.424698 0.043658 0.060789
0.0 0.174525 0.424698 0.043658 0.060789
0.0 0.218183 0.424698 0.043658 0.060789
0.0 0.309421 0.424698 0.043658 0.060789
0.0 0.353079 0.424698 0.043658 0.060789
0.0 0.444317 0.424698 0.043658 0.060789
0.0 0.487975 0.424698 0.043658 0.060789
0.0 0.579212 0.424698 0.043658 0.060789
0.0 0.622871 0.424698 0.043658 0.060789
0.0 0.714108 0.424698 0.043658 0.060789
0.0 0.757767 0.424698 0.043658 0.060789
0.0 0.849004 0.424698 0.043658 0.060789
0.0 0.892663 0.424698 0.043658 0.060789
0.0 0.981035 0.424698 0.037929 0.060789
0.0 0.039629 0.485487 0.043658 0.060789
0.0 0.083288 0.485487 0.043658 0.060789
0.0 0.174525 0.485487 0.043658 0.060789
0.0 0.218183 0.485487 0.043658 0.060789
0.0 0.309421 0.485487 0.043658 0.060789
0.0 0.353079 0.485487 0.043658 0.060789
0.0 0.444317 0.485487 0.043658 0.060789
0.0 0.487975 0.485487 0.043658 0.060789
0.0 0.579212 0.485487 0.043658 0.060789
0.0 0.622871 0.485487 0.043658 0.060789
0.0 0.714108 0.485487 0.043658 0.060789
0.0 0.757767 0.485487 0.043658 0.060789
0.0 0.849004 0.485487 0.043658 0.060789
0.0 0.892663 0.485487 0.043658 0.060789
0.0 0.981035 0.485487 0.037929 0.060789
0.0 0.039629 0.604328 0.043658 0.060789
0.0 0.083288 0.604328 0.043658 0.060789
0.0 0.174525 0.604328 0.043658 0.060789
0.0 0.218183 0.604328 0.043658 0.060789
0.0 0.309421 0.604328 0.043658 0.060789
0.0 0.353079 0.604328 0.043658 0.060789
0.0 0.444317 0.604328 0.043658 0.060789
0.0 0.487975 0.604328 0.043658 0.060789
0.0 0.579212 0.604328 0.043658 0.060789
0.0 0.622871 0.604328 0.043658 0.060789
0.0 0.714108 0.604328 0.043658 0.060789
0.0 0.757767 0.604328 0.043658 0.060789
0.0 0.849004 0.604328 0.043658 0.060789
0.0 0.892663 0.604328 0.043658 0.060789
0.0 0.981035 0.604328 0.037929 0.060789
0.0 0.039629 0.665117 0.043658 0.060789
0.0 0.083288 0.665117 0.043658 0.060789
0.0 0.174525 0.665117 0.043658 0.060789
0.0 0.218183 0.665117 0.043658 0.060789
0.0 0.309421 0.665117 0.043658 0.060789
0.0 0.353079 0.665117 0.043658 0.060789
0.0 0.444317 0.665117 0.043658 0.060789
0.0 0.487975 0.665117 0.043658 0.060789
0.0 0.579212 0.665117 0.043658 0.060789
0.0 0.622871 0.665117 0.043658 0.060789
0.0 0.714108 0.665117 0.043658 0.060789
0.0 0.757767 0.665117 0.043658 0.060789
0.0 0.849004 0.665117 0.043658 0.060789
0.0 0.892663 0.665117 0.043658 0.060789
0.0 0.981035 0.665117 0.037929 0.060789
0.0 0.039629 0.783957 0.043658 0.060789
0.0 0.083288 0.783957 0.043658 0.060789
0.0 0.174525 0.783957 0.043658 0.060789
0.0 0.218183 0.783957 0.043658 0.060789
0.0 0.309421 0.783957 0.043658 0.060789
0.0 0.353079 0.783957 0.043658 0.060789
0.0 0.444317 0.783957 0.043658 0.060789
0.0 0.487975 0.783957 0.043658 0.060789
0.0 0.579212 0.783957 0.043658 0.060789
0.0 0.622871 0.783957 0.043658 0.060789
0.0 0.714108 0.783957 0.043658 0.060789
0.0 0.757767 0.783957 0.043658 0.060789
0.0 0.849004 0.783957 0.043658 0.060789
0.0 0.892663 0.783957 0.043658 0.060789
0.0 0.981035 0.783957 0.037929 0.060789
0.0 0.039629 0.844747 0.043658 0.060789
0.0 0.083288 0.844747 0.043658 0.060789
0.0 0.174525 0.844747 0.043658 0.060789
0.0 0.218183 0.844747 0.043658 0.060789
0.0 0.309421 0.844747 0.043658 0.060789
0.0 0.353079 0.844747 0.043658 0.060789
0.0 0.444317 0.844747 0.043658 0.060789
0.0 0.487975 0.844747 0.043658 0.060789
0.0 0.579212 0.844747 0.043658 0.060789
0.0 0.622871 0.844747 0.043658 0.060789
0.0 0.714108 0.844747 0.043658 0.060789
0.0 0.757767 0.844747 0.043658 0.060789
0.0 0.849004 0.844747 0.043658 0.060789
0.0 0.892663 0.844747 0.043658 0.060789
0.0 0.981035 0.844747 0.037929 0.060789
0.0 0.039629 0.963587 0.043658 0.060789
0.0 0.083288 0.963587 0.043658 0.060789
0.0 0.174525 0.963587 0.043658 0.060789
0.0 0.218183 0.963587 0.043658 0.060789
0.0 0.309421 0.963587 0.043658 0.060789
0.0 0.353079 0.963587 0.043658 0.060789
0.0 0.444317 0.963587 0.043658 0.060789
0.0 0.487975 0.963587 0.043658 0.060789
0.0 0.579212 0.963587 0.043658 0.060789
0.0 0.622871 0.963587 0.043658 0.060789
0.0 0.714108 0.963587 0.043658 0.060789
0.0 0.757767 0.963587 0.043658 0.060789
0.0 0.849004 0.963587 0.043658 0.060789
0.0 0.892663 0.963587 0.043658 0.060789
0.0 0.981035 0.963587 0.037929 0.060789
0.0 0.039629 0.996991 0.043658 0.006019
0.0 0.083288 0.996991 0.043658 0.006019
0.0 0.174525 0.996991 0.043658 0.006019
0.0 0.218183 0.996991 0.043658 0.006019
0.0 0.309421 0.996991 0.043658 0.006019
0.0 0.353079 0.996991 0.043658 0.006019
0.0 0.444317 0.996991 0.043658 0.006019
0.0 0.487975 0.996991 0.043658 0.006019
0.0 0.579212 0.996991 0.043658 0.006019
0.0 0.622871 0.996991 0.043658 0.006019
0.0 0.714108 0.996991 0.043658 0.006019
0.0 0.757767 0.996991 0.043658 0.006019
0.0 0.849004 0.996991 0.043658 0.006019
0.0 0.892663 0.996991 0.043658 0.006019
0.0 0.981035 0.996991 0.037929 0.006019
