1.0 0.104242 0.008935 0.022804 0.017869
1.0 0.120787 0.008035 0.020124 0.016069
0.0 0.114299 0.014453 0.027603 0.028038
0.0 0.126951 0.014236 0.015166 0.028472
1.0 0.187165 0.008935 0.022804 0.017869
1.0 0.170620 0.008035 0.020124 0.016069
0.0 0.177107 0.014453 0.027603 0.028038
0.0 0.164455 0.014236 0.015166 0.028472
1.0 0.306585 0.008935 0.022804 0.017869
1.0 0.323130 0.008035 0.020124 0.016069
0.0 0.316643 0.014453 0.027603 0.028038
0.0 0.329295 0.014236 0.015166 0.028472
1.0 0.389508 0.008935 0.022804 0.017869
1.0 0.372963 0.008035 0.020124 0.016069
0.0 0.379451 0.014453 0.027603 0.028038
0.0 0.366799 0.014236 0.015166 0.028472
1.0 0.508929 0.008935 0.022804 0.017869
1.0 0.525474 0.008035 0.020124 0.016069
0.0 0.518987 0.014453 0.027603 0.028038
0.0 0.531639 0.014236 0.015166 0.028472
1.0 0.591852 0.008935 0.022804 0.017869
1.0 0.575307 0.008035 0.020124 0.016069
0.0 0.581795 0.014453 0.027603 0.028038
0.0 0.569142 0.014236 0.015166 0.028472
1.0 0.711273 0.008935 0.022804 0.017869
1.0 0.727818 0.008035 0.020124 0.016069
0.0 0.721330 0.014453 0.027603 0.028038
0.0 0.733983 0.014236 0.015166 0.028472
1.0 0.794196 0.008935 0.022804 0.017869
1.0 0.777651 0.008035 0.020124 0.016069
0.0 0.784138 0.014453 0.027603 0.028038
0.0 0.771486 0.014236 0.015166 0.028472
1.0 0.913617 0.008935 0.022804 0.017869
1.0 0.930162 0.008035 0.020124 0.016069
0.0 0.923674 0.014453 0.027603 0.028038
0.0 0.936326 0.014236 0.015166 0.028472
1.0 0.992569 0.008935 0.014862 0.017869
1.0 0.979995 0.008035 0.020124 0.016069
0.0 0.986340 0.014453 0.027319 0.028038
0.0 0.973830 0.014236 0.015166 0.028472
1.0 0.104242 0.081562 0.022804 0.084975
1.0 0.120787 0.074562 0.020124 0.067373
0.0 0.114299 0.042491 0.027603 0.028038
0.0 0.126951 0.048245 0.015166 0.039545
1.0 0.187165 0.081562 0.022804 0.084975
1.0 0.170620 0.074562 0.020124 0.067373
0.0 0.177107 0.042491 0.027603 0.028038
0.0 0.164455 0.048245 0.015166 0.039545
1.0 0.306585 0.081562 0.022804 0.084975
1.0 0.323130 0.074562 0.020124 0.067373
0.0 0.316643 0.042491 0.027603 0.028038
0.0 0.329295 0.048245 0.015166 0.039545
1.0 0.389508 0.081562 0.022804 0.084975
1.0 0.372963 0.074562 0.020124 0.067373
0.0 0.379451 0.042491 0.027603 0.028038
0.0 0.366799 0.048245 0.015166 0.039545
1.0 0.508929 0.081562 0.022804 0.084975
1.0 0.525474 0.074562 0.020124 0.067373
0.0 0.518987 0.042491 0.027603 0.028038
0.0 0.531639 0.048245 0.015166 0.039545
1.0 0.591852 0.081562 0.022804 0.084975
1.0 0.575307 0.074562 0.020124 0.067373
0.0 0.581795 0.042491 0.027603 0.028038
0.0 0.569142 0.048245 0.015166 0.039545
1.0 0.711273 0.081562 0.022804 0.084975
1.0 0.727818 0.074562 0.020124 0.067373
0.0 0.721330 0.042491 0.027603 0.028038
0.0 0.733983 0.048245 0.015166 0.039545
1.0 0.794196 0.081562 0.022804 0.084975
1.0 0.777651 0.074562 0.020124 0.067373
0.0 0.784138 0.042491 0.027603 0.028038
0.0 0.771486 0.048245 0.015166 0.039545
1.0 0.913617 0.081562 0.022804 0.084975
1.0 0.930162 0.074562 0.020124 0.067373
0.0 0.923674 0.042491 0.027603 0.028038
0.0 0.936326 0.048245 0.015166 0.039545
1.0 0.992569 0.081562 0.014862 0.084975
1.0 0.979995 0.074562 0.020124 0.067373
0.0 0.986340 0.042491 0.027319 0.028038
0.0 0.973830 0.048245 0.015166 0.039545
1.0 0.104242 0.244826 0.022804 0.084975
1.0 0.120787 0.251827 0.020124 0.067373
0.0 0.114299 0.283898 0.027603 0.028038
0.0 0.126951 0.278144 0.015166 0.039545
1.0 0.187165 0.244826 0.022804 0.084975
1.0 0.170620 0.251827 0.020124 0.067373
0.0 0.177107 0.283898 0.027603 0.028038
0.0 0.164455 0.278144 0.015166 0.039545
1.0 0.306585 0.244826 0.022804 0.084975
1.0 0.323130 0.251827 0.020124 0.067373
0.0 0.316643 0.283898 0.027603 0.028038
0.0 0.329295 0.278144 0.015166 0.039545
1.0 0.389508 0.244826 0.022804 0.084975
1.0 0.372963 0.251827 0.020124 0.067373
0.0 0.379451 0.283898 0.027603 0.028038
0.0 0.366799 0.278144 0.015166 0.039545
1.0 0.508929 0.244826 0.022804 0.084975
1.0 0.525474 0.251827 0.020124 0.067373
0.0 0.518987 0.283898 0.027603 0.028038
0.0 0.531639 0.278144 0.015166 0.039545
1.0 0.591852 0.244826 0.022804 0.084975
1.0 0.575307 0.251827 0.020124 0.067373
0.0 0.581795 0.283898 0.027603 0.028038
0.0 0.569142 0.278144 0.015166 0.039545
1.0 0.711273 0.244826 0.022804 0.084975
1.0 0.727818 0.251827 0.020124 0.067373
0.0 0.721330 0.283898 0.027603 0.028038
0.0 0.733983 0.278144 0.015166 0.039545
1.0 0.794196 0.244826 0.022804 0.084975
1.0 0.777651 0.251827 0.020124 0.067373
0.0 0.784138 0.283898 0.027603 0.028038
0.0 0.771486 0.278144 0.015166 0.039545
1.0 0.913617 0.244826 0.022804 0.084975
1.0 0.930162 0.251827 0.020124 0.067373
0.0 0.923674 0.283898 0.027603 0.028038
0.0 0.936326 0.278144 0.015166 0.039545
1.0 0.992569 0.244826 0.014862 0.084975
1.0 0.979995 0.251827 0.020124 0.067373
0.0 0.986340 0.283898 0.027319 0.028038
0.0 0.973830 0.278144 0.015166 0.039545
1.0 0.104242 0.351007 0.022804 0.084975
1.0 0.120787 0.344006 0.020124 0.067373
0.0 0.114299 0.311936 0.027603 0.028038
0.0 0.126951 0.317689 0.015166 0.039545
1.0 0.187165 0.351007 0.022804 0.084975
1.0 0.170620 0.344006 0.020124 0.067373
0.0 0.177107 0.311936 0.027603 0.028038
0.0 0.164455 0.317689 0.015166 0.039545
1.0 0.306585 0.351007 0.022804 0.084975
1.0 0.323130 0.344006 0.020124 0.067373
0.0 0.316643 0.311936 0.027603 0.028038
0.0 0.329295 0.317689 0.015166 0.039545
1.0 0.389508 0.351007 0.022804 0.084975
1.0 0.372963 0.344006 0.020124 0.067373
0.0 0.379451 0.311936 0.027603 0.028038
0.0 0.366799 0.317689 0.015166 0.039545
1.0 0.508929 0.351007 0.022804 0.084975
1.0 0.525474 0.344006 0.020124 0.067373
0.0 0.518987 0.311936 0.027603 0.028038
0.0 0.531639 0.317689 0.015166 0.039545
1.0 0.591852 0.351007 0.022804 0.084975
1.0 0.575307 0.344006 0.020124 0.067373
0.0 0.581795 0.311936 0.027603 0.028038
0.0 0.569142 0.317689 0.015166 0.039545
1.0 0.711273 0.351007 0.022804 0.084975
1.0 0.727818 0.344006 0.020124 0.067373
0.0 0.721330 0.311936 0.027603 0.028038
0.0 0.733983 0.317689 0.015166 0.039545
1.0 0.794196 0.351007 0.022804 0.084975
1.0 0.777651 0.344006 0.020124 0.067373
0.0 0.784138 0.311936 0.027603 0.028038
0.0 0.771486 0.317689 0.015166 0.039545
1.0 0.913617 0.351007 0.022804 0.084975
1.0 0.930162 0.344006 0.020124 0.067373
0.0 0.923674 0.311936 0.027603 0.028038
0.0 0.936326 0.317689 0.015166 0.039545
1.0 0.992569 0.351007 0.014862 0.084975
1.0 0.979995 0.344006 0.020124 0.067373
0.0 0.986340 0.311936 0.027319 0.028038
0.0 0.973830 0.317689 0.015166 0.039545
1.0 0.104242 0.514271 0.022804 0.084975
1.0 0.120787 0.521272 0.020124 0.067373
0.0 0.114299 0.553342 0.027603 0.028038
0.0 0.126951 0.547588 0.015166 0.039545
1.0 0.187165 0.514271 0.022804 0.084975
1.0 0.170620 0.521272 0.020124 0.067373
0.0 0.177107 0.553342 0.027603 0.028038
0.0 0.164455 0.547588 0.015166 0.039545
1.0 0.306585 0.514271 0.022804 0.084975
1.0 0.323130 0.521272 0.020124 0.067373
0.0 0.316643 0.553342 0.027603 0.028038
0.0 0.329295 0.547588 0.015166 0.039545
1.0 0.389508 0.514271 0.022804 0.084975
1.0 0.372963 0.521272 0.020124 0.067373
0.0 0.379451 0.553342 0.027603 0.028038
0.0 0.366799 0.547588 0.015166 0.039545
1.0 0.508929 0.514271 0.022804 0.084975
1.0 0.525474 0.521272 0.020124 0.067373
0.0 0.518987 0.553342 0.027603 0.028038
0.0 0.531639 0.547588 0.015166 0.039545
1.0 0.591852 0.514271 0.022804 0.084975
1.0 0.575307 0.521272 0.020124 0.067373
0.0 0.581795 0.553342 0.027603 0.028038
0.0 0.569142 0.547588 0.015166 0.039545
1.0 0.711273 0.514271 0.022804 0.084975
1.0 0.727818 0.521272 0.020124 0.067373
0.0 0.721330 0.553342 0.027603 0.028038
0.0 0.733983 0.547588 0.015166 0.039545
1.0 0.794196 0.514271 0.022804 0.084975
1.0 0.777651 0.521272 0.020124 0.067373
0.0 0.784138 0.553342 0.027603 0.028038
0.0 0.771486 0.547588 0.015166 0.039545
1.0 0.913617 0.514271 0.022804 0.084975
1.0 0.930162 0.521272 0.020124 0.067373
0.0 0.923674 0.553342 0.027603 0.028038
0.0 0.936326 0.547588 0.015166 0.039545
1.0 0.992569 0.514271 0.014862 0.084975
1.0 0.979995 0.521272 0.020124 0.067373
0.0 0.986340 0.553342 0.027319 0.028038
0.0 0.973830 0.547588 0.015166 0.039545
1.0 0.104242 0.620451 0.022804 0.084975
1.0 0.120787 0.613451 0.020124 0.067373
0.0 0.114299 0.581380 0.027603 0.028038
0.0 0.126951 0.587134 0.015166 0.039545
1.0 0.187165 0.620451 0.022804 0.084975
1.0 0.170620 0.613451 0.020124 0.067373
0.0 0.177107 0.581380 0.027603 0.028038
0.0 0.164455 0.587134 0.015166 0.039545
1.0 0.306585 0.620451 0.022804 0.084975
1.0 0.323130 0.613451 0.020124 0.067373
0.0 0.316643 0.581380 0.027603 0.028038
0.0 0.329295 0.587134 0.015166 0.039545
1.0 0.389508 0.620451 0.022804 0.084975
1.0 0.372963 0.613451 0.020124 0.067373
0.0 0.379451 0.581380 0.027603 0.028038
0.0 0.366799 0.587134 0.015166 0.039545
1.0 0.508929 0.620451 0.022804 0.084975
1.0 0.525474 0.613451 0.020124 0.067373
0.0 0.518987 0.581380 0.027603 0.028038
0.0 0.531639 0.587134 0.015166 0.039545
1.0 0.591852 0.620451 0.022804 0.084975
1.0 0.575307 0.613451 0.020124 0.067373
0.0 0.581795 0.581380 0.027603 0.028038
0.0 0.569142 0.587134 0.015166 0.039545
1.0 0.711273 0.620451 0.022804 0.084975
1.0 0.727818 0.613451 0.020124 0.067373
0.0 0.721330 0.581380 0.027603 0.028038
0.0 0.733983 0.587134 0.015166 0.039545
1.0 0.794196 0.620451 0.022804 0.084975
1.0 0.777651 0.613451 0.020124 0.067373
0.0 0.784138 0.581380 0.027603 0.028038
0.0 0.771486 0.587134 0.015166 0.039545
1.0 0.913617 0.620451 0.022804 0.084975
1.0 0.930162 0.613451 0.020124 0.067373
0.0 0.923674 0.581380 0.027603 0.028038
0.0 0.936326 0.587134 0.015166 0.039545
1.0 0.992569 0.620451 0.014862 0.084975
1.0 0.979995 0.613451 0.020124 0.067373
0.0 0.986340 0.581380 0.027319 0.028038
0.0 0.973830 0.587134 0.015166 0.039545
1.0 0.104242 0.783715 0.022804 0.084975
1.0 0.120787 0.790716 0.020124 0.067373
0.0 0.114299 0.822786 0.027603 0.028038
0.0 0.126951 0.817033 0.015166 0.039545
1.0 0.187165 0.783715 0.022804 0.084975
1.0 0.170620 0.790716 0.020124 0.067373
0.0 0.177107 0.822786 0.027603 0.028038
0.0 0.164455 0.817033 0.015166 0.039545
1.0 0.306585 0.783715 0.022804 0.084975
1.0 0.323130 0.790716 0.020124 0.067373
0.0 0.316643 0.822786 0.027603 0.028038
0.0 0.329295 0.817033 0.015166 0.039545
1.0 0.389508 0.783715 0.022804 0.084975
1.0 0.372963 0.790716 0.020124 0.067373
0.0 0.379451 0.822786 0.027603 0.028038
0.0 0.366799 0.817033 0.015166 0.039545
1.0 0.508929 0.783715 0.022804 0.084975
1.0 0.525474 0.790716 0.020124 0.067373
0.0 0.518987 0.822786 0.027603 0.028038
0.0 0.531639 0.817033 0.015166 0.039545
1.0 0.591852 0.783715 0.022804 0.084975
1.0 0.575307 0.790716 0.020124 0.067373
0.0 0.581795 0.822786 0.027603 0.028038
0.0 0.569142 0.817033 0.015166 0.039545
1.0 0.711273 0.783715 0.022804 0.084975
1.0 0.727818 0.790716 0.020124 0.067373
0.0 0.721330 0.822786 0.027603 0.028038
0.0 0.733983 0.817033 0.015166 0.039545
1.0 0.794196 0.783715 0.022804 0.084975
1.0 0.777651 0.790716 0.020124 0.067373
0.0 0.784138 0.822786 0.027603 0.028038
0.0 0.771486 0.817033 0.015166 0.039545
1.0 0.913617 0.783715 0.022804 0.084975
1.0 0.930162 0.790716 0.020124 0.067373
0.0 0.923674 0.822786 0.027603 0.028038
0.0 0.936326 0.817033 0.015166 0.039545
1.0 0.992569 0.783715 0.014862 0.084975
1.0 0.979995 0.790716 0.020124 0.067373
0.0 0.986340 0.822786 0.027319 0.028038
0.0 0.973830 0.817033 0.015166 0.039545
1.0 0.104242 0.889896 0.022804 0.084975
1.0 0.120787 0.882895 0.020124 0.067373
0.0 0.114299 0.850825 0.027603 0.028038
0.0 0.126951 0.856578 0.015166 0.039545
1.0 0.187165 0.889896 0.022804 0.084975
1.0 0.170620 0.882895 0.020124 0.067373
0.0 0.177107 0.850825 0.027603 0.028038
0.0 0.164455 0.856578 0.015166 0.039545
1.0 0.306585 0.889896 0.022804 0.084975
1.0 0.323130 0.882895 0.020124 0.067373
0.0 0.316643 0.850825 0.027603 0.028038
0.0 0.329295 0.856578 0.015166 0.039545
1.0 0.389508 0.889896 0.022804 0.084975
1.0 0.372963 0.882895 0.020124 0.067373
0.0 0.379451 0.850825 0.027603 0.028038
0.0 0.366799 0.856578 0.015166 0.039545
1.0 0.508929 0.889896 0.022804 0.084975
1.0 0.525474 0.882895 0.020124 0.067373
0.0 0.518987 0.850825 0.027603 0.028038
0.0 0.531639 0.856578 0.015166 0.039545
1.0 0.591852 0.889896 0.022804 0.084975
1.0 0.575307 0.882895 0.020124 0.067373
0.0 0.581795 0.850825 0.027603 0.028038
0.0 0.569142 0.856578 0.015166 0.039545
1.0 0.711273 0.889896 0.022804 0.084975
1.0 0.727818 0.882895 0.020124 0.067373
0.0 0.721330 0.850825 0.027603 0.028038
0.0 0.733983 0.856578 0.015166 0.039545
1.0 0.794196 0.889896 0.022804 0.084975
1.0 0.777651 0.882895 0.020124 0.067373
0.0 0.784138 0.850825 0.027603 0.028038
0.0 0.771486 0.856578 0.015166 0.039545
1.0 0.913617 0.889896 0.022804 0.084975
1.0 0.930162 0.882895 0.020124 0.067373
0.0 0.923674 0.850825 0.027603 0.028038
0.0 0.936326 0.856578 0.015166 0.039545
1.0 0.992569 0.889896 0.014862 0.084975
1.0 0.979995 0.882895 0.020124 0.067373
0.0 0.986340 0.850825 0.027319 0.028038
0.0 0.973830 0.856578 0.015166 0.039545
