1.0 0.008902 0.038989 0.012286 0.016550
1.0 0.010428 0.054317 0.009922 0.015249
0.0 0.016597 0.051033 0.008313 0.024789
0.0 0.014861 0.062198 0.006853 0.011999
0.0 0.015010 0.047635 0.005678 0.010049
1.0 0.043832 0.038989 0.012286 0.016550
1.0 0.042306 0.054317 0.009922 0.015249
0.0 0.036137 0.051033 0.008313 0.024789
0.0 0.037873 0.062198 0.006853 0.011999
0.0 0.037725 0.047635 0.005678 0.010049
1.0 0.084683 0.038989 0.012286 0.016550
1.0 0.086209 0.054317 0.009922 0.015249
0.0 0.092378 0.051033 0.008313 0.024789
0.0 0.090643 0.062198 0.006853 0.011999
0.0 0.090791 0.047635 0.005678 0.010049
1.0 0.119614 0.038989 0.012286 0.016550
1.0 0.118087 0.054317 0.009922 0.015249
0.0 0.111919 0.051033 0.008313 0.024789
0.0 0.113654 0.062198 0.006853 0.011999
0.0 0.113506 0.047635 0.005678 0.010049
1.0 0.160465 0.038989 0.012286 0.016550
1.0 0.161991 0.054317 0.009922 0.015249
0.0 0.168159 0.051033 0.008313 0.024789
0.0 0.166424 0.062198 0.006853 0.011999
0.0 0.166572 0.047635 0.005678 0.010049
1.0 0.195395 0.038989 0.012286 0.016550
1.0 0.193869 0.054317 0.009922 0.015249
0.0 0.187700 0.051033 0.008313 0.024789
0.0 0.189435 0.062198 0.006853 0.011999
0.0 0.189287 0.047635 0.005678 0.010049
1.0 0.236246 0.038989 0.012286 0.016550
1.0 0.237772 0.054317 0.009922 0.015249
0.0 0.243941 0.051033 0.008313 0.024789
0.0 0.242205 0.062198 0.006853 0.011999
0.0 0.242354 0.047635 0.005678 0.010049
1.0 0.271176 0.038989 0.012286 0.016550
1.0 0.269650 0.054317 0.009922 0.015249
0.0 0.263481 0.051033 0.008313 0.024789
0.0 0.265217 0.062198 0.006853 0.011999
0.0 0.265068 0.047635 0.005678 0.010049
1.0 0.312027 0.038989 0.012286 0.016550
1.0 0.313553 0.054317 0.009922 0.015249
0.0 0.319722 0.051033 0.008313 0.024789
0.0 0.317986 0.062198 0.006853 0.011999
0.0 0.318135 0.047635 0.005678 0.010049
1.0 0.346957 0.038989 0.012286 0.016550
1.0 0.345431 0.054317 0.009922 0.015249
0.0 0.339262 0.051033 0.008313 0.024789
0.0 0.340998 0.062198 0.006853 0.011999
0.0 0.340850 0.047635 0.005678 0.010049
1.0 0.387808 0.038989 0.012286 0.016550
1.0 0.389334 0.054317 0.009922 0.015249
0.0 0.395503 0.051033 0.008313 0.024789
0.0 0.393768 0.062198 0.006853 0.011999
0.0 0.393916 0.047635 0.005678 0.010049
1.0 0.422739 0.038989 0.012286 0.016550
1.0 0.421212 0.054317 0.009922 0.015249
0.0 0.415044 0.051033 0.008313 0.024789
0.0 0.416779 0.062198 0.006853 0.011999
0.0 0.416631 0.047635 0.005678 0.010049
1.0 0.463590 0.038989 0.012286 0.016550
1.0 0.465116 0.054317 0.009922 0.015249
0.0 0.471284 0.051033 0.008313 0.024789
0.0 0.469549 0.062198 0.006853 0.011999
0.0 0.469697 0.047635 0.005678 0.010049
1.0 0.498520 0.038989 0.012286 0.016550
1.0 0.496994 0.054317 0.009922 0.015249
0.0 0.490825 0.051033 0.008313 0.024789
0.0 0.492560 0.062198 0.006853 0.011999
0.0 0.492412 0.047635 0.005678 0.010049
1.0 0.539371 0.038989 0.012286 0.016550
1.0 0.540897 0.054317 0.009922 0.015249
0.0 0.547066 0.051033 0.008313 0.024789
0.0 0.545330 0.062198 0.006853 0.011999
0.0 0.545479 0.047635 0.005678 0.010049
1.0 0.574301 0.038989 0.012286 0.016550
1.0 0.572775 0.054317 0.009922 0.015249
0.0 0.566606 0.051033 0.008313 0.024789
0.0 0.568342 0.062198 0.006853 0.011999
0.0 0.568193 0.047635 0.005678 0.010049
1.0 0.615152 0.038989 0.012286 0.016550
1.0 0.616678 0.054317 0.009922 0.015249
0.0 0.622847 0.051033 0.008313 0.024789
0.0 0.621111 0.062198 0.006853 0.011999
0.0 0.621260 0.047635 0.005678 0.010049
1.0 0.650082 0.038989 0.012286 0.016550
1.0 0.648556 0.054317 0.009922 0.015249
0.0 0.642387 0.051033 0.008313 0.024789
0.0 0.644123 0.062198 0.006853 0.011999
0.0 0.643975 0.047635 0.005678 0.010049
1.0 0.690933 0.038989 0.012286 0.016550
1.0 0.692459 0.054317 0.009922 0.015249
0.0 0.698628 0.051033 0.008313 0.024789
0.0 0.696893 0.062198 0.006853 0.011999
0.0 0.697041 0.047635 0.005678 0.010049
1.0 0.725864 0.038989 0.012286 0.016550
1.0 0.724337 0.054317 0.009922 0.015249
0.0 0.718169 0.051033 0.008313 0.024789
0.0 0.719904 0.062198 0.006853 0.011999
0.0 0.719756 0.047635 0.005678 0.010049
1.0 0.766715 0.038989 0.012286 0.016550
1.0 0.768241 0.054317 0.009922 0.015249
0.0 0.774409 0.051033 0.008313 0.024789
0.0 0.772674 0.062198 0.006853 0.011999
0.0 0.772822 0.047635 0.005678 0.010049
1.0 0.801645 0.038989 0.012286 0.016550
1.0 0.800119 0.054317 0.009922 0.015249
0.0 0.793950 0.051033 0.008313 0.024789
0.0 0.795685 0.062198 0.006853 0.011999
0.0 0.795537 0.047635 0.005678 0.010049
1.0 0.842496 0.038989 0.012286 0.016550
1.0 0.844022 0.054317 0.009922 0.015249
0.0 0.850191 0.051033 0.008313 0.024789
0.0 0.848455 0.062198 0.006853 0.011999
0.0 0.848604 0.047635 0.005678 0.010049
1.0 0.877426 0.038989 0.012286 0.016550
1.0 0.875900 0.054317 0.009922 0.015249
0.0 0.869731 0.051033 0.008313 0.024789
0.0 0.871467 0.062198 0.006853 0.011999
0.0 0.871318 0.047635 0.005678 0.010049
1.0 0.918277 0.038989 0.012286 0.016550
1.0 0.919803 0.054317 0.009922 0.015249
0.0 0.925972 0.051033 0.008313 0.024789
0.0 0.924236 0.062198 0.006853 0.011999
0.0 0.924385 0.047635 0.005678 0.010049
1.0 0.953207 0.038989 0.012286 0.016550
1.0 0.951681 0.054317 0.009922 0.015249
0.0 0.945512 0.051033 0.008313 0.024789
0.0 0.947248 0.062198 0.006853 0.011999
0.0 0.947100 0.047635 0.005678 0.010049
1.0 0.993958 0.038989 0.012085 0.016550
1.0 0.995312 0.054317 0.009377 0.015249
0.0 0.998798 0.051033 0.002403 0.024789
0.0 0.998296 0.062198 0.003409 0.011999
0.0 0.998664 0.047635 0.002673 0.010049
1.0 0.008902 0.151289 0.012286 0.016550
1.0 0.010428 0.135961 0.009922 0.015249
0.0 0.016597 0.139245 0.008313 0.024789
0.0 0.014861 0.128080 0.006853 0.011999
0.0 0.015010 0.142643 0.005678 0.010049
1.0 0.043832 0.151289 0.012286 0.016550
1.0 0.042306 0.135961 0.009922 0.015249
0.0 0.036137 0.139245 0.008313 0.024789
0.0 0.037873 0.128080 0.006853 0.011999
0.0 0.037725 0.142643 0.005678 0.010049
1.0 0.084683 0.151289 0.012286 0.016550
1.0 0.086209 0.135961 0.009922 0.015249
0.0 0.092378 0.139245 0.008313 0.024789
0.0 0.090643 0.128080 0.006853 0.011999
0.0 0.090791 0.142643 0.005678 0.010049
1.0 0.119614 0.151289 0.012286 0.016550
1.0 0.118087 0.135961 0.009922 0.015249
0.0 0.111919 0.139245 0.008313 0.024789
0.0 0.113654 0.128080 0.006853 0.011999
0.0 0.113506 0.142643 0.005678 0.010049
1.0 0.160465 0.151289 0.012286 0.016550
1.0 0.161991 0.135961 0.009922 0.015249
0.0 0.168159 0.139245 0.008313 0.024789
0.0 0.166424 0.128080 0.006853 0.011999
0.0 0.166572 0.142643 0.005678 0.010049
1.0 0.195395 0.151289 0.012286 0.016550
1.0 0.193869 0.135961 0.009922 0.015249
0.0 0.187700 0.139245 0.008313 0.024789
0.0 0.189435 0.128080 0.006853 0.011999
0.0 0.189287 0.142643 0.005678 0.010049
1.0 0.236246 0.151289 0.012286 0.016550
1.0 0.237772 0.135961 0.009922 0.015249
0.0 0.243941 0.139245 0.008313 0.024789
0.0 0.242205 0.128080 0.006853 0.011999
0.0 0.242354 0.142643 0.005678 0.010049
1.0 0.271176 0.151289 0.012286 0.016550
1.0 0.269650 0.135961 0.009922 0.015249
0.0 0.263481 0.139245 0.008313 0.024789
0.0 0.265217 0.128080 0.006853 0.011999
0.0 0.265068 0.142643 0.005678 0.010049
1.0 0.312027 0.151289 0.012286 0.016550
1.0 0.313553 0.135961 0.009922 0.015249
0.0 0.319722 0.139245 0.008313 0.024789
0.0 0.317986 0.128080 0.006853 0.011999
0.0 0.318135 0.142643 0.005678 0.010049
1.0 0.346957 0.151289 0.012286 0.016550
1.0 0.345431 0.135961 0.009922 0.015249
0.0 0.339262 0.139245 0.008313 0.024789
0.0 0.340998 0.128080 0.006853 0.011999
0.0 0.340850 0.142643 0.005678 0.010049
1.0 0.387808 0.151289 0.012286 0.016550
1.0 0.389334 0.135961 0.009922 0.015249
0.0 0.395503 0.139245 0.008313 0.024789
0.0 0.393768 0.128080 0.006853 0.011999
0.0 0.393916 0.142643 0.005678 0.010049
1.0 0.422739 0.151289 0.012286 0.016550
1.0 0.421212 0.135961 0.009922 0.015249
0.0 0.415044 0.139245 0.008313 0.024789
0.0 0.416779 0.128080 0.006853 0.011999
0.0 0.416631 0.142643 0.005678 0.010049
1.0 0.463590 0.151289 0.012286 0.016550
1.0 0.465116 0.135961 0.009922 0.015249
0.0 0.471284 0.139245 0.008313 0.024789
0.0 0.469549 0.128080 0.006853 0.011999
0.0 0.469697 0.142643 0.005678 0.010049
1.0 0.498520 0.151289 0.012286 0.016550
1.0 0.496994 0.135961 0.009922 0.015249
0.0 0.490825 0.139245 0.008313 0.024789
0.0 0.492560 0.128080 0.006853 0.011999
0.0 0.492412 0.142643 0.005678 0.010049
1.0 0.539371 0.151289 0.012286 0.016550
1.0 0.540897 0.135961 0.009922 0.015249
0.0 0.547066 0.139245 0.008313 0.024789
0.0 0.545330 0.128080 0.006853 0.011999
0.0 0.545479 0.142643 0.005678 0.010049
1.0 0.574301 0.151289 0.012286 0.016550
1.0 0.572775 0.135961 0.009922 0.015249
0.0 0.566606 0.139245 0.008313 0.024789
0.0 0.568342 0.128080 0.006853 0.011999
0.0 0.568193 0.142643 0.005678 0.010049
1.0 0.615152 0.151289 0.012286 0.016550
1.0 0.616678 0.135961 0.009922 0.015249
0.0 0.622847 0.139245 0.008313 0.024789
0.0 0.621111 0.128080 0.006853 0.011999
0.0 0.621260 0.142643 0.005678 0.010049
1.0 0.650082 0.151289 0.012286 0.016550
1.0 0.648556 0.135961 0.009922 0.015249
0.0 0.642387 0.139245 0.008313 0.024789
0.0 0.644123 0.128080 0.006853 0.011999
0.0 0.643975 0.142643 0.005678 0.010049
1.0 0.690933 0.151289 0.012286 0.016550
1.0 0.692459 0.135961 0.009922 0.015249
0.0 0.698628 0.139245 0.008313 0.024789
0.0 0.696893 0.128080 0.006853 0.011999
0.0 0.697041 0.142643 0.005678 0.010049
1.0 0.725864 0.151289 0.012286 0.016550
1.0 0.724337 0.135961 0.009922 0.015249
0.0 0.718169 0.139245 0.008313 0.024789
0.0 0.719904 0.128080 0.006853 0.011999
0.0 0.719756 0.142643 0.005678 0.010049
1.0 0.766715 0.151289 0.012286 0.016550
1.0 0.768241 0.135961 0.009922 0.015249
0.0 0.774409 0.139245 0.008313 0.024789
0.0 0.772674 0.128080 0.006853 0.011999
0.0 0.772822 0.142643 0.005678 0.010049
1.0 0.801645 0.151289 0.012286 0.016550
1.0 0.800119 0.135961 0.009922 0.015249
0.0 0.793950 0.139245 0.008313 0.024789
0.0 0.795685 0.128080 0.006853 0.011999
0.0 0.795537 0.142643 0.005678 0.010049
1.0 0.842496 0.151289 0.012286 0.016550
1.0 0.844022 0.135961 0.009922 0.015249
0.0 0.850191 0.139245 0.008313 0.024789
0.0 0.848455 0.128080 0.006853 0.011999
0.0 0.848604 0.142643 0.005678 0.010049
1.0 0.877426 0.151289 0.012286 0.016550
1.0 0.875900 0.135961 0.009922 0.015249
0.0 0.869731 0.139245 0.008313 0.024789
0.0 0.871467 0.128080 0.006853 0.011999
0.0 0.871318 0.142643 0.005678 0.010049
1.0 0.918277 0.151289 0.012286 0.016550
1.0 0.919803 0.135961 0.009922 0.015249
0.0 0.925972 0.139245 0.008313 0.024789
0.0 0.924236 0.128080 0.006853 0.011999
0.0 0.924385 0.142643 0.005678 0.010049
1.0 0.953207 0.151289 0.012286 0.016550
1.0 0.951681 0.135961 0.009922 0.015249
0.0 0.945512 0.139245 0.008313 0.024789
0.0 0.947248 0.128080 0.006853 0.011999
0.0 0.947100 0.142643 0.005678 0.010049
1.0 0.993958 0.151289 0.012085 0.016550
1.0 0.995312 0.135961 0.009377 0.015249
0.0 0.998798 0.139245 0.002403 0.024789
0.0 0.998296 0.128080 0.003409 0.011999
0.0 0.998664 0.142643 0.002673 0.010049
1.0 0.008902 0.218850 0.012286 0.016550
1.0 0.010428 0.234178 0.009922 0.015249
0.0 0.016597 0.230894 0.008313 0.024789
0.0 0.014861 0.242059 0.006853 0.011999
0.0 0.015010 0.227496 0.005678 0.010049
1.0 0.043832 0.218850 0.012286 0.016550
1.0 0.042306 0.234178 0.009922 0.015249
0.0 0.036137 0.230894 0.008313 0.024789
0.0 0.037873 0.242059 0.006853 0.011999
0.0 0.037725 0.227496 0.005678 0.010049
1.0 0.084683 0.218850 0.012286 0.016550
1.0 0.086209 0.234178 0.009922 0.015249
0.0 0.092378 0.230894 0.008313 0.024789
0.0 0.090643 0.242059 0.006853 0.011999
0.0 0.090791 0.227496 0.005678 0.010049
1.0 0.119614 0.218850 0.012286 0.016550
1.0 0.118087 0.234178 0.009922 0.015249
0.0 0.111919 0.230894 0.008313 0.024789
0.0 0.113654 0.242059 0.006853 0.011999
0.0 0.113506 0.227496 0.005678 0.010049
1.0 0.160465 0.218850 0.012286 0.016550
1.0 0.161991 0.234178 0.009922 0.015249
0.0 0.168159 0.230894 0.008313 0.024789
0.0 0.166424 0.242059 0.006853 0.011999
0.0 0.166572 0.227496 0.005678 0.010049
1.0 0.195395 0.218850 0.012286 0.016550
1.0 0.193869 0.234178 0.009922 0.015249
0.0 0.187700 0.230894 0.008313 0.024789
0.0 0.189435 0.242059 0.006853 0.011999
0.0 0.189287 0.227496 0.005678 0.010049
1.0 0.236246 0.218850 0.012286 0.016550
1.0 0.237772 0.234178 0.009922 0.015249
0.0 0.243941 0.230894 0.008313 0.024789
0.0 0.242205 0.242059 0.006853 0.011999
0.0 0.242354 0.227496 0.005678 0.010049
1.0 0.271176 0.218850 0.012286 0.016550
1.0 0.269650 0.234178 0.009922 0.015249
0.0 0.263481 0.230894 0.008313 0.024789
0.0 0.265217 0.242059 0.006853 0.011999
0.0 0.265068 0.227496 0.005678 0.010049
1.0 0.312027 0.218850 0.012286 0.016550
1.0 0.313553 0.234178 0.009922 0.015249
0.0 0.319722 0.230894 0.008313 0.024789
0.0 0.317986 0.242059 0.006853 0.011999
0.0 0.318135 0.227496 0.005678 0.010049
1.0 0.346957 0.218850 0.012286 0.016550
1.0 0.345431 0.234178 0.009922 0.015249
0.0 0.339262 0.230894 0.008313 0.024789
0.0 0.340998 0.242059 0.006853 0.011999
0.0 0.340850 0.227496 0.005678 0.010049
1.0 0.387808 0.218850 0.012286 0.016550
1.0 0.389334 0.234178 0.009922 0.015249
0.0 0.395503 0.230894 0.008313 0.024789
0.0 0.393768 0.242059 0.006853 0.011999
0.0 0.393916 0.227496 0.005678 0.010049
1.0 0.422739 0.218850 0.012286 0.016550
1.0 0.421212 0.234178 0.009922 0.015249
0.0 0.415044 0.230894 0.008313 0.024789
0.0 0.416779 0.242059 0.006853 0.011999
0.0 0.416631 0.227496 0.005678 0.010049
1.0 0.463590 0.218850 0.012286 0.016550
1.0 0.465116 0.234178 0.009922 0.015249
0.0 0.471284 0.230894 0.008313 0.024789
0.0 0.469549 0.242059 0.006853 0.011999
0.0 0.469697 0.227496 0.005678 0.010049
1.0 0.498520 0.218850 0.012286 0.016550
1.0 0.496994 0.234178 0.009922 0.015249
0.0 0.490825 0.230894 0.008313 0.024789
0.0 0.492560 0.242059 0.006853 0.011999
0.0 0.492412 0.227496 0.005678 0.010049
1.0 0.539371 0.218850 0.012286 0.016550
1.0 0.540897 0.234178 0.009922 0.015249
0.0 0.547066 0.230894 0.008313 0.024789
0.0 0.545330 0.242059 0.006853 0.011999
0.0 0.545479 0.227496 0.005678 0.010049
1.0 0.574301 0.218850 0.012286 0.016550
1.0 0.572775 0.234178 0.009922 0.015249
0.0 0.566606 0.230894 0.008313 0.024789
0.0 0.568342 0.242059 0.006853 0.011999
0.0 0.568193 0.227496 0.005678 0.010049
1.0 0.615152 0.218850 0.012286 0.016550
1.0 0.616678 0.234178 0.009922 0.015249
0.0 0.622847 0.230894 0.008313 0.024789
0.0 0.621111 0.242059 0.006853 0.011999
0.0 0.621260 0.227496 0.005678 0.010049
1.0 0.650082 0.218850 0.012286 0.016550
1.0 0.648556 0.234178 0.009922 0.015249
0.0 0.642387 0.230894 0.008313 0.024789
0.0 0.644123 0.242059 0.006853 0.011999
0.0 0.643975 0.227496 0.005678 0.010049
1.0 0.690933 0.218850 0.012286 0.016550
1.0 0.692459 0.234178 0.009922 0.015249
0.0 0.698628 0.230894 0.008313 0.024789
0.0 0.696893 0.242059 0.006853 0.011999
0.0 0.697041 0.227496 0.005678 0.010049
1.0 0.725864 0.218850 0.012286 0.016550
1.0 0.724337 0.234178 0.009922 0.015249
0.0 0.718169 0.230894 0.008313 0.024789
0.0 0.719904 0.242059 0.006853 0.011999
0.0 0.719756 0.227496 0.005678 0.010049
1.0 0.766715 0.218850 0.012286 0.016550
1.0 0.768241 0.234178 0.009922 0.015249
0.0 0.774409 0.230894 0.008313 0.024789
0.0 0.772674 0.242059 0.006853 0.011999
0.0 0.772822 0.227496 0.005678 0.010049
1.0 0.801645 0.218850 0.012286 0.016550
1.0 0.800119 0.234178 0.009922 0.015249
0.0 0.793950 0.230894 0.008313 0.024789
0.0 0.795685 0.242059 0.006853 0.011999
0.0 0.795537 0.227496 0.005678 0.010049
1.0 0.842496 0.218850 0.012286 0.016550
1.0 0.844022 0.234178 0.009922 0.015249
0.0 0.850191 0.230894 0.008313 0.024789
0.0 0.848455 0.242059 0.006853 0.011999
0.0 0.848604 0.227496 0.005678 0.010049
1.0 0.877426 0.218850 0.012286 0.016550
1.0 0.875900 0.234178 0.009922 0.015249
0.0 0.869731 0.230894 0.008313 0.024789
0.0 0.871467 0.242059 0.006853 0.011999
0.0 0.871318 0.227496 0.005678 0.010049
1.0 0.918277 0.218850 0.012286 0.016550
1.0 0.919803 0.234178 0.009922 0.015249
0.0 0.925972 0.230894 0.008313 0.024789
0.0 0.924236 0.242059 0.006853 0.011999
0.0 0.924385 0.227496 0.005678 0.010049
1.0 0.953207 0.218850 0.012286 0.016550
1.0 0.951681 0.234178 0.009922 0.015249
0.0 0.945512 0.230894 0.008313 0.024789
0.0 0.947248 0.242059 0.006853 0.011999
0.0 0.947100 0.227496 0.005678 0.010049
1.0 0.993958 0.218850 0.012085 0.016550
1.0 0.995312 0.234178 0.009377 0.015249
0.0 0.998798 0.230894 0.002403 0.024789
0.0 0.998296 0.242059 0.003409 0.011999
0.0 0.998664 0.227496 0.002673 0.010049
1.0 0.008902 0.331150 0.012286 0.016550
1.0 0.010428 0.315822 0.009922 0.015249
0.0 0.016597 0.319106 0.008313 0.024789
0.0 0.014861 0.307941 0.006853 0.011999
0.0 0.015010 0.322504 0.005678 0.010049
1.0 0.043832 0.331150 0.012286 0.016550
1.0 0.042306 0.315822 0.009922 0.015249
0.0 0.036137 0.319106 0.008313 0.024789
0.0 0.037873 0.307941 0.006853 0.011999
0.0 0.037725 0.322504 0.005678 0.010049
1.0 0.084683 0.331150 0.012286 0.016550
1.0 0.086209 0.315822 0.009922 0.015249
0.0 0.092378 0.319106 0.008313 0.024789
0.0 0.090643 0.307941 0.006853 0.011999
0.0 0.090791 0.322504 0.005678 0.010049
1.0 0.119614 0.331150 0.012286 0.016550
1.0 0.118087 0.315822 0.009922 0.015249
0.0 0.111919 0.319106 0.008313 0.024789
0.0 0.113654 0.307941 0.006853 0.011999
0.0 0.113506 0.322504 0.005678 0.010049
1.0 0.160465 0.331150 0.012286 0.016550
1.0 0.161991 0.315822 0.009922 0.015249
0.0 0.168159 0.319106 0.008313 0.024789
0.0 0.166424 0.307941 0.006853 0.011999
0.0 0.166572 0.322504 0.005678 0.010049
1.0 0.195395 0.331150 0.012286 0.016550
1.0 0.193869 0.315822 0.009922 0.015249
0.0 0.187700 0.319106 0.008313 0.024789
0.0 0.189435 0.307941 0.006853 0.011999
0.0 0.189287 0.322504 0.005678 0.010049
1.0 0.236246 0.331150 0.012286 0.016550
1.0 0.237772 0.315822 0.009922 0.015249
0.0 0.243941 0.319106 0.008313 0.024789
0.0 0.242205 0.307941 0.006853 0.011999
0.0 0.242354 0.322504 0.005678 0.010049
1.0 0.271176 0.331150 0.012286 0.016550
1.0 0.269650 0.315822 0.009922 0.015249
0.0 0.263481 0.319106 0.008313 0.024789
0.0 0.265217 0.307941 0.006853 0.011999
0.0 0.265068 0.322504 0.005678 0.010049
1.0 0.312027 0.331150 0.012286 0.016550
1.0 0.313553 0.315822 0.009922 0.015249
0.0 0.319722 0.319106 0.008313 0.024789
0.0 0.317986 0.307941 0.006853 0.011999
0.0 0.318135 0.322504 0.005678 0.010049
1.0 0.346957 0.331150 0.012286 0.016550
1.0 0.345431 0.315822 0.009922 0.015249
0.0 0.339262 0.319106 0.008313 0.024789
0.0 0.340998 0.307941 0.006853 0.011999
0.0 0.340850 0.322504 0.005678 0.010049
1.0 0.387808 0.331150 0.012286 0.016550
1.0 0.389334 0.315822 0.009922 0.015249
0.0 0.395503 0.319106 0.008313 0.024789
0.0 0.393768 0.307941 0.006853 0.011999
0.0 0.393916 0.322504 0.005678 0.010049
1.0 0.422739 0.331150 0.012286 0.016550
1.0 0.421212 0.315822 0.009922 0.015249
0.0 0.415044 0.319106 0.008313 0.024789
0.0 0.416779 0.307941 0.006853 0.011999
0.0 0.416631 0.322504 0.005678 0.010049
1.0 0.463590 0.331150 0.012286 0.016550
1.0 0.465116 0.315822 0.009922 0.015249
0.0 0.471284 0.319106 0.008313 0.024789
0.0 0.469549 0.307941 0.006853 0.011999
0.0 0.469697 0.322504 0.005678 0.010049
1.0 0.498520 0.331150 0.012286 0.016550
1.0 0.496994 0.315822 0.009922 0.015249
0.0 0.490825 0.319106 0.008313 0.024789
0.0 0.492560 0.307941 0.006853 0.011999
0.0 0.492412 0.322504 0.005678 0.010049
1.0 0.539371 0.331150 0.012286 0.016550
1.0 0.540897 0.315822 0.009922 0.015249
0.0 0.547066 0.319106 0.008313 0.024789
0.0 0.545330 0.307941 0.006853 0.011999
0.0 0.545479 0.322504 0.005678 0.010049
1.0 0.574301 0.331150 0.012286 0.016550
1.0 0.572775 0.315822 0.009922 0.015249
0.0 0.566606 0.319106 0.008313 0.024789
0.0 0.568342 0.307941 0.006853 0.011999
0.0 0.568193 0.322504 0.005678 0.010049
1.0 0.615152 0.331150 0.012286 0.016550
1.0 0.616678 0.315822 0.009922 0.015249
0.0 0.622847 0.319106 0.008313 0.024789
0.0 0.621111 0.307941 0.006853 0.011999
0.0 0.621260 0.322504 0.005678 0.010049
1.0 0.650082 0.331150 0.012286 0.016550
1.0 0.648556 0.315822 0.009922 0.015249
0.0 0.642387 0.319106 0.008313 0.024789
0.0 0.644123 0.307941 0.006853 0.011999
0.0 0.643975 0.322504 0.005678 0.010049
1.0 0.690933 0.331150 0.012286 0.016550
1.0 0.692459 0.315822 0.009922 0.015249
0.0 0.698628 0.319106 0.008313 0.024789
0.0 0.696893 0.307941 0.006853 0.011999
0.0 0.697041 0.322504 0.005678 0.010049
1.0 0.725864 0.331150 0.012286 0.016550
1.0 0.724337 0.315822 0.009922 0.015249
0.0 0.718169 0.319106 0.008313 0.024789
0.0 0.719904 0.307941 0.006853 0.011999
0.0 0.719756 0.322504 0.005678 0.010049
1.0 0.766715 0.331150 0.012286 0.016550
1.0 0.768241 0.315822 0.009922 0.015249
0.0 0.774409 0.319106 0.008313 0.024789
0.0 0.772674 0.307941 0.006853 0.011999
0.0 0.772822 0.322504 0.005678 0.010049
1.0 0.801645 0.331150 0.012286 0.016550
1.0 0.800119 0.315822 0.009922 0.015249
0.0 0.793950 0.319106 0.008313 0.024789
0.0 0.795685 0.307941 0.006853 0.011999
0.0 0.795537 0.322504 0.005678 0.010049
1.0 0.842496 0.331150 0.012286 0.016550
1.0 0.844022 0.315822 0.009922 0.015249
0.0 0.850191 0.319106 0.008313 0.024789
0.0 0.848455 0.307941 0.006853 0.011999
0.0 0.848604 0.322504 0.005678 0.010049
1.0 0.877426 0.331150 0.012286 0.016550
1.0 0.875900 0.315822 0.009922 0.015249
0.0 0.869731 0.319106 0.008313 0.024789
0.0 0.871467 0.307941 0.006853 0.011999
0.0 0.871318 0.322504 0.005678 0.010049
1.0 0.918277 0.331150 0.012286 0.016550
1.0 0.919803 0.315822 0.009922 0.015249
0.0 0.925972 0.319106 0.008313 0.024789
0.0 0.924236 0.307941 0.006853 0.011999
0.0 0.924385 0.322504 0.005678 0.010049
1.0 0.953207 0.331150 0.012286 0.016550
1.0 0.951681 0.315822 0.009922 0.015249
0.0 0.945512 0.319106 0.008313 0.024789
0.0 0.947248 0.307941 0.006853 0.011999
0.0 0.947100 0.322504 0.005678 0.010049
1.0 0.993958 0.331150 0.012085 0.016550
1.0 0.995312 0.315822 0.009377 0.015249
0.0 0.998798 0.319106 0.002403 0.024789
0.0 0.998296 0.307941 0.003409 0.011999
0.0 0.998664 0.322504 0.002673 0.010049
1.0 0.008902 0.398711 0.012286 0.016550
1.0 0.010428 0.414039 0.009922 0.015249
0.0 0.016597 0.410755 0.008313 0.024789
0.0 0.014861 0.421920 0.006853 0.011999
0.0 0.015010 0.407357 0.005678 0.010049
1.0 0.043832 0.398711 0.012286 0.016550
1.0 0.042306 0.414039 0.009922 0.015249
0.0 0.036137 0.410755 0.008313 0.024789
0.0 0.037873 0.421920 0.006853 0.011999
0.0 0.037725 0.407357 0.005678 0.010049
1.0 0.084683 0.398711 0.012286 0.016550
1.0 0.086209 0.414039 0.009922 0.015249
0.0 0.092378 0.410755 0.008313 0.024789
0.0 0.090643 0.421920 0.006853 0.011999
0.0 0.090791 0.407357 0.005678 0.010049
1.0 0.119614 0.398711 0.012286 0.016550
1.0 0.118087 0.414039 0.009922 0.015249
0.0 0.111919 0.410755 0.008313 0.024789
0.0 0.113654 0.421920 0.006853 0.011999
0.0 0.113506 0.407357 0.005678 0.010049
1.0 0.160465 0.398711 0.012286 0.016550
1.0 0.161991 0.414039 0.009922 0.015249
0.0 0.168159 0.410755 0.008313 0.024789
0.0 0.166424 0.421920 0.006853 0.011999
0.0 0.166572 0.407357 0.005678 0.010049
1.0 0.195395 0.398711 0.012286 0.016550
1.0 0.193869 0.414039 0.009922 0.015249
0.0 0.187700 0.410755 0.008313 0.024789
0.0 0.189435 0.421920 0.006853 0.011999
0.0 0.189287 0.407357 0.005678 0.010049
1.0 0.236246 0.398711 0.012286 0.016550
1.0 0.237772 0.414039 0.009922 0.015249
0.0 0.243941 0.410755 0.008313 0.024789
0.0 0.242205 0.421920 0.006853 0.011999
0.0 0.242354 0.407357 0.005678 0.010049
1.0 0.271176 0.398711 0.012286 0.016550
1.0 0.269650 0.414039 0.009922 0.015249
0.0 0.263481 0.410755 0.008313 0.024789
0.0 0.265217 0.421920 0.006853 0.011999
0.0 0.265068 0.407357 0.005678 0.010049
1.0 0.312027 0.398711 0.012286 0.016550
1.0 0.313553 0.414039 0.009922 0.015249
0.0 0.319722 0.410755 0.008313 0.024789
0.0 0.317986 0.421920 0.006853 0.011999
0.0 0.318135 0.407357 0.005678 0.010049
1.0 0.346957 0.398711 0.012286 0.016550
1.0 0.345431 0.414039 0.009922 0.015249
0.0 0.339262 0.410755 0.008313 0.024789
0.0 0.340998 0.421920 0.006853 0.011999
0.0 0.340850 0.407357 0.005678 0.010049
1.0 0.387808 0.398711 0.012286 0.016550
1.0 0.389334 0.414039 0.009922 0.015249
0.0 0.395503 0.410755 0.008313 0.024789
0.0 0.393768 0.421920 0.006853 0.011999
0.0 0.393916 0.407357 0.005678 0.010049
1.0 0.422739 0.398711 0.012286 0.016550
1.0 0.421212 0.414039 0.009922 0.015249
0.0 0.415044 0.410755 0.008313 0.024789
0.0 0.416779 0.421920 0.006853 0.011999
0.0 0.416631 0.407357 0.005678 0.010049
1.0 0.463590 0.398711 0.012286 0.016550
1.0 0.465116 0.414039 0.009922 0.015249
0.0 0.471284 0.410755 0.008313 0.024789
0.0 0.469549 0.421920 0.006853 0.011999
0.0 0.469697 0.407357 0.005678 0.010049
1.0 0.498520 0.398711 0.012286 0.016550
1.0 0.496994 0.414039 0.009922 0.015249
0.0 0.490825 0.410755 0.008313 0.024789
0.0 0.492560 0.421920 0.006853 0.011999
0.0 0.492412 0.407357 0.005678 0.010049
1.0 0.539371 0.398711 0.012286 0.016550
1.0 0.540897 0.414039 0.009922 0.015249
0.0 0.547066 0.410755 0.008313 0.024789
0.0 0.545330 0.421920 0.006853 0.011999
0.0 0.545479 0.407357 0.005678 0.010049
1.0 0.574301 0.398711 0.012286 0.016550
1.0 0.572775 0.414039 0.009922 0.015249
0.0 0.566606 0.410755 0.008313 0.024789
0.0 0.568342 0.421920 0.006853 0.011999
0.0 0.568193 0.407357 0.005678 0.010049
1.0 0.615152 0.398711 0.012286 0.016550
1.0 0.616678 0.414039 0.009922 0.015249
0.0 0.622847 0.410755 0.008313 0.024789
0.0 0.621111 0.421920 0.006853 0.011999
0.0 0.621260 0.407357 0.005678 0.010049
1.0 0.650082 0.398711 0.012286 0.016550
1.0 0.648556 0.414039 0.009922 0.015249
0.0 0.642387 0.410755 0.008313 0.024789
0.0 0.644123 0.421920 0.006853 0.011999
0.0 0.643975 0.407357 0.005678 0.010049
1.0 0.690933 0.398711 0.012286 0.016550
1.0 0.692459 0.414039 0.009922 0.015249
0.0 0.698628 0.410755 0.008313 0.024789
0.0 0.696893 0.421920 0.006853 0.011999
0.0 0.697041 0.407357 0.005678 0.010049
1.0 0.725864 0.398711 0.012286 0.016550
1.0 0.724337 0.414039 0.009922 0.015249
0.0 0.718169 0.410755 0.008313 0.024789
0.0 0.719904 0.421920 0.006853 0.011999
0.0 0.719756 0.407357 0.005678 0.010049
1.0 0.766715 0.398711 0.012286 0.016550
1.0 0.768241 0.414039 0.009922 0.015249
0.0 0.774409 0.410755 0.008313 0.024789
0.0 0.772674 0.421920 0.006853 0.011999
0.0 0.772822 0.407357 0.005678 0.010049
1.0 0.801645 0.398711 0.012286 0.016550
1.0 0.800119 0.414039 0.009922 0.015249
0.0 0.793950 0.410755 0.008313 0.024789
0.0 0.795685 0.421920 0.006853 0.011999
0.0 0.795537 0.407357 0.005678 0.010049
1.0 0.842496 0.398711 0.012286 0.016550
1.0 0.844022 0.414039 0.009922 0.015249
0.0 0.850191 0.410755 0.008313 0.024789
0.0 0.848455 0.421920 0.006853 0.011999
0.0 0.848604 0.407357 0.005678 0.010049
1.0 0.877426 0.398711 0.012286 0.016550
1.0 0.875900 0.414039 0.009922 0.015249
0.0 0.869731 0.410755 0.008313 0.024789
0.0 0.871467 0.421920 0.006853 0.011999
0.0 0.871318 0.407357 0.005678 0.010049
1.0 0.918277 0.398711 0.012286 0.016550
1.0 0.919803 0.414039 0.009922 0.015249
0.0 0.925972 0.410755 0.008313 0.024789
0.0 0.924236 0.421920 0.006853 0.011999
0.0 0.924385 0.407357 0.005678 0.010049
1.0 0.953207 0.398711 0.012286 0.016550
1.0 0.951681 0.414039 0.009922 0.015249
0.0 0.945512 0.410755 0.008313 0.024789
0.0 0.947248 0.421920 0.006853 0.011999
0.0 0.947100 0.407357 0.005678 0.010049
1.0 0.993958 0.398711 0.012085 0.016550
1.0 0.995312 0.414039 0.009377 0.015249
0.0 0.998798 0.410755 0.002403 0.024789
0.0 0.998296 0.421920 0.003409 0.011999
0.0 0.998664 0.407357 0.002673 0.010049
1.0 0.008902 0.511011 0.012286 0.016550
1.0 0.010428 0.495683 0.009922 0.015249
0.0 0.016597 0.498967 0.008313 0.024789
0.0 0.014861 0.487802 0.006853 0.011999
0.0 0.015010 0.502365 0.005678 0.010049
1.0 0.043832 0.511011 0.012286 0.016550
1.0 0.042306 0.495683 0.009922 0.015249
0.0 0.036137 0.498967 0.008313 0.024789
0.0 0.037873 0.487802 0.006853 0.011999
0.0 0.037725 0.502365 0.005678 0.010049
1.0 0.084683 0.511011 0.012286 0.016550
1.0 0.086209 0.495683 0.009922 0.015249
0.0 0.092378 0.498967 0.008313 0.024789
0.0 0.090643 0.487802 0.006853 0.011999
0.0 0.090791 0.502365 0.005678 0.010049
1.0 0.119614 0.511011 0.012286 0.016550
1.0 0.118087 0.495683 0.009922 0.015249
0.0 0.111919 0.498967 0.008313 0.024789
0.0 0.113654 0.487802 0.006853 0.011999
0.0 0.113506 0.502365 0.005678 0.010049
1.0 0.160465 0.511011 0.012286 0.016550
1.0 0.161991 0.495683 0.009922 0.015249
0.0 0.168159 0.498967 0.008313 0.024789
0.0 0.166424 0.487802 0.006853 0.011999
0.0 0.166572 0.502365 0.005678 0.010049
1.0 0.195395 0.511011 0.012286 0.016550
1.0 0.193869 0.495683 0.009922 0.015249
0.0 0.187700 0.498967 0.008313 0.024789
0.0 0.189435 0.487802 0.006853 0.011999
0.0 0.189287 0.502365 0.005678 0.010049
1.0 0.236246 0.511011 0.012286 0.016550
1.0 0.237772 0.495683 0.009922 0.015249
0.0 0.243941 0.498967 0.008313 0.024789
0.0 0.242205 0.487802 0.006853 0.011999
0.0 0.242354 0.502365 0.005678 0.010049
1.0 0.271176 0.511011 0.012286 0.016550
1.0 0.269650 0.495683 0.009922 0.015249
0.0 0.263481 0.498967 0.008313 0.024789
0.0 0.265217 0.487802 0.006853 0.011999
0.0 0.265068 0.502365 0.005678 0.010049
1.0 0.312027 0.511011 0.012286 0.016550
1.0 0.313553 0.495683 0.009922 0.015249
0.0 0.319722 0.498967 0.008313 0.024789
0.0 0.317986 0.487802 0.006853 0.011999
0.0 0.318135 0.502365 0.005678 0.010049
1.0 0.346957 0.511011 0.012286 0.016550
1.0 0.345431 0.495683 0.009922 0.015249
0.0 0.339262 0.498967 0.008313 0.024789
0.0 0.340998 0.487802 0.006853 0.011999
0.0 0.340850 0.502365 0.005678 0.010049
1.0 0.387808 0.511011 0.012286 0.016550
1.0 0.389334 0.495683 0.009922 0.015249
0.0 0.395503 0.498967 0.008313 0.024789
0.0 0.393768 0.487802 0.006853 0.011999
0.0 0.393916 0.502365 0.005678 0.010049
1.0 0.422739 0.511011 0.012286 0.016550
1.0 0.421212 0.495683 0.009922 0.015249
0.0 0.415044 0.498967 0.008313 0.024789
0.0 0.416779 0.487802 0.006853 0.011999
0.0 0.416631 0.502365 0.005678 0.010049
1.0 0.463590 0.511011 0.012286 0.016550
1.0 0.465116 0.495683 0.009922 0.015249
0.0 0.471284 0.498967 0.008313 0.024789
0.0 0.469549 0.487802 0.006853 0.011999
0.0 0.469697 0.502365 0.005678 0.010049
1.0 0.498520 0.511011 0.012286 0.016550
1.0 0.496994 0.495683 0.009922 0.015249
0.0 0.490825 0.498967 0.008313 0.024789
0.0 0.492560 0.487802 0.006853 0.011999
0.0 0.492412 0.502365 0.005678 0.010049
1.0 0.539371 0.511011 0.012286 0.016550
1.0 0.540897 0.495683 0.009922 0.015249
0.0 0.547066 0.498967 0.008313 0.024789
0.0 0.545330 0.487802 0.006853 0.011999
0.0 0.545479 0.502365 0.005678 0.010049
1.0 0.574301 0.511011 0.012286 0.016550
1.0 0.572775 0.495683 0.009922 0.015249
0.0 0.566606 0.498967 0.008313 0.024789
0.0 0.568342 0.487802 0.006853 0.011999
0.0 0.568193 0.502365 0.005678 0.010049
1.0 0.615152 0.511011 0.012286 0.016550
1.0 0.616678 0.495683 0.009922 0.015249
0.0 0.622847 0.498967 0.008313 0.024789
0.0 0.621111 0.487802 0.006853 0.011999
0.0 0.621260 0.502365 0.005678 0.010049
1.0 0.650082 0.511011 0.012286 0.016550
1.0 0.648556 0.495683 0.009922 0.015249
0.0 0.642387 0.498967 0.008313 0.024789
0.0 0.644123 0.487802 0.006853 0.011999
0.0 0.643975 0.502365 0.005678 0.010049
1.0 0.690933 0.511011 0.012286 0.016550
1.0 0.692459 0.495683 0.009922 0.015249
0.0 0.698628 0.498967 0.008313 0.024789
0.0 0.696893 0.487802 0.006853 0.011999
0.0 0.697041 0.502365 0.005678 0.010049
1.0 0.725864 0.511011 0.012286 0.016550
1.0 0.724337 0.495683 0.009922 0.015249
0.0 0.718169 0.498967 0.008313 0.024789
0.0 0.719904 0.487802 0.006853 0.011999
0.0 0.719756 0.502365 0.005678 0.010049
1.0 0.766715 0.511011 0.012286 0.016550
1.0 0.768241 0.495683 0.009922 0.015249
0.0 0.774409 0.498967 0.008313 0.024789
0.0 0.772674 0.487802 0.006853 0.011999
0.0 0.772822 0.502365 0.005678 0.010049
1.0 0.801645 0.511011 0.012286 0.016550
1.0 0.800119 0.495683 0.009922 0.015249
0.0 0.793950 0.498967 0.008313 0.024789
0.0 0.795685 0.487802 0.006853 0.011999
0.0 0.795537 0.502365 0.005678 0.010049
1.0 0.842496 0.511011 0.012286 0.016550
1.0 0.844022 0.495683 0.009922 0.015249
0.0 0.850191 0.498967 0.008313 0.024789
0.0 0.848455 0.487802 0.006853 0.011999
0.0 0.848604 0.502365 0.005678 0.010049
1.0 0.877426 0.511011 0.012286 0.016550
1.0 0.875900 0.495683 0.009922 0.015249
0.0 0.869731 0.498967 0.008313 0.024789
0.0 0.871467 0.487802 0.006853 0.011999
0.0 0.871318 0.502365 0.005678 0.010049
1.0 0.918277 0.511011 0.012286 0.016550
1.0 0.919803 0.495683 0.009922 0.015249
0.0 0.925972 0.498967 0.008313 0.024789
0.0 0.924236 0.487802 0.006853 0.011999
0.0 0.924385 0.502365 0.005678 0.010049
1.0 0.953207 0.511011 0.012286 0.016550
1.0 0.951681 0.495683 0.009922 0.015249
0.0 0.945512 0.498967 0.008313 0.024789
0.0 0.947248 0.487802 0.006853 0.011999
0.0 0.947100 0.502365 0.005678 0.010049
1.0 0.993958 0.511011 0.012085 0.016550
1.0 0.995312 0.495683 0.009377 0.015249
0.0 0.998798 0.498967 0.002403 0.024789
0.0 0.998296 0.487802 0.003409 0.011999
0.0 0.998664 0.502365 0.002673 0.010049
1.0 0.008902 0.578572 0.012286 0.016550
1.0 0.010428 0.593900 0.009922 0.015249
0.0 0.016597 0.590616 0.008313 0.024789
0.0 0.014861 0.601781 0.006853 0.011999
0.0 0.015010 0.587218 0.005678 0.010049
1.0 0.043832 0.578572 0.012286 0.016550
1.0 0.042306 0.593900 0.009922 0.015249
0.0 0.036137 0.590616 0.008313 0.024789
0.0 0.037873 0.601781 0.006853 0.011999
0.0 0.037725 0.587218 0.005678 0.010049
1.0 0.084683 0.578572 0.012286 0.016550
1.0 0.086209 0.593900 0.009922 0.015249
0.0 0.092378 0.590616 0.008313 0.024789
0.0 0.090643 0.601781 0.006853 0.011999
0.0 0.090791 0.587218 0.005678 0.010049
1.0 0.119614 0.578572 0.012286 0.016550
1.0 0.118087 0.593900 0.009922 0.015249
0.0 0.111919 0.590616 0.008313 0.024789
0.0 0.113654 0.601781 0.006853 0.011999
0.0 0.113506 0.587218 0.005678 0.010049
1.0 0.160465 0.578572 0.012286 0.016550
1.0 0.161991 0.593900 0.009922 0.015249
0.0 0.168159 0.590616 0.008313 0.024789
0.0 0.166424 0.601781 0.006853 0.011999
0.0 0.166572 0.587218 0.005678 0.010049
1.0 0.195395 0.578572 0.012286 0.016550
1.0 0.193869 0.593900 0.009922 0.015249
0.0 0.187700 0.590616 0.008313 0.024789
0.0 0.189435 0.601781 0.006853 0.011999
0.0 0.189287 0.587218 0.005678 0.010049
1.0 0.236246 0.578572 0.012286 0.016550
1.0 0.237772 0.593900 0.009922 0.015249
0.0 0.243941 0.590616 0.008313 0.024789
0.0 0.242205 0.601781 0.006853 0.011999
0.0 0.242354 0.587218 0.005678 0.010049
1.0 0.271176 0.578572 0.012286 0.016550
1.0 0.269650 0.593900 0.009922 0.015249
0.0 0.263481 0.590616 0.008313 0.024789
0.0 0.265217 0.601781 0.006853 0.011999
0.0 0.265068 0.587218 0.005678 0.010049
1.0 0.312027 0.578572 0.012286 0.016550
1.0 0.313553 0.593900 0.009922 0.015249
0.0 0.319722 0.590616 0.008313 0.024789
0.0 0.317986 0.601781 0.006853 0.011999
0.0 0.318135 0.587218 0.005678 0.010049
1.0 0.346957 0.578572 0.012286 0.016550
1.0 0.345431 0.593900 0.009922 0.015249
0.0 0.339262 0.590616 0.008313 0.024789
0.0 0.340998 0.601781 0.006853 0.011999
0.0 0.340850 0.587218 0.005678 0.010049
1.0 0.387808 0.578572 0.012286 0.016550
1.0 0.389334 0.593900 0.009922 0.015249
0.0 0.395503 0.590616 0.008313 0.024789
0.0 0.393768 0.601781 0.006853 0.011999
0.0 0.393916 0.587218 0.005678 0.010049
1.0 0.422739 0.578572 0.012286 0.016550
1.0 0.421212 0.593900 0.009922 0.015249
0.0 0.415044 0.590616 0.008313 0.024789
0.0 0.416779 0.601781 0.006853 0.011999
0.0 0.416631 0.587218 0.005678 0.010049
1.0 0.463590 0.578572 0.012286 0.016550
1.0 0.465116 0.593900 0.009922 0.015249
0.0 0.471284 0.590616 0.008313 0.024789
0.0 0.469549 0.601781 0.006853 0.011999
0.0 0.469697 0.587218 0.005678 0.010049
1.0 0.498520 0.578572 0.012286 0.016550
1.0 0.496994 0.593900 0.009922 0.015249
0.0 0.490825 0.590616 0.008313 0.024789
0.0 0.492560 0.601781 0.006853 0.011999
0.0 0.492412 0.587218 0.005678 0.010049
1.0 0.539371 0.578572 0.012286 0.016550
1.0 0.540897 0.593900 0.009922 0.015249
0.0 0.547066 0.590616 0.008313 0.024789
0.0 0.545330 0.601781 0.006853 0.011999
0.0 0.545479 0.587218 0.005678 0.010049
1.0 0.574301 0.578572 0.012286 0.016550
1.0 0.572775 0.593900 0.009922 0.015249
0.0 0.566606 0.590616 0.008313 0.024789
0.0 0.568342 0.601781 0.006853 0.011999
0.0 0.568193 0.587218 0.005678 0.010049
1.0 0.615152 0.578572 0.012286 0.016550
1.0 0.616678 0.593900 0.009922 0.015249
0.0 0.622847 0.590616 0.008313 0.024789
0.0 0.621111 0.601781 0.006853 0.011999
0.0 0.621260 0.587218 0.005678 0.010049
1.0 0.650082 0.578572 0.012286 0.016550
1.0 0.648556 0.593900 0.009922 0.015249
0.0 0.642387 0.590616 0.008313 0.024789
0.0 0.644123 0.601781 0.006853 0.011999
0.0 0.643975 0.587218 0.005678 0.010049
1.0 0.690933 0.578572 0.012286 0.016550
1.0 0.692459 0.593900 0.009922 0.015249
0.0 0.698628 0.590616 0.008313 0.024789
0.0 0.696893 0.601781 0.006853 0.011999
0.0 0.697041 0.587218 0.005678 0.010049
1.0 0.725864 0.578572 0.012286 0.016550
1.0 0.724337 0.593900 0.009922 0.015249
0.0 0.718169 0.590616 0.008313 0.024789
0.0 0.719904 0.601781 0.006853 0.011999
0.0 0.719756 0.587218 0.005678 0.010049
1.0 0.766715 0.578572 0.012286 0.016550
1.0 0.768241 0.593900 0.009922 0.015249
0.0 0.774409 0.590616 0.008313 0.024789
0.0 0.772674 0.601781 0.006853 0.011999
0.0 0.772822 0.587218 0.005678 0.010049
1.0 0.801645 0.578572 0.012286 0.016550
1.0 0.800119 0.593900 0.009922 0.015249
0.0 0.793950 0.590616 0.008313 0.024789
0.0 0.795685 0.601781 0.006853 0.011999
0.0 0.795537 0.587218 0.005678 0.010049
1.0 0.842496 0.578572 0.012286 0.016550
1.0 0.844022 0.593900 0.009922 0.015249
0.0 0.850191 0.590616 0.008313 0.024789
0.0 0.848455 0.601781 0.006853 0.011999
0.0 0.848604 0.587218 0.005678 0.010049
1.0 0.877426 0.578572 0.012286 0.016550
1.0 0.875900 0.593900 0.009922 0.015249
0.0 0.869731 0.590616 0.008313 0.024789
0.0 0.871467 0.601781 0.006853 0.011999
0.0 0.871318 0.587218 0.005678 0.010049
1.0 0.918277 0.578572 0.012286 0.016550
1.0 0.919803 0.593900 0.009922 0.015249
0.0 0.925972 0.590616 0.008313 0.024789
0.0 0.924236 0.601781 0.006853 0.011999
0.0 0.924385 0.587218 0.005678 0.010049
1.0 0.953207 0.578572 0.012286 0.016550
1.0 0.951681 0.593900 0.009922 0.015249
0.0 0.945512 0.590616 0.008313 0.024789
0.0 0.947248 0.601781 0.006853 0.011999
0.0 0.947100 0.587218 0.005678 0.010049
1.0 0.993958 0.578572 0.012085 0.016550
1.0 0.995312 0.593900 0.009377 0.015249
0.0 0.998798 0.590616 0.002403 0.024789
0.0 0.998296 0.601781 0.003409 0.011999
0.0 0.998664 0.587218 0.002673 0.010049
1.0 0.008902 0.690872 0.012286 0.016550
1.0 0.010428 0.675544 0.009922 0.015249
0.0 0.016597 0.678828 0.008313 0.024789
0.0 0.014861 0.667663 0.006853 0.011999
0.0 0.015010 0.682227 0.005678 0.010049
1.0 0.043832 0.690872 0.012286 0.016550
1.0 0.042306 0.675544 0.009922 0.015249
0.0 0.036137 0.678828 0.008313 0.024789
0.0 0.037873 0.667663 0.006853 0.011999
0.0 0.037725 0.682227 0.005678 0.010049
1.0 0.084683 0.690872 0.012286 0.016550
1.0 0.086209 0.675544 0.009922 0.015249
0.0 0.092378 0.678828 0.008313 0.024789
0.0 0.090643 0.667663 0.006853 0.011999
0.0 0.090791 0.682227 0.005678 0.010049
1.0 0.119614 0.690872 0.012286 0.016550
1.0 0.118087 0.675544 0.009922 0.015249
0.0 0.111919 0.678828 0.008313 0.024789
0.0 0.113654 0.667663 0.006853 0.011999
0.0 0.113506 0.682227 0.005678 0.010049
1.0 0.160465 0.690872 0.012286 0.016550
1.0 0.161991 0.675544 0.009922 0.015249
0.0 0.168159 0.678828 0.008313 0.024789
0.0 0.166424 0.667663 0.006853 0.011999
0.0 0.166572 0.682227 0.005678 0.010049
1.0 0.195395 0.690872 0.012286 0.016550
1.0 0.193869 0.675544 0.009922 0.015249
0.0 0.187700 0.678828 0.008313 0.024789
0.0 0.189435 0.667663 0.006853 0.011999
0.0 0.189287 0.682227 0.005678 0.010049
1.0 0.236246 0.690872 0.012286 0.016550
1.0 0.237772 0.675544 0.009922 0.015249
0.0 0.243941 0.678828 0.008313 0.024789
0.0 0.242205 0.667663 0.006853 0.011999
0.0 0.242354 0.682227 0.005678 0.010049
1.0 0.271176 0.690872 0.012286 0.016550
1.0 0.269650 0.675544 0.009922 0.015249
0.0 0.263481 0.678828 0.008313 0.024789
0.0 0.265217 0.667663 0.006853 0.011999
0.0 0.265068 0.682227 0.005678 0.010049
1.0 0.312027 0.690872 0.012286 0.016550
1.0 0.313553 0.675544 0.009922 0.015249
0.0 0.319722 0.678828 0.008313 0.024789
0.0 0.317986 0.667663 0.006853 0.011999
0.0 0.318135 0.682227 0.005678 0.010049
1.0 0.346957 0.690872 0.012286 0.016550
1.0 0.345431 0.675544 0.009922 0.015249
0.0 0.339262 0.678828 0.008313 0.024789
0.0 0.340998 0.667663 0.006853 0.011999
0.0 0.340850 0.682227 0.005678 0.010049
1.0 0.387808 0.690872 0.012286 0.016550
1.0 0.389334 0.675544 0.009922 0.015249
0.0 0.395503 0.678828 0.008313 0.024789
0.0 0.393768 0.667663 0.006853 0.011999
0.0 0.393916 0.682227 0.005678 0.010049
1.0 0.422739 0.690872 0.012286 0.016550
1.0 0.421212 0.675544 0.009922 0.015249
0.0 0.415044 0.678828 0.008313 0.024789
0.0 0.416779 0.667663 0.006853 0.011999
0.0 0.416631 0.682227 0.005678 0.010049
1.0 0.463590 0.690872 0.012286 0.016550
1.0 0.465116 0.675544 0.009922 0.015249
0.0 0.471284 0.678828 0.008313 0.024789
0.0 0.469549 0.667663 0.006853 0.011999
0.0 0.469697 0.682227 0.005678 0.010049
1.0 0.498520 0.690872 0.012286 0.016550
1.0 0.496994 0.675544 0.009922 0.015249
0.0 0.490825 0.678828 0.008313 0.024789
0.0 0.492560 0.667663 0.006853 0.011999
0.0 0.492412 0.682227 0.005678 0.010049
1.0 0.539371 0.690872 0.012286 0.016550
1.0 0.540897 0.675544 0.009922 0.015249
0.0 0.547066 0.678828 0.008313 0.024789
0.0 0.545330 0.667663 0.006853 0.011999
0.0 0.545479 0.682227 0.005678 0.010049
1.0 0.574301 0.690872 0.012286 0.016550
1.0 0.572775 0.675544 0.009922 0.015249
0.0 0.566606 0.678828 0.008313 0.024789
0.0 0.568342 0.667663 0.006853 0.011999
0.0 0.568193 0.682227 0.005678 0.010049
1.0 0.615152 0.690872 0.012286 0.016550
1.0 0.616678 0.675544 0.009922 0.015249
0.0 0.622847 0.678828 0.008313 0.024789
0.0 0.621111 0.667663 0.006853 0.011999
0.0 0.621260 0.682227 0.005678 0.010049
1.0 0.650082 0.690872 0.012286 0.016550
1.0 0.648556 0.675544 0.009922 0.015249
0.0 0.642387 0.678828 0.008313 0.024789
0.0 0.644123 0.667663 0.006853 0.011999
0.0 0.643975 0.682227 0.005678 0.010049
1.0 0.690933 0.690872 0.012286 0.016550
1.0 0.692459 0.675544 0.009922 0.015249
0.0 0.698628 0.678828 0.008313 0.024789
0.0 0.696893 0.667663 0.006853 0.011999
0.0 0.697041 0.682227 0.005678 0.010049
1.0 0.725864 0.690872 0.012286 0.016550
1.0 0.724337 0.675544 0.009922 0.015249
0.0 0.718169 0.678828 0.008313 0.024789
0.0 0.719904 0.667663 0.006853 0.011999
0.0 0.719756 0.682227 0.005678 0.010049
1.0 0.766715 0.690872 0.012286 0.016550
1.0 0.768241 0.675544 0.009922 0.015249
0.0 0.774409 0.678828 0.008313 0.024789
0.0 0.772674 0.667663 0.006853 0.011999
0.0 0.772822 0.682227 0.005678 0.010049
1.0 0.801645 0.690872 0.012286 0.016550
1.0 0.800119 0.675544 0.009922 0.015249
0.0 0.793950 0.678828 0.008313 0.024789
0.0 0.795685 0.667663 0.006853 0.011999
0.0 0.795537 0.682227 0.005678 0.010049
1.0 0.842496 0.690872 0.012286 0.016550
1.0 0.844022 0.675544 0.009922 0.015249
0.0 0.850191 0.678828 0.008313 0.024789
0.0 0.848455 0.667663 0.006853 0.011999
0.0 0.848604 0.682227 0.005678 0.010049
1.0 0.877426 0.690872 0.012286 0.016550
1.0 0.875900 0.675544 0.009922 0.015249
0.0 0.869731 0.678828 0.008313 0.024789
0.0 0.871467 0.667663 0.006853 0.011999
0.0 0.871318 0.682227 0.005678 0.010049
1.0 0.918277 0.690872 0.012286 0.016550
1.0 0.919803 0.675544 0.009922 0.015249
0.0 0.925972 0.678828 0.008313 0.024789
0.0 0.924236 0.667663 0.006853 0.011999
0.0 0.924385 0.682227 0.005678 0.010049
1.0 0.953207 0.690872 0.012286 0.016550
1.0 0.951681 0.675544 0.009922 0.015249
0.0 0.945512 0.678828 0.008313 0.024789
0.0 0.947248 0.667663 0.006853 0.011999
0.0 0.947100 0.682227 0.005678 0.010049
1.0 0.993958 0.690872 0.012085 0.016550
1.0 0.995312 0.675544 0.009377 0.015249
0.0 0.998798 0.678828 0.002403 0.024789
0.0 0.998296 0.667663 0.003409 0.011999
0.0 0.998664 0.682227 0.002673 0.010049
1.0 0.008902 0.758434 0.012286 0.016550
1.0 0.010428 0.773762 0.009922 0.015249
0.0 0.016597 0.770477 0.008313 0.024789
0.0 0.014861 0.781642 0.006853 0.011999
0.0 0.015010 0.767079 0.005678 0.010049
1.0 0.043832 0.758434 0.012286 0.016550
1.0 0.042306 0.773762 0.009922 0.015249
0.0 0.036137 0.770477 0.008313 0.024789
0.0 0.037873 0.781642 0.006853 0.011999
0.0 0.037725 0.767079 0.005678 0.010049
1.0 0.084683 0.758434 0.012286 0.016550
1.0 0.086209 0.773762 0.009922 0.015249
0.0 0.092378 0.770477 0.008313 0.024789
0.0 0.090643 0.781642 0.006853 0.011999
0.0 0.090791 0.767079 0.005678 0.010049
1.0 0.119614 0.758434 0.012286 0.016550
1.0 0.118087 0.773762 0.009922 0.015249
0.0 0.111919 0.770477 0.008313 0.024789
0.0 0.113654 0.781642 0.006853 0.011999
0.0 0.113506 0.767079 0.005678 0.010049
1.0 0.160465 0.758434 0.012286 0.016550
1.0 0.161991 0.773762 0.009922 0.015249
0.0 0.168159 0.770477 0.008313 0.024789
0.0 0.166424 0.781642 0.006853 0.011999
0.0 0.166572 0.767079 0.005678 0.010049
1.0 0.195395 0.758434 0.012286 0.016550
1.0 0.193869 0.773762 0.009922 0.015249
0.0 0.187700 0.770477 0.008313 0.024789
0.0 0.189435 0.781642 0.006853 0.011999
0.0 0.189287 0.767079 0.005678 0.010049
1.0 0.236246 0.758434 0.012286 0.016550
1.0 0.237772 0.773762 0.009922 0.015249
0.0 0.243941 0.770477 0.008313 0.024789
0.0 0.242205 0.781642 0.006853 0.011999
0.0 0.242354 0.767079 0.005678 0.010049
1.0 0.271176 0.758434 0.012286 0.016550
1.0 0.269650 0.773762 0.009922 0.015249
0.0 0.263481 0.770477 0.008313 0.024789
0.0 0.265217 0.781642 0.006853 0.011999
0.0 0.265068 0.767079 0.005678 0.010049
1.0 0.312027 0.758434 0.012286 0.016550
1.0 0.313553 0.773762 0.009922 0.015249
0.0 0.319722 0.770477 0.008313 0.024789
0.0 0.317986 0.781642 0.006853 0.011999
0.0 0.318135 0.767079 0.005678 0.010049
1.0 0.346957 0.758434 0.012286 0.016550
1.0 0.345431 0.773762 0.009922 0.015249
0.0 0.339262 0.770477 0.008313 0.024789
0.0 0.340998 0.781642 0.006853 0.011999
0.0 0.340850 0.767079 0.005678 0.010049
1.0 0.387808 0.758434 0.012286 0.016550
1.0 0.389334 0.773762 0.009922 0.015249
0.0 0.395503 0.770477 0.008313 0.024789
0.0 0.393768 0.781642 0.006853 0.011999
0.0 0.393916 0.767079 0.005678 0.010049
1.0 0.422739 0.758434 0.012286 0.016550
1.0 0.421212 0.773762 0.009922 0.015249
0.0 0.415044 0.770477 0.008313 0.024789
0.0 0.416779 0.781642 0.006853 0.011999
0.0 0.416631 0.767079 0.005678 0.010049
1.0 0.463590 0.758434 0.012286 0.016550
1.0 0.465116 0.773762 0.009922 0.015249
0.0 0.471284 0.770477 0.008313 0.024789
0.0 0.469549 0.781642 0.006853 0.011999
0.0 0.469697 0.767079 0.005678 0.010049
1.0 0.498520 0.758434 0.012286 0.016550
1.0 0.496994 0.773762 0.009922 0.015249
0.0 0.490825 0.770477 0.008313 0.024789
0.0 0.492560 0.781642 0.006853 0.011999
0.0 0.492412 0.767079 0.005678 0.010049
1.0 0.539371 0.758434 0.012286 0.016550
1.0 0.540897 0.773762 0.009922 0.015249
0.0 0.547066 0.770477 0.008313 0.024789
0.0 0.545330 0.781642 0.006853 0.011999
0.0 0.545479 0.767079 0.005678 0.010049
1.0 0.574301 0.758434 0.012286 0.016550
1.0 0.572775 0.773762 0.009922 0.015249
0.0 0.566606 0.770477 0.008313 0.024789
0.0 0.568342 0.781642 0.006853 0.011999
0.0 0.568193 0.767079 0.005678 0.010049
1.0 0.615152 0.758434 0.012286 0.016550
1.0 0.616678 0.773762 0.009922 0.015249
0.0 0.622847 0.770477 0.008313 0.024789
0.0 0.621111 0.781642 0.006853 0.011999
0.0 0.621260 0.767079 0.005678 0.010049
1.0 0.650082 0.758434 0.012286 0.016550
1.0 0.648556 0.773762 0.009922 0.015249
0.0 0.642387 0.770477 0.008313 0.024789
0.0 0.644123 0.781642 0.006853 0.011999
0.0 0.643975 0.767079 0.005678 0.010049
1.0 0.690933 0.758434 0.012286 0.016550
1.0 0.692459 0.773762 0.009922 0.015249
0.0 0.698628 0.770477 0.008313 0.024789
0.0 0.696893 0.781642 0.006853 0.011999
0.0 0.697041 0.767079 0.005678 0.010049
1.0 0.725864 0.758434 0.012286 0.016550
1.0 0.724337 0.773762 0.009922 0.015249
0.0 0.718169 0.770477 0.008313 0.024789
0.0 0.719904 0.781642 0.006853 0.011999
0.0 0.719756 0.767079 0.005678 0.010049
1.0 0.766715 0.758434 0.012286 0.016550
1.0 0.768241 0.773762 0.009922 0.015249
0.0 0.774409 0.770477 0.008313 0.024789
0.0 0.772674 0.781642 0.006853 0.011999
0.0 0.772822 0.767079 0.005678 0.010049
1.0 0.801645 0.758434 0.012286 0.016550
1.0 0.800119 0.773762 0.009922 0.015249
0.0 0.793950 0.770477 0.008313 0.024789
0.0 0.795685 0.781642 0.006853 0.011999
0.0 0.795537 0.767079 0.005678 0.010049
1.0 0.842496 0.758434 0.012286 0.016550
1.0 0.844022 0.773762 0.009922 0.015249
0.0 0.850191 0.770477 0.008313 0.024789
0.0 0.848455 0.781642 0.006853 0.011999
0.0 0.848604 0.767079 0.005678 0.010049
1.0 0.877426 0.758434 0.012286 0.016550
1.0 0.875900 0.773762 0.009922 0.015249
0.0 0.869731 0.770477 0.008313 0.024789
0.0 0.871467 0.781642 0.006853 0.011999
0.0 0.871318 0.767079 0.005678 0.010049
1.0 0.918277 0.758434 0.012286 0.016550
1.0 0.919803 0.773762 0.009922 0.015249
0.0 0.925972 0.770477 0.008313 0.024789
0.0 0.924236 0.781642 0.006853 0.011999
0.0 0.924385 0.767079 0.005678 0.010049
1.0 0.953207 0.758434 0.012286 0.016550
1.0 0.951681 0.773762 0.009922 0.015249
0.0 0.945512 0.770477 0.008313 0.024789
0.0 0.947248 0.781642 0.006853 0.011999
0.0 0.947100 0.767079 0.005678 0.010049
1.0 0.993958 0.758434 0.012085 0.016550
1.0 0.995312 0.773762 0.009377 0.015249
0.0 0.998798 0.770477 0.002403 0.024789
0.0 0.998296 0.781642 0.003409 0.011999
0.0 0.998664 0.767079 0.002673 0.010049
1.0 0.008902 0.870733 0.012286 0.016550
1.0 0.010428 0.855405 0.009922 0.015249
0.0 0.016597 0.858689 0.008313 0.024789
0.0 0.014861 0.847524 0.006853 0.011999
0.0 0.015010 0.862088 0.005678 0.010049
1.0 0.043832 0.870733 0.012286 0.016550
1.0 0.042306 0.855405 0.009922 0.015249
0.0 0.036137 0.858689 0.008313 0.024789
0.0 0.037873 0.847524 0.006853 0.011999
0.0 0.037725 0.862088 0.005678 0.010049
1.0 0.084683 0.870733 0.012286 0.016550
1.0 0.086209 0.855405 0.009922 0.015249
0.0 0.092378 0.858689 0.008313 0.024789
0.0 0.090643 0.847524 0.006853 0.011999
0.0 0.090791 0.862088 0.005678 0.010049
1.0 0.119614 0.870733 0.012286 0.016550
1.0 0.118087 0.855405 0.009922 0.015249
0.0 0.111919 0.858689 0.008313 0.024789
0.0 0.113654 0.847524 0.006853 0.011999
0.0 0.113506 0.862088 0.005678 0.010049
1.0 0.160465 0.870733 0.012286 0.016550
1.0 0.161991 0.855405 0.009922 0.015249
0.0 0.168159 0.858689 0.008313 0.024789
0.0 0.166424 0.847524 0.006853 0.011999
0.0 0.166572 0.862088 0.005678 0.010049
1.0 0.195395 0.870733 0.012286 0.016550
1.0 0.193869 0.855405 0.009922 0.015249
0.0 0.187700 0.858689 0.008313 0.024789
0.0 0.189435 0.847524 0.006853 0.011999
0.0 0.189287 0.862088 0.005678 0.010049
1.0 0.236246 0.870733 0.012286 0.016550
1.0 0.237772 0.855405 0.009922 0.015249
0.0 0.243941 0.858689 0.008313 0.024789
0.0 0.242205 0.847524 0.006853 0.011999
0.0 0.242354 0.862088 0.005678 0.010049
1.0 0.271176 0.870733 0.012286 0.016550
1.0 0.269650 0.855405 0.009922 0.015249
0.0 0.263481 0.858689 0.008313 0.024789
0.0 0.265217 0.847524 0.006853 0.011999
0.0 0.265068 0.862088 0.005678 0.010049
1.0 0.312027 0.870733 0.012286 0.016550
1.0 0.313553 0.855405 0.009922 0.015249
0.0 0.319722 0.858689 0.008313 0.024789
0.0 0.317986 0.847524 0.006853 0.011999
0.0 0.318135 0.862088 0.005678 0.010049
1.0 0.346957 0.870733 0.012286 0.016550
1.0 0.345431 0.855405 0.009922 0.015249
0.0 0.339262 0.858689 0.008313 0.024789
0.0 0.340998 0.847524 0.006853 0.011999
0.0 0.340850 0.862088 0.005678 0.010049
1.0 0.387808 0.870733 0.012286 0.016550
1.0 0.389334 0.855405 0.009922 0.015249
0.0 0.395503 0.858689 0.008313 0.024789
0.0 0.393768 0.847524 0.006853 0.011999
0.0 0.393916 0.862088 0.005678 0.010049
1.0 0.422739 0.870733 0.012286 0.016550
1.0 0.421212 0.855405 0.009922 0.015249
0.0 0.415044 0.858689 0.008313 0.024789
0.0 0.416779 0.847524 0.006853 0.011999
0.0 0.416631 0.862088 0.005678 0.010049
1.0 0.463590 0.870733 0.012286 0.016550
1.0 0.465116 0.855405 0.009922 0.015249
0.0 0.471284 0.858689 0.008313 0.024789
0.0 0.469549 0.847524 0.006853 0.011999
0.0 0.469697 0.862088 0.005678 0.010049
1.0 0.498520 0.870733 0.012286 0.016550
1.0 0.496994 0.855405 0.009922 0.015249
0.0 0.490825 0.858689 0.008313 0.024789
0.0 0.492560 0.847524 0.006853 0.011999
0.0 0.492412 0.862088 0.005678 0.010049
1.0 0.539371 0.870733 0.012286 0.016550
1.0 0.540897 0.855405 0.009922 0.015249
0.0 0.547066 0.858689 0.008313 0.024789
0.0 0.545330 0.847524 0.006853 0.011999
0.0 0.545479 0.862088 0.005678 0.010049
1.0 0.574301 0.870733 0.012286 0.016550
1.0 0.572775 0.855405 0.009922 0.015249
0.0 0.566606 0.858689 0.008313 0.024789
0.0 0.568342 0.847524 0.006853 0.011999
0.0 0.568193 0.862088 0.005678 0.010049
1.0 0.615152 0.870733 0.012286 0.016550
1.0 0.616678 0.855405 0.009922 0.015249
0.0 0.622847 0.858689 0.008313 0.024789
0.0 0.621111 0.847524 0.006853 0.011999
0.0 0.621260 0.862088 0.005678 0.010049
1.0 0.650082 0.870733 0.012286 0.016550
1.0 0.648556 0.855405 0.009922 0.015249
0.0 0.642387 0.858689 0.008313 0.024789
0.0 0.644123 0.847524 0.006853 0.011999
0.0 0.643975 0.862088 0.005678 0.010049
1.0 0.690933 0.870733 0.012286 0.016550
1.0 0.692459 0.855405 0.009922 0.015249
0.0 0.698628 0.858689 0.008313 0.024789
0.0 0.696893 0.847524 0.006853 0.011999
0.0 0.697041 0.862088 0.005678 0.010049
1.0 0.725864 0.870733 0.012286 0.016550
1.0 0.724337 0.855405 0.009922 0.015249
0.0 0.718169 0.858689 0.008313 0.024789
0.0 0.719904 0.847524 0.006853 0.011999
0.0 0.719756 0.862088 0.005678 0.010049
1.0 0.766715 0.870733 0.012286 0.016550
1.0 0.768241 0.855405 0.009922 0.015249
0.0 0.774409 0.858689 0.008313 0.024789
0.0 0.772674 0.847524 0.006853 0.011999
0.0 0.772822 0.862088 0.005678 0.010049
1.0 0.801645 0.870733 0.012286 0.016550
1.0 0.800119 0.855405 0.009922 0.015249
0.0 0.793950 0.858689 0.008313 0.024789
0.0 0.795685 0.847524 0.006853 0.011999
0.0 0.795537 0.862088 0.005678 0.010049
1.0 0.842496 0.870733 0.012286 0.016550
1.0 0.844022 0.855405 0.009922 0.015249
0.0 0.850191 0.858689 0.008313 0.024789
0.0 0.848455 0.847524 0.006853 0.011999
0.0 0.848604 0.862088 0.005678 0.010049
1.0 0.877426 0.870733 0.012286 0.016550
1.0 0.875900 0.855405 0.009922 0.015249
0.0 0.869731 0.858689 0.008313 0.024789
0.0 0.871467 0.847524 0.006853 0.011999
0.0 0.871318 0.862088 0.005678 0.010049
1.0 0.918277 0.870733 0.012286 0.016550
1.0 0.919803 0.855405 0.009922 0.015249
0.0 0.925972 0.858689 0.008313 0.024789
0.0 0.924236 0.847524 0.006853 0.011999
0.0 0.924385 0.862088 0.005678 0.010049
1.0 0.953207 0.870733 0.012286 0.016550
1.0 0.951681 0.855405 0.009922 0.015249
0.0 0.945512 0.858689 0.008313 0.024789
0.0 0.947248 0.847524 0.006853 0.011999
0.0 0.947100 0.862088 0.005678 0.010049
1.0 0.993958 0.870733 0.012085 0.016550
1.0 0.995312 0.855405 0.009377 0.015249
0.0 0.998798 0.858689 0.002403 0.024789
0.0 0.998296 0.847524 0.003409 0.011999
0.0 0.998664 0.862088 0.002673 0.010049
1.0 0.008902 0.938295 0.012286 0.016550
1.0 0.010428 0.953623 0.009922 0.015249
0.0 0.016597 0.950338 0.008313 0.024789
0.0 0.014861 0.961503 0.006853 0.011999
0.0 0.015010 0.946940 0.005678 0.010049
1.0 0.043832 0.938295 0.012286 0.016550
1.0 0.042306 0.953623 0.009922 0.015249
0.0 0.036137 0.950338 0.008313 0.024789
0.0 0.037873 0.961503 0.006853 0.011999
0.0 0.037725 0.946940 0.005678 0.010049
1.0 0.084683 0.938295 0.012286 0.016550
1.0 0.086209 0.953623 0.009922 0.015249
0.0 0.092378 0.950338 0.008313 0.024789
0.0 0.090643 0.961503 0.006853 0.011999
0.0 0.090791 0.946940 0.005678 0.010049
1.0 0.119614 0.938295 0.012286 0.016550
1.0 0.118087 0.953623 0.009922 0.015249
0.0 0.111919 0.950338 0.008313 0.024789
0.0 0.113654 0.961503 0.006853 0.011999
0.0 0.113506 0.946940 0.005678 0.010049
1.0 0.160465 0.938295 0.012286 0.016550
1.0 0.161991 0.953623 0.009922 0.015249
0.0 0.168159 0.950338 0.008313 0.024789
0.0 0.166424 0.961503 0.006853 0.011999
0.0 0.166572 0.946940 0.005678 0.010049
1.0 0.195395 0.938295 0.012286 0.016550
1.0 0.193869 0.953623 0.009922 0.015249
0.0 0.187700 0.950338 0.008313 0.024789
0.0 0.189435 0.961503 0.006853 0.011999
0.0 0.189287 0.946940 0.005678 0.010049
1.0 0.236246 0.938295 0.012286 0.016550
1.0 0.237772 0.953623 0.009922 0.015249
0.0 0.243941 0.950338 0.008313 0.024789
0.0 0.242205 0.961503 0.006853 0.011999
0.0 0.242354 0.946940 0.005678 0.010049
1.0 0.271176 0.938295 0.012286 0.016550
1.0 0.269650 0.953623 0.009922 0.015249
0.0 0.263481 0.950338 0.008313 0.024789
0.0 0.265217 0.961503 0.006853 0.011999
0.0 0.265068 0.946940 0.005678 0.010049
1.0 0.312027 0.938295 0.012286 0.016550
1.0 0.313553 0.953623 0.009922 0.015249
0.0 0.319722 0.950338 0.008313 0.024789
0.0 0.317986 0.961503 0.006853 0.011999
0.0 0.318135 0.946940 0.005678 0.010049
1.0 0.346957 0.938295 0.012286 0.016550
1.0 0.345431 0.953623 0.009922 0.015249
0.0 0.339262 0.950338 0.008313 0.024789
0.0 0.340998 0.961503 0.006853 0.011999
0.0 0.340850 0.946940 0.005678 0.010049
1.0 0.387808 0.938295 0.012286 0.016550
1.0 0.389334 0.953623 0.009922 0.015249
0.0 0.395503 0.950338 0.008313 0.024789
0.0 0.393768 0.961503 0.006853 0.011999
0.0 0.393916 0.946940 0.005678 0.010049
1.0 0.422739 0.938295 0.012286 0.016550
1.0 0.421212 0.953623 0.009922 0.015249
0.0 0.415044 0.950338 0.008313 0.024789
0.0 0.416779 0.961503 0.006853 0.011999
0.0 0.416631 0.946940 0.005678 0.010049
1.0 0.463590 0.938295 0.012286 0.016550
1.0 0.465116 0.953623 0.009922 0.015249
0.0 0.471284 0.950338 0.008313 0.024789
0.0 0.469549 0.961503 0.006853 0.011999
0.0 0.469697 0.946940 0.005678 0.010049
1.0 0.498520 0.938295 0.012286 0.016550
1.0 0.496994 0.953623 0.009922 0.015249
0.0 0.490825 0.950338 0.008313 0.024789
0.0 0.492560 0.961503 0.006853 0.011999
0.0 0.492412 0.946940 0.005678 0.010049
1.0 0.539371 0.938295 0.012286 0.016550
1.0 0.540897 0.953623 0.009922 0.015249
0.0 0.547066 0.950338 0.008313 0.024789
0.0 0.545330 0.961503 0.006853 0.011999
0.0 0.545479 0.946940 0.005678 0.010049
1.0 0.574301 0.938295 0.012286 0.016550
1.0 0.572775 0.953623 0.009922 0.015249
0.0 0.566606 0.950338 0.008313 0.024789
0.0 0.568342 0.961503 0.006853 0.011999
0.0 0.568193 0.946940 0.005678 0.010049
1.0 0.615152 0.938295 0.012286 0.016550
1.0 0.616678 0.953623 0.009922 0.015249
0.0 0.622847 0.950338 0.008313 0.024789
0.0 0.621111 0.961503 0.006853 0.011999
0.0 0.621260 0.946940 0.005678 0.010049
1.0 0.650082 0.938295 0.012286 0.016550
1.0 0.648556 0.953623 0.009922 0.015249
0.0 0.642387 0.950338 0.008313 0.024789
0.0 0.644123 0.961503 0.006853 0.011999
0.0 0.643975 0.946940 0.005678 0.010049
1.0 0.690933 0.938295 0.012286 0.016550
1.0 0.692459 0.953623 0.009922 0.015249
0.0 0.698628 0.950338 0.008313 0.024789
0.0 0.696893 0.961503 0.006853 0.011999
0.0 0.697041 0.946940 0.005678 0.010049
1.0 0.725864 0.938295 0.012286 0.016550
1.0 0.724337 0.953623 0.009922 0.015249
0.0 0.718169 0.950338 0.008313 0.024789
0.0 0.719904 0.961503 0.006853 0.011999
0.0 0.719756 0.946940 0.005678 0.010049
1.0 0.766715 0.938295 0.012286 0.016550
1.0 0.768241 0.953623 0.009922 0.015249
0.0 0.774409 0.950338 0.008313 0.024789
0.0 0.772674 0.961503 0.006853 0.011999
0.0 0.772822 0.946940 0.005678 0.010049
1.0 0.801645 0.938295 0.012286 0.016550
1.0 0.800119 0.953623 0.009922 0.015249
0.0 0.793950 0.950338 0.008313 0.024789
0.0 0.795685 0.961503 0.006853 0.011999
0.0 0.795537 0.946940 0.005678 0.010049
1.0 0.842496 0.938295 0.012286 0.016550
1.0 0.844022 0.953623 0.009922 0.015249
0.0 0.850191 0.950338 0.008313 0.024789
0.0 0.848455 0.961503 0.006853 0.011999
0.0 0.848604 0.946940 0.005678 0.010049
1.0 0.877426 0.938295 0.012286 0.016550
1.0 0.875900 0.953623 0.009922 0.015249
0.0 0.869731 0.950338 0.008313 0.024789
0.0 0.871467 0.961503 0.006853 0.011999
0.0 0.871318 0.946940 0.005678 0.010049
1.0 0.918277 0.938295 0.012286 0.016550
1.0 0.919803 0.953623 0.009922 0.015249
0.0 0.925972 0.950338 0.008313 0.024789
0.0 0.924236 0.961503 0.006853 0.011999
0.0 0.924385 0.946940 0.005678 0.010049
1.0 0.953207 0.938295 0.012286 0.016550
1.0 0.951681 0.953623 0.009922 0.015249
0.0 0.945512 0.950338 0.008313 0.024789
0.0 0.947248 0.961503 0.006853 0.011999
0.0 0.947100 0.946940 0.005678 0.010049
1.0 0.993958 0.938295 0.012085 0.016550
1.0 0.995312 0.953623 0.009377 0.015249
0.0 0.998798 0.950338 0.002403 0.024789
0.0 0.998296 0.961503 0.003409 0.011999
0.0 0.998664 0.946940 0.002673 0.010049
