0.0 0.009668 0.035561 0.019336 0.053184
0.0 0.009668 0.011906 0.019336 0.023812
0.0 0.034181 0.035561 0.029691 0.053184
0.0 0.033963 0.011906 0.029254 0.023812
0.0 0.105662 0.035561 0.029691 0.053184
0.0 0.105881 0.011906 0.029254 0.023812
0.0 0.135353 0.035561 0.029691 0.053184
0.0 0.135135 0.011906 0.029254 0.023812
0.0 0.206834 0.035561 0.029691 0.053184
0.0 0.207053 0.011906 0.029254 0.023812
0.0 0.236525 0.035561 0.029691 0.053184
0.0 0.236307 0.011906 0.029254 0.023812
0.0 0.308006 0.035561 0.029691 0.053184
0.0 0.308225 0.011906 0.029254 0.023812
0.0 0.337697 0.035561 0.029691 0.053184
0.0 0.337478 0.011906 0.029254 0.023812
0.0 0.409178 0.035561 0.029691 0.053184
0.0 0.409397 0.011906 0.029254 0.023812
0.0 0.438869 0.035561 0.029691 0.053184
0.0 0.438650 0.011906 0.029254 0.023812
0.0 0.510350 0.035561 0.029691 0.053184
0.0 0.510568 0.011906 0.029254 0.023812
0.0 0.540041 0.035561 0.029691 0.053184
0.0 0.539822 0.011906 0.029254 0.023812
0.0 0.611522 0.035561 0.029691 0.053184
0.0 0.611740 0.011906 0.029254 0.023812
0.0 0.641213 0.035561 0.029691 0.053184
0.0 0.640994 0.011906 0.029254 0.023812
0.0 0.712694 0.035561 0.029691 0.053184
0.0 0.712912 0.011906 0.029254 0.023812
0.0 0.742384 0.035561 0.029691 0.053184
0.0 0.742166 0.011906 0.029254 0.023812
0.0 0.813866 0.035561 0.029691 0.053184
0.0 0.814084 0.011906 0.029254 0.023812
0.0 0.843556 0.035561 0.029691 0.053184
0.0 0.843338 0.011906 0.029254 0.023812
0.0 0.915037 0.035561 0.029691 0.053184
0.0 0.915256 0.011906 0.029254 0.023812
0.0 0.944728 0.035561 0.029691 0.053184
0.0 0.944510 0.011906 0.029254 0.023812
0.0 0.009668 0.088745 0.019336 0.053184
0.0 0.009668 0.115004 0.019336 0.029020
0.0 0.034181 0.088745 0.029691 0.053184
0.0 0.033963 0.115004 0.029254 0.029020
0.0 0.105662 0.088745 0.029691 0.053184
0.0 0.105881 0.115004 0.029254 0.029020
0.0 0.135353 0.088745 0.029691 0.053184
0.0 0.135135 0.115004 0.029254 0.029020
0.0 0.206834 0.088745 0.029691 0.053184
0.0 0.207053 0.115004 0.029254 0.029020
0.0 0.236525 0.088745 0.029691 0.053184
0.0 0.236307 0.115004 0.029254 0.029020
0.0 0.308006 0.088745 0.029691 0.053184
0.0 0.308225 0.115004 0.029254 0.029020
0.0 0.337697 0.088745 0.029691 0.053184
0.0 0.337478 0.115004 0.029254 0.029020
0.0 0.409178 0.088745 0.029691 0.053184
0.0 0.409397 0.115004 0.029254 0.029020
0.0 0.438869 0.088745 0.029691 0.053184
0.0 0.438650 0.115004 0.029254 0.029020
0.0 0.510350 0.088745 0.029691 0.053184
0.0 0.510568 0.115004 0.029254 0.029020
0.0 0.540041 0.088745 0.029691 0.053184
0.0 0.539822 0.115004 0.029254 0.029020
0.0 0.611522 0.088745 0.029691 0.053184
0.0 0.611740 0.115004 0.029254 0.029020
0.0 0.641213 0.088745 0.029691 0.053184
0.0 0.640994 0.115004 0.029254 0.029020
0.0 0.712694 0.088745 0.029691 0.053184
0.0 0.712912 0.115004 0.029254 0.029020
0.0 0.742384 0.088745 0.029691 0.053184
0.0 0.742166 0.115004 0.029254 0.029020
0.0 0.813866 0.088745 0.029691 0.053184
0.0 0.814084 0.115004 0.029254 0.029020
0.0 0.843556 0.088745 0.029691 0.053184
0.0 0.843338 0.115004 0.029254 0.029020
0.0 0.915037 0.088745 0.029691 0.053184
0.0 0.915256 0.115004 0.029254 0.029020
0.0 0.944728 0.088745 0.029691 0.053184
0.0 0.944510 0.115004 0.029254 0.029020
0.0 0.009668 0.170283 0.019336 0.053184
0.0 0.009668 0.144024 0.019336 0.029020
0.0 0.034181 0.170283 0.029691 0.053184
0.0 0.033963 0.144024 0.029254 0.029020
0.0 0.105662 0.170283 0.029691 0.053184
0.0 0.105881 0.144024 0.029254 0.029020
0.0 0.135353 0.170283 0.029691 0.053184
0.0 0.135135 0.144024 0.029254 0.029020
0.0 0.206834 0.170283 0.029691 0.053184
0.0 0.207053 0.144024 0.029254 0.029020
0.0 0.236525 0.170283 0.029691 0.053184
0.0 0.236307 0.144024 0.029254 0.029020
0.0 0.308006 0.170283 0.029691 0.053184
0.0 0.308225 0.144024 0.029254 0.029020
0.0 0.337697 0.170283 0.029691 0.053184
0.0 0.337478 0.144024 0.029254 0.029020
0.0 0.409178 0.170283 0.029691 0.053184
0.0 0.409397 0.144024 0.029254 0.029020
0.0 0.438869 0.170283 0.029691 0.053184
0.0 0.438650 0.144024 0.029254 0.029020
0.0 0.510350 0.170283 0.029691 0.053184
0.0 0.510568 0.144024 0.029254 0.029020
0.0 0.540041 0.170283 0.029691 0.053184
0.0 0.539822 0.144024 0.029254 0.029020
0.0 0.611522 0.170283 0.029691 0.053184
0.0 0.611740 0.144024 0.029254 0.029020
0.0 0.641213 0.170283 0.029691 0.053184
0.0 0.640994 0.144024 0.029254 0.029020
0.0 0.712694 0.170283 0.029691 0.053184
0.0 0.712912 0.144024 0.029254 0.029020
0.0 0.742384 0.170283 0.029691 0.053184
0.0 0.742166 0.144024 0.029254 0.029020
0.0 0.813866 0.170283 0.029691 0.053184
0.0 0.814084 0.144024 0.029254 0.029020
0.0 0.843556 0.170283 0.029691 0.053184
0.0 0.843338 0.144024 0.029254 0.029020
0.0 0.915037 0.170283 0.029691 0.053184
0.0 0.915256 0.144024 0.029254 0.029020
0.0 0.944728 0.170283 0.029691 0.053184
0.0 0.944510 0.144024 0.029254 0.029020
0.0 0.009668 0.223467 0.019336 0.053184
0.0 0.009668 0.249726 0.019336 0.029020
0.0 0.034181 0.223467 0.029691 0.053184
0.0 0.033963 0.249726 0.029254 0.029020
0.0 0.105662 0.223467 0.029691 0.053184
0.0 0.105881 0.249726 0.029254 0.029020
0.0 0.135353 0.223467 0.029691 0.053184
0.0 0.135135 0.249726 0.029254 0.029020
0.0 0.206834 0.223467 0.029691 0.053184
0.0 0.207053 0.249726 0.029254 0.029020
0.0 0.236525 0.223467 0.029691 0.053184
0.0 0.236307 0.249726 0.029254 0.029020
0.0 0.308006 0.223467 0.029691 0.053184
0.0 0.308225 0.249726 0.029254 0.029020
0.0 0.337697 0.223467 0.029691 0.053184
0.0 0.337478 0.249726 0.029254 0.029020
0.0 0.409178 0.223467 0.029691 0.053184
0.0 0.409397 0.249726 0.029254 0.029020
0.0 0.438869 0.223467 0.029691 0.053184
0.0 0.438650 0.249726 0.029254 0.029020
0.0 0.510350 0.223467 0.029691 0.053184
0.0 0.510568 0.249726 0.029254 0.029020
0.0 0.540041 0.223467 0.029691 0.053184
0.0 0.539822 0.249726 0.029254 0.029020
0.0 0.611522 0.223467 0.029691 0.053184
0.0 0.611740 0.249726 0.029254 0.029020
0.0 0.641213 0.223467 0.029691 0.053184
0.0 0.640994 0.249726 0.029254 0.029020
0.0 0.712694 0.223467 0.029691 0.053184
0.0 0.712912 0.249726 0.029254 0.029020
0.0 0.742384 0.223467 0.029691 0.053184
0.0 0.742166 0.249726 0.029254 0.029020
0.0 0.813866 0.223467 0.029691 0.053184
0.0 0.814084 0.249726 0.029254 0.029020
0.0 0.843556 0.223467 0.029691 0.053184
0.0 0.843338 0.249726 0.029254 0.029020
0.0 0.915037 0.223467 0.029691 0.053184
0.0 0.915256 0.249726 0.029254 0.029020
0.0 0.944728 0.223467 0.029691 0.053184
0.0 0.944510 0.249726 0.029254 0.029020
0.0 0.009668 0.305005 0.019336 0.053184
0.0 0.009668 0.278746 0.019336 0.029020
0.0 0.034181 0.305005 0.029691 0.053184
0.0 0.033963 0.278746 0.029254 0.029020
0.0 0.105662 0.305005 0.029691 0.053184
0.0 0.105881 0.278746 0.029254 0.029020
0.0 0.135353 0.305005 0.029691 0.053184
0.0 0.135135 0.278746 0.029254 0.029020
0.0 0.206834 0.305005 0.029691 0.053184
0.0 0.207053 0.278746 0.029254 0.029020
0.0 0.236525 0.305005 0.029691 0.053184
0.0 0.236307 0.278746 0.029254 0.029020
0.0 0.308006 0.305005 0.029691 0.053184
0.0 0.308225 0.278746 0.029254 0.029020
0.0 0.337697 0.305005 0.029691 0.053184
0.0 0.337478 0.278746 0.029254 0.029020
0.0 0.409178 0.305005 0.029691 0.053184
0.0 0.409397 0.278746 0.029254 0.029020
0.0 0.438869 0.305005 0.029691 0.053184
0.0 0.438650 0.278746 0.029254 0.029020
0.0 0.510350 0.305005 0.029691 0.053184
0.0 0.510568 0.278746 0.029254 0.029020
0.0 0.540041 0.305005 0.029691 0.053184
0.0 0.539822 0.278746 0.029254 0.029020
0.0 0.611522 0.305005 0.029691 0.053184
0.0 0.611740 0.278746 0.029254 0.029020
0.0 0.641213 0.305005 0.029691 0.053184
0.0 0.640994 0.278746 0.029254 0.029020
0.0 0.712694 0.305005 0.029691 0.053184
0.0 0.712912 0.278746 0.029254 0.029020
0.0 0.742384 0.305005 0.029691 0.053184
0.0 0.742166 0.278746 0.029254 0.029020
0.0 0.813866 0.305005 0.029691 0.053184
0.0 0.814084 0.278746 0.029254 0.029020
0.0 0.843556 0.305005 0.029691 0.053184
0.0 0.843338 0.278746 0.029254 0.029020
0.0 0.915037 0.305005 0.029691 0.053184
0.0 0.915256 0.278746 0.029254 0.029020
0.0 0.944728 0.305005 0.029691 0.053184
0.0 0.944510 0.278746 0.029254 0.029020
0.0 0.009668 0.358189 0.019336 0.053184
0.0 0.009668 0.384448 0.019336 0.029020
0.0 0.034181 0.358189 0.029691 0.053184
0.0 0.033963 0.384448 0.029254 0.029020
0.0 0.105662 0.358189 0.029691 0.053184
0.0 0.105881 0.384448 0.029254 0.029020
0.0 0.135353 0.358189 0.029691 0.053184
0.0 0.135135 0.384448 0.029254 0.029020
0.0 0.206834 0.358189 0.029691 0.053184
0.0 0.207053 0.384448 0.029254 0.029020
0.0 0.236525 0.358189 0.029691 0.053184
0.0 0.236307 0.384448 0.029254 0.029020
0.0 0.308006 0.358189 0.029691 0.053184
0.0 0.308225 0.384448 0.029254 0.029020
0.0 0.337697 0.358189 0.029691 0.053184
0.0 0.337478 0.384448 0.029254 0.029020
0.0 0.409178 0.358189 0.029691 0.053184
0.0 0.409397 0.384448 0.029254 0.029020
0.0 0.438869 0.358189 0.029691 0.053184
0.0 0.438650 0.384448 0.029254 0.029020
0.0 0.510350 0.358189 0.029691 0.053184
0.0 0.510568 0.384448 0.029254 0.029020
0.0 0.540041 0.358189 0.029691 0.053184
0.0 0.539822 0.384448 0.029254 0.029020
0.0 0.611522 0.358189 0.029691 0.053184
0.0 0.611740 0.384448 0.029254 0.029020
0.0 0.641213 0.358189 0.029691 0.053184
0.0 0.640994 0.384448 0.029254 0.029020
0.0 0.712694 0.358189 0.029691 0.053184
0.0 0.712912 0.384448 0.029254 0.029020
0.0 0.742384 0.358189 0.029691 0.053184
0.0 0.742166 0.384448 0.029254 0.029020
0.0 0.813866 0.358189 0.029691 0.053184
0.0 0.814084 0.384448 0.029254 0.029020
0.0 0.843556 0.358189 0.029691 0.053184
0.0 0.843338 0.384448 0.029254 0.029020
0.0 0.915037 0.358189 0.029691 0.053184
0.0 0.915256 0.384448 0.029254 0.029020
0.0 0.944728 0.358189 0.029691 0.053184
0.0 0.944510 0.384448 0.029254 0.029020
0.0 0.009668 0.439727 0.019336 0.053184
0.0 0.009668 0.413469 0.019336 0.029020
0.0 0.034181 0.439727 0.029691 0.053184
0.0 0.033963 0.413469 0.029254 0.029020
0.0 0.105662 0.439727 0.029691 0.053184
0.0 0.105881 0.413469 0.029254 0.029020
0.0 0.135353 0.439727 0.029691 0.053184
0.0 0.135135 0.413469 0.029254 0.029020
0.0 0.206834 0.439727 0.029691 0.053184
0.0 0.207053 0.413469 0.029254 0.029020
0.0 0.236525 0.439727 0.029691 0.053184
0.0 0.236307 0.413469 0.029254 0.029020
0.0 0.308006 0.439727 0.029691 0.053184
0.0 0.308225 0.413469 0.029254 0.029020
0.0 0.337697 0.439727 0.029691 0.053184
0.0 0.337478 0.413469 0.029254 0.029020
0.0 0.409178 0.439727 0.029691 0.053184
0.0 0.409397 0.413469 0.029254 0.029020
0.0 0.438869 0.439727 0.029691 0.053184
0.0 0.438650 0.413469 0.029254 0.029020
0.0 0.510350 0.439727 0.029691 0.053184
0.0 0.510568 0.413469 0.029254 0.029020
0.0 0.540041 0.439727 0.029691 0.053184
0.0 0.539822 0.413469 0.029254 0.029020
0.0 0.611522 0.439727 0.029691 0.053184
0.0 0.611740 0.413469 0.029254 0.029020
0.0 0.641213 0.439727 0.029691 0.053184
0.0 0.640994 0.413469 0.029254 0.029020
0.0 0.712694 0.439727 0.029691 0.053184
0.0 0.712912 0.413469 0.029254 0.029020
0.0 0.742384 0.439727 0.029691 0.053184
0.0 0.742166 0.413469 0.029254 0.029020
0.0 0.813866 0.439727 0.029691 0.053184
0.0 0.814084 0.413469 0.029254 0.029020
0.0 0.843556 0.439727 0.029691 0.053184
0.0 0.843338 0.413469 0.029254 0.029020
0.0 0.915037 0.439727 0.029691 0.053184
0.0 0.915256 0.413469 0.029254 0.029020
0.0 0.944728 0.439727 0.029691 0.053184
0.0 0.944510 0.413469 0.029254 0.029020
0.0 0.009668 0.492911 0.019336 0.053184
0.0 0.009668 0.519170 0.019336 0.029020
0.0 0.034181 0.492911 0.029691 0.053184
0.0 0.033963 0.519170 0.029254 0.029020
0.0 0.105662 0.492911 0.029691 0.053184
0.0 0.105881 0.519170 0.029254 0.029020
0.0 0.135353 0.492911 0.029691 0.053184
0.0 0.135135 0.519170 0.029254 0.029020
0.0 0.206834 0.492911 0.029691 0.053184
0.0 0.207053 0.519170 0.029254 0.029020
0.0 0.236525 0.492911 0.029691 0.053184
0.0 0.236307 0.519170 0.029254 0.029020
0.0 0.308006 0.492911 0.029691 0.053184
0.0 0.308225 0.519170 0.029254 0.029020
0.0 0.337697 0.492911 0.029691 0.053184
0.0 0.337478 0.519170 0.029254 0.029020
0.0 0.409178 0.492911 0.029691 0.053184
0.0 0.409397 0.519170 0.029254 0.029020
0.0 0.438869 0.492911 0.029691 0.053184
0.0 0.438650 0.519170 0.029254 0.029020
0.0 0.510350 0.492911 0.029691 0.053184
0.0 0.510568 0.519170 0.029254 0.029020
0.0 0.540041 0.492911 0.029691 0.053184
0.0 0.539822 0.519170 0.029254 0.029020
0.0 0.611522 0.492911 0.029691 0.053184
0.0 0.611740 0.519170 0.029254 0.029020
0.0 0.641213 0.492911 0.029691 0.053184
0.0 0.640994 0.519170 0.029254 0.029020
0.0 0.712694 0.492911 0.029691 0.053184
0.0 0.712912 0.519170 0.029254 0.029020
0.0 0.742384 0.492911 0.029691 0.053184
0.0 0.742166 0.519170 0.029254 0.029020
0.0 0.813866 0.492911 0.029691 0.053184
0.0 0.814084 0.519170 0.029254 0.029020
0.0 0.843556 0.492911 0.029691 0.053184
0.0 0.843338 0.519170 0.029254 0.029020
0.0 0.915037 0.492911 0.029691 0.053184
0.0 0.915256 0.519170 0.029254 0.029020
0.0 0.944728 0.492911 0.029691 0.053184
0.0 0.944510 0.519170 0.029254 0.029020
0.0 0.009668 0.574450 0.019336 0.053184
0.0 0.009668 0.548191 0.019336 0.029020
0.0 0.034181 0.574450 0.029691 0.053184
0.0 0.033963 0.548191 0.029254 0.029020
0.0 0.105662 0.574450 0.029691 0.053184
0.0 0.105881 0.548191 0.029254 0.029020
0.0 0.135353 0.574450 0.029691 0.053184
0.0 0.135135 0.548191 0.029254 0.029020
0.0 0.206834 0.574450 0.029691 0.053184
0.0 0.207053 0.548191 0.029254 0.029020
0.0 0.236525 0.574450 0.029691 0.053184
0.0 0.236307 0.548191 0.029254 0.029020
0.0 0.308006 0.574450 0.029691 0.053184
0.0 0.308225 0.548191 0.029254 0.029020
0.0 0.337697 0.574450 0.029691 0.053184
0.0 0.337478 0.548191 0.029254 0.029020
0.0 0.409178 0.574450 0.029691 0.053184
0.0 0.409397 0.548191 0.029254 0.029020
0.0 0.438869 0.574450 0.029691 0.053184
0.0 0.438650 0.548191 0.029254 0.029020
0.0 0.510350 0.574450 0.029691 0.053184
0.0 0.510568 0.548191 0.029254 0.029020
0.0 0.540041 0.574450 0.029691 0.053184
0.0 0.539822 0.548191 0.029254 0.029020
0.0 0.611522 0.574450 0.029691 0.053184
0.0 0.611740 0.548191 0.029254 0.029020
0.0 0.641213 0.574450 0.029691 0.053184
0.0 0.640994 0.548191 0.029254 0.029020
0.0 0.712694 0.574450 0.029691 0.053184
0.0 0.712912 0.548191 0.029254 0.029020
0.0 0.742384 0.574450 0.029691 0.053184
0.0 0.742166 0.548191 0.029254 0.029020
0.0 0.813866 0.574450 0.029691 0.053184
0.0 0.814084 0.548191 0.029254 0.029020
0.0 0.843556 0.574450 0.029691 0.053184
0.0 0.843338 0.548191 0.029254 0.029020
0.0 0.915037 0.574450 0.029691 0.053184
0.0 0.915256 0.548191 0.029254 0.029020
0.0 0.944728 0.574450 0.029691 0.053184
0.0 0.944510 0.548191 0.029254 0.029020
0.0 0.009668 0.627634 0.019336 0.053184
0.0 0.009668 0.653893 0.019336 0.029020
0.0 0.034181 0.627634 0.029691 0.053184
0.0 0.033963 0.653893 0.029254 0.029020
0.0 0.105662 0.627634 0.029691 0.053184
0.0 0.105881 0.653893 0.029254 0.029020
0.0 0.135353 0.627634 0.029691 0.053184
0.0 0.135135 0.653893 0.029254 0.029020
0.0 0.206834 0.627634 0.029691 0.053184
0.0 0.207053 0.653893 0.029254 0.029020
0.0 0.236525 0.627634 0.029691 0.053184
0.0 0.236307 0.653893 0.029254 0.029020
0.0 0.308006 0.627634 0.029691 0.053184
0.0 0.308225 0.653893 0.029254 0.029020
0.0 0.337697 0.627634 0.029691 0.053184
0.0 0.337478 0.653893 0.029254 0.029020
0.0 0.409178 0.627634 0.029691 0.053184
0.0 0.409397 0.653893 0.029254 0.029020
0.0 0.438869 0.627634 0.029691 0.053184
0.0 0.438650 0.653893 0.029254 0.029020
0.0 0.510350 0.627634 0.029691 0.053184
0.0 0.510568 0.653893 0.029254 0.029020
0.0 0.540041 0.627634 0.029691 0.053184
0.0 0.539822 0.653893 0.029254 0.029020
0.0 0.611522 0.627634 0.029691 0.053184
0.0 0.611740 0.653893 0.029254 0.029020
0.0 0.641213 0.627634 0.029691 0.053184
0.0 0.640994 0.653893 0.029254 0.029020
0.0 0.712694 0.627634 0.029691 0.053184
0.0 0.712912 0.653893 0.029254 0.029020
0.0 0.742384 0.627634 0.029691 0.053184
0.0 0.742166 0.653893 0.029254 0.029020
0.0 0.813866 0.627634 0.029691 0.053184
0.0 0.814084 0.653893 0.029254 0.029020
0.0 0.843556 0.627634 0.029691 0.053184
0.0 0.843338 0.653893 0.029254 0.029020
0.0 0.915037 0.627634 0.029691 0.053184
0.0 0.915256 0.653893 0.029254 0.029020
0.0 0.944728 0.627634 0.029691 0.053184
0.0 0.944510 0.653893 0.029254 0.029020
0.0 0.009668 0.709172 0.019336 0.053184
0.0 0.009668 0.682913 0.019336 0.029020
0.0 0.034181 0.709172 0.029691 0.053184
0.0 0.033963 0.682913 0.029254 0.029020
0.0 0.105662 0.709172 0.029691 0.053184
0.0 0.105881 0.682913 0.029254 0.029020
0.0 0.135353 0.709172 0.029691 0.053184
0.0 0.135135 0.682913 0.029254 0.029020
0.0 0.206834 0.709172 0.029691 0.053184
0.0 0.207053 0.682913 0.029254 0.029020
0.0 0.236525 0.709172 0.029691 0.053184
0.0 0.236307 0.682913 0.029254 0.029020
0.0 0.308006 0.709172 0.029691 0.053184
0.0 0.308225 0.682913 0.029254 0.029020
0.0 0.337697 0.709172 0.029691 0.053184
0.0 0.337478 0.682913 0.029254 0.029020
0.0 0.409178 0.709172 0.029691 0.053184
0.0 0.409397 0.682913 0.029254 0.029020
0.0 0.438869 0.709172 0.029691 0.053184
0.0 0.438650 0.682913 0.029254 0.029020
0.0 0.510350 0.709172 0.029691 0.053184
0.0 0.510568 0.682913 0.029254 0.029020
0.0 0.540041 0.709172 0.029691 0.053184
0.0 0.539822 0.682913 0.029254 0.029020
0.0 0.611522 0.709172 0.029691 0.053184
0.0 0.611740 0.682913 0.029254 0.029020
0.0 0.641213 0.709172 0.029691 0.053184
0.0 0.640994 0.682913 0.029254 0.029020
0.0 0.712694 0.709172 0.029691 0.053184
0.0 0.712912 0.682913 0.029254 0.029020
0.0 0.742384 0.709172 0.029691 0.053184
0.0 0.742166 0.682913 0.029254 0.029020
0.0 0.813866 0.709172 0.029691 0.053184
0.0 0.814084 0.682913 0.029254 0.029020
0.0 0.843556 0.709172 0.029691 0.053184
0.0 0.843338 0.682913 0.029254 0.029020
0.0 0.915037 0.709172 0.029691 0.053184
0.0 0.915256 0.682913 0.029254 0.029020
0.0 0.944728 0.709172 0.029691 0.053184
0.0 0.944510 0.682913 0.029254 0.029020
0.0 0.009668 0.762356 0.019336 0.053184
0.0 0.009668 0.788615 0.019336 0.029020
0.0 0.034181 0.762356 0.029691 0.053184
0.0 0.033963 0.788615 0.029254 0.029020
0.0 0.105662 0.762356 0.029691 0.053184
0.0 0.105881 0.788615 0.029254 0.029020
0.0 0.135353 0.762356 0.029691 0.053184
0.0 0.135135 0.788615 0.029254 0.029020
0.0 0.206834 0.762356 0.029691 0.053184
0.0 0.207053 0.788615 0.029254 0.029020
0.0 0.236525 0.762356 0.029691 0.053184
0.0 0.236307 0.788615 0.029254 0.029020
0.0 0.308006 0.762356 0.029691 0.053184
0.0 0.308225 0.788615 0.029254 0.029020
0.0 0.337697 0.762356 0.029691 0.053184
0.0 0.337478 0.788615 0.029254 0.029020
0.0 0.409178 0.762356 0.029691 0.053184
0.0 0.409397 0.788615 0.029254 0.029020
0.0 0.438869 0.762356 0.029691 0.053184
0.0 0.438650 0.788615 0.029254 0.029020
0.0 0.510350 0.762356 0.029691 0.053184
0.0 0.510568 0.788615 0.029254 0.029020
0.0 0.540041 0.762356 0.029691 0.053184
0.0 0.539822 0.788615 0.029254 0.029020
0.0 0.611522 0.762356 0.029691 0.053184
0.0 0.611740 0.788615 0.029254 0.029020
0.0 0.641213 0.762356 0.029691 0.053184
0.0 0.640994 0.788615 0.029254 0.029020
0.0 0.712694 0.762356 0.029691 0.053184
0.0 0.712912 0.788615 0.029254 0.029020
0.0 0.742384 0.762356 0.029691 0.053184
0.0 0.742166 0.788615 0.029254 0.029020
0.0 0.813866 0.762356 0.029691 0.053184
0.0 0.814084 0.788615 0.029254 0.029020
0.0 0.843556 0.762356 0.029691 0.053184
0.0 0.843338 0.788615 0.029254 0.029020
0.0 0.915037 0.762356 0.029691 0.053184
0.0 0.915256 0.788615 0.029254 0.029020
0.0 0.944728 0.762356 0.029691 0.053184
0.0 0.944510 0.788615 0.029254 0.029020
0.0 0.009668 0.843894 0.019336 0.053184
0.0 0.009668 0.817635 0.019336 0.029020
0.0 0.034181 0.843894 0.029691 0.053184
0.0 0.033963 0.817635 0.029254 0.029020
0.0 0.105662 0.843894 0.029691 0.053184
0.0 0.105881 0.817635 0.029254 0.029020
0.0 0.135353 0.843894 0.029691 0.053184
0.0 0.135135 0.817635 0.029254 0.029020
0.0 0.206834 0.843894 0.029691 0.053184
0.0 0.207053 0.817635 0.029254 0.029020
0.0 0.236525 0.843894 0.029691 0.053184
0.0 0.236307 0.817635 0.029254 0.029020
0.0 0.308006 0.843894 0.029691 0.053184
0.0 0.308225 0.817635 0.029254 0.029020
0.0 0.337697 0.843894 0.029691 0.053184
0.0 0.337478 0.817635 0.029254 0.029020
0.0 0.409178 0.843894 0.029691 0.053184
0.0 0.409397 0.817635 0.029254 0.029020
0.0 0.438869 0.843894 0.029691 0.053184
0.0 0.438650 0.817635 0.029254 0.029020
0.0 0.510350 0.843894 0.029691 0.053184
0.0 0.510568 0.817635 0.029254 0.029020
0.0 0.540041 0.843894 0.029691 0.053184
0.0 0.539822 0.817635 0.029254 0.029020
0.0 0.611522 0.843894 0.029691 0.053184
0.0 0.611740 0.817635 0.029254 0.029020
0.0 0.641213 0.843894 0.029691 0.053184
0.0 0.640994 0.817635 0.029254 0.029020
0.0 0.712694 0.843894 0.029691 0.053184
0.0 0.712912 0.817635 0.029254 0.029020
0.0 0.742384 0.843894 0.029691 0.053184
0.0 0.742166 0.817635 0.029254 0.029020
0.0 0.813866 0.843894 0.029691 0.053184
0.0 0.814084 0.817635 0.029254 0.029020
0.0 0.843556 0.843894 0.029691 0.053184
0.0 0.843338 0.817635 0.029254 0.029020
0.0 0.915037 0.843894 0.029691 0.053184
0.0 0.915256 0.817635 0.029254 0.029020
0.0 0.944728 0.843894 0.029691 0.053184
0.0 0.944510 0.817635 0.029254 0.029020
0.0 0.009668 0.897078 0.019336 0.053184
0.0 0.009668 0.923337 0.019336 0.029020
0.0 0.034181 0.897078 0.029691 0.053184
0.0 0.033963 0.923337 0.029254 0.029020
0.0 0.105662 0.897078 0.029691 0.053184
0.0 0.105881 0.923337 0.029254 0.029020
0.0 0.135353 0.897078 0.029691 0.053184
0.0 0.135135 0.923337 0.029254 0.029020
0.0 0.206834 0.897078 0.029691 0.053184
0.0 0.207053 0.923337 0.029254 0.029020
0.0 0.236525 0.897078 0.029691 0.053184
0.0 0.236307 0.923337 0.029254 0.029020
0.0 0.308006 0.897078 0.029691 0.053184
0.0 0.308225 0.923337 0.029254 0.029020
0.0 0.337697 0.897078 0.029691 0.053184
0.0 0.337478 0.923337 0.029254 0.029020
0.0 0.409178 0.897078 0.029691 0.053184
0.0 0.409397 0.923337 0.029254 0.029020
0.0 0.438869 0.897078 0.029691 0.053184
0.0 0.438650 0.923337 0.029254 0.029020
0.0 0.510350 0.897078 0.029691 0.053184
0.0 0.510568 0.923337 0.029254 0.029020
0.0 0.540041 0.897078 0.029691 0.053184
0.0 0.539822 0.923337 0.029254 0.029020
0.0 0.611522 0.897078 0.029691 0.053184
0.0 0.611740 0.923337 0.029254 0.029020
0.0 0.641213 0.897078 0.029691 0.053184
0.0 0.640994 0.923337 0.029254 0.029020
0.0 0.712694 0.897078 0.029691 0.053184
0.0 0.712912 0.923337 0.029254 0.029020
0.0 0.742384 0.897078 0.029691 0.053184
0.0 0.742166 0.923337 0.029254 0.029020
0.0 0.813866 0.897078 0.029691 0.053184
0.0 0.814084 0.923337 0.029254 0.029020
0.0 0.843556 0.897078 0.029691 0.053184
0.0 0.843338 0.923337 0.029254 0.029020
0.0 0.915037 0.897078 0.029691 0.053184
0.0 0.915256 0.923337 0.029254 0.029020
0.0 0.944728 0.897078 0.029691 0.053184
0.0 0.944510 0.923337 0.029254 0.029020
0.0 0.009668 0.976012 0.019336 0.047976
0.0 0.009668 0.952357 0.019336 0.029020
0.0 0.034181 0.976012 0.029691 0.047976
0.0 0.033963 0.952357 0.029254 0.029020
0.0 0.105662 0.976012 0.029691 0.047976
0.0 0.105881 0.952357 0.029254 0.029020
0.0 0.135353 0.976012 0.029691 0.047976
0.0 0.135135 0.952357 0.029254 0.029020
0.0 0.206834 0.976012 0.029691 0.047976
0.0 0.207053 0.952357 0.029254 0.029020
0.0 0.236525 0.976012 0.029691 0.047976
0.0 0.236307 0.952357 0.029254 0.029020
0.0 0.308006 0.976012 0.029691 0.047976
0.0 0.308225 0.952357 0.029254 0.029020
0.0 0.337697 0.976012 0.029691 0.047976
0.0 0.337478 0.952357 0.029254 0.029020
0.0 0.409178 0.976012 0.029691 0.047976
0.0 0.409397 0.952357 0.029254 0.029020
0.0 0.438869 0.976012 0.029691 0.047976
0.0 0.438650 0.952357 0.029254 0.029020
0.0 0.510350 0.976012 0.029691 0.047976
0.0 0.510568 0.952357 0.029254 0.029020
0.0 0.540041 0.976012 0.029691 0.047976
0.0 0.539822 0.952357 0.029254 0.029020
0.0 0.611522 0.976012 0.029691 0.047976
0.0 0.611740 0.952357 0.029254 0.029020
0.0 0.641213 0.976012 0.029691 0.047976
0.0 0.640994 0.952357 0.029254 0.029020
0.0 0.712694 0.976012 0.029691 0.047976
0.0 0.712912 0.952357 0.029254 0.029020
0.0 0.742384 0.976012 0.029691 0.047976
0.0 0.742166 0.952357 0.029254 0.029020
0.0 0.813866 0.976012 0.029691 0.047976
0.0 0.814084 0.952357 0.029254 0.029020
0.0 0.843556 0.976012 0.029691 0.047976
0.0 0.843338 0.952357 0.029254 0.029020
0.0 0.915037 0.976012 0.029691 0.047976
0.0 0.915256 0.952357 0.029254 0.029020
0.0 0.944728 0.976012 0.029691 0.047976
0.0 0.944510 0.952357 0.029254 0.029020
