0.0 0.006560 0.034204 0.013121 0.055898
0.0 0.047737 0.034204 0.044371 0.055898
0.0 0.056651 0.023186 0.026542 0.046371
0.0 0.059208 0.010183 0.021429 0.020366
0.0 0.092107 0.034204 0.044371 0.055898
0.0 0.083193 0.023186 0.026542 0.046371
0.0 0.080636 0.010183 0.021429 0.020366
0.0 0.148908 0.034204 0.044371 0.055898
0.0 0.157823 0.023186 0.026542 0.046371
0.0 0.160379 0.010183 0.021429 0.020366
0.0 0.193279 0.034204 0.044371 0.055898
0.0 0.184365 0.023186 0.026542 0.046371
0.0 0.181808 0.010183 0.021429 0.020366
0.0 0.250080 0.034204 0.044371 0.055898
0.0 0.258994 0.023186 0.026542 0.046371
0.0 0.261551 0.010183 0.021429 0.020366
0.0 0.294451 0.034204 0.044371 0.055898
0.0 0.285537 0.023186 0.026542 0.046371
0.0 0.282980 0.010183 0.021429 0.020366
0.0 0.351252 0.034204 0.044371 0.055898
0.0 0.360166 0.023186 0.026542 0.046371
0.0 0.362723 0.010183 0.021429 0.020366
0.0 0.395623 0.034204 0.044371 0.055898
0.0 0.386709 0.023186 0.026542 0.046371
0.0 0.384152 0.010183 0.021429 0.020366
0.0 0.452424 0.034204 0.044371 0.055898
0.0 0.461338 0.023186 0.026542 0.046371
0.0 0.463895 0.010183 0.021429 0.020366
0.0 0.496795 0.034204 0.044371 0.055898
0.0 0.487881 0.023186 0.026542 0.046371
0.0 0.485324 0.010183 0.021429 0.020366
0.0 0.553596 0.034204 0.044371 0.055898
0.0 0.562510 0.023186 0.026542 0.046371
0.0 0.565067 0.010183 0.021429 0.020366
0.0 0.597967 0.034204 0.044371 0.055898
0.0 0.589052 0.023186 0.026542 0.046371
0.0 0.586496 0.010183 0.021429 0.020366
0.0 0.654768 0.034204 0.044371 0.055898
0.0 0.663682 0.023186 0.026542 0.046371
0.0 0.666239 0.010183 0.021429 0.020366
0.0 0.699138 0.034204 0.044371 0.055898
0.0 0.690224 0.023186 0.026542 0.046371
0.0 0.687667 0.010183 0.021429 0.020366
0.0 0.755940 0.034204 0.044371 0.055898
0.0 0.764854 0.023186 0.026542 0.046371
0.0 0.767411 0.010183 0.021429 0.020366
0.0 0.800310 0.034204 0.044371 0.055898
0.0 0.791396 0.023186 0.026542 0.046371
0.0 0.788839 0.010183 0.021429 0.020366
0.0 0.857112 0.034204 0.044371 0.055898
0.0 0.866026 0.023186 0.026542 0.046371
0.0 0.868583 0.010183 0.021429 0.020366
0.0 0.901482 0.034204 0.044371 0.055898
0.0 0.892568 0.023186 0.026542 0.046371
0.0 0.890011 0.010183 0.021429 0.020366
0.0 0.958283 0.034204 0.044371 0.055898
0.0 0.967198 0.023186 0.026542 0.046371
0.0 0.969754 0.010183 0.021429 0.020366
0.0 0.990234 0.034204 0.019531 0.055898
0.0 0.990234 0.023186 0.019531 0.046371
0.0 0.990234 0.010183 0.019531 0.020366
0.0 0.006560 0.090102 0.013121 0.055898
0.0 0.047737 0.090102 0.044371 0.055898
0.0 0.056651 0.103724 0.026542 0.051580
0.0 0.059208 0.116727 0.021429 0.025574
0.0 0.092107 0.090102 0.044371 0.055898
0.0 0.083193 0.103724 0.026542 0.051580
0.0 0.080636 0.116727 0.021429 0.025574
0.0 0.148908 0.090102 0.044371 0.055898
0.0 0.157823 0.103724 0.026542 0.051580
0.0 0.160379 0.116727 0.021429 0.025574
0.0 0.193279 0.090102 0.044371 0.055898
0.0 0.184365 0.103724 0.026542 0.051580
0.0 0.181808 0.116727 0.021429 0.025574
0.0 0.250080 0.090102 0.044371 0.055898
0.0 0.258994 0.103724 0.026542 0.051580
0.0 0.261551 0.116727 0.021429 0.025574
0.0 0.294451 0.090102 0.044371 0.055898
0.0 0.285537 0.103724 0.026542 0.051580
0.0 0.282980 0.116727 0.021429 0.025574
0.0 0.351252 0.090102 0.044371 0.055898
0.0 0.360166 0.103724 0.026542 0.051580
0.0 0.362723 0.116727 0.021429 0.025574
0.0 0.395623 0.090102 0.044371 0.055898
0.0 0.386709 0.103724 0.026542 0.051580
0.0 0.384152 0.116727 0.021429 0.025574
0.0 0.452424 0.090102 0.044371 0.055898
0.0 0.461338 0.103724 0.026542 0.051580
0.0 0.463895 0.116727 0.021429 0.025574
0.0 0.496795 0.090102 0.044371 0.055898
0.0 0.487881 0.103724 0.026542 0.051580
0.0 0.485324 0.116727 0.021429 0.025574
0.0 0.553596 0.090102 0.044371 0.055898
0.0 0.562510 0.103724 0.026542 0.051580
0.0 0.565067 0.116727 0.021429 0.025574
0.0 0.597967 0.090102 0.044371 0.055898
0.0 0.589052 0.103724 0.026542 0.051580
0.0 0.586496 0.116727 0.021429 0.025574
0.0 0.654768 0.090102 0.044371 0.055898
0.0 0.663682 0.103724 0.026542 0.051580
0.0 0.666239 0.116727 0.021429 0.025574
0.0 0.699138 0.090102 0.044371 0.055898
0.0 0.690224 0.103724 0.026542 0.051580
0.0 0.687667 0.116727 0.021429 0.025574
0.0 0.755940 0.090102 0.044371 0.055898
0.0 0.764854 0.103724 0.026542 0.051580
0.0 0.767411 0.116727 0.021429 0.025574
0.0 0.800310 0.090102 0.044371 0.055898
0.0 0.791396 0.103724 0.026542 0.051580
0.0 0.788839 0.116727 0.021429 0.025574
0.0 0.857112 0.090102 0.044371 0.055898
0.0 0.866026 0.103724 0.026542 0.051580
0.0 0.868583 0.116727 0.021429 0.025574
0.0 0.901482 0.090102 0.044371 0.055898
0.0 0.892568 0.103724 0.026542 0.051580
0.0 0.890011 0.116727 0.021429 0.025574
0.0 0.958283 0.090102 0.044371 0.055898
0.0 0.967198 0.103724 0.026542 0.051580
0.0 0.969754 0.116727 0.021429 0.025574
0.0 0.990234 0.090102 0.019531 0.055898
0.0 0.990234 0.103724 0.019531 0.051580
0.0 0.990234 0.116727 0.019531 0.025574
0.0 0.006560 0.168926 0.013121 0.055898
0.0 0.047737 0.168926 0.044371 0.055898
0.0 0.056651 0.155304 0.026542 0.051580
0.0 0.059208 0.142301 0.021429 0.025574
0.0 0.092107 0.168926 0.044371 0.055898
0.0 0.083193 0.155304 0.026542 0.051580
0.0 0.080636 0.142301 0.021429 0.025574
0.0 0.148908 0.168926 0.044371 0.055898
0.0 0.157823 0.155304 0.026542 0.051580
0.0 0.160379 0.142301 0.021429 0.025574
0.0 0.193279 0.168926 0.044371 0.055898
0.0 0.184365 0.155304 0.026542 0.051580
0.0 0.181808 0.142301 0.021429 0.025574
0.0 0.250080 0.168926 0.044371 0.055898
0.0 0.258994 0.155304 0.026542 0.051580
0.0 0.261551 0.142301 0.021429 0.025574
0.0 0.294451 0.168926 0.044371 0.055898
0.0 0.285537 0.155304 0.026542 0.051580
0.0 0.282980 0.142301 0.021429 0.025574
0.0 0.351252 0.168926 0.044371 0.055898
0.0 0.360166 0.155304 0.026542 0.051580
0.0 0.362723 0.142301 0.021429 0.025574
0.0 0.395623 0.168926 0.044371 0.055898
0.0 0.386709 0.155304 0.026542 0.051580
0.0 0.384152 0.142301 0.021429 0.025574
0.0 0.452424 0.168926 0.044371 0.055898
0.0 0.461338 0.155304 0.026542 0.051580
0.0 0.463895 0.142301 0.021429 0.025574
0.0 0.496795 0.168926 0.044371 0.055898
0.0 0.487881 0.155304 0.026542 0.051580
0.0 0.485324 0.142301 0.021429 0.025574
0.0 0.553596 0.168926 0.044371 0.055898
0.0 0.562510 0.155304 0.026542 0.051580
0.0 0.565067 0.142301 0.021429 0.025574
0.0 0.597967 0.168926 0.044371 0.055898
0.0 0.589052 0.155304 0.026542 0.051580
0.0 0.586496 0.142301 0.021429 0.025574
0.0 0.654768 0.168926 0.044371 0.055898
0.0 0.663682 0.155304 0.026542 0.051580
0.0 0.666239 0.142301 0.021429 0.025574
0.0 0.699138 0.168926 0.044371 0.055898
0.0 0.690224 0.155304 0.026542 0.051580
0.0 0.687667 0.142301 0.021429 0.025574
0.0 0.755940 0.168926 0.044371 0.055898
0.0 0.764854 0.155304 0.026542 0.051580
0.0 0.767411 0.142301 0.021429 0.025574
0.0 0.800310 0.168926 0.044371 0.055898
0.0 0.791396 0.155304 0.026542 0.051580
0.0 0.788839 0.142301 0.021429 0.025574
0.0 0.857112 0.168926 0.044371 0.055898
0.0 0.866026 0.155304 0.026542 0.051580
0.0 0.868583 0.142301 0.021429 0.025574
0.0 0.901482 0.168926 0.044371 0.055898
0.0 0.892568 0.155304 0.026542 0.051580
0.0 0.890011 0.142301 0.021429 0.025574
0.0 0.958283 0.168926 0.044371 0.055898
0.0 0.967198 0.155304 0.026542 0.051580
0.0 0.969754 0.142301 0.021429 0.025574
0.0 0.990234 0.168926 0.019531 0.055898
0.0 0.990234 0.155304 0.019531 0.051580
0.0 0.990234 0.142301 0.019531 0.025574
0.0 0.006560 0.224824 0.013121 0.055898
0.0 0.047737 0.224824 0.044371 0.055898
0.0 0.056651 0.238446 0.026542 0.051580
0.0 0.059208 0.251449 0.021429 0.025574
0.0 0.092107 0.224824 0.044371 0.055898
0.0 0.083193 0.238446 0.026542 0.051580
0.0 0.080636 0.251449 0.021429 0.025574
0.0 0.148908 0.224824 0.044371 0.055898
0.0 0.157823 0.238446 0.026542 0.051580
0.0 0.160379 0.251449 0.021429 0.025574
0.0 0.193279 0.224824 0.044371 0.055898
0.0 0.184365 0.238446 0.026542 0.051580
0.0 0.181808 0.251449 0.021429 0.025574
0.0 0.250080 0.224824 0.044371 0.055898
0.0 0.258994 0.238446 0.026542 0.051580
0.0 0.261551 0.251449 0.021429 0.025574
0.0 0.294451 0.224824 0.044371 0.055898
0.0 0.285537 0.238446 0.026542 0.051580
0.0 0.282980 0.251449 0.021429 0.025574
0.0 0.351252 0.224824 0.044371 0.055898
0.0 0.360166 0.238446 0.026542 0.051580
0.0 0.362723 0.251449 0.021429 0.025574
0.0 0.395623 0.224824 0.044371 0.055898
0.0 0.386709 0.238446 0.026542 0.051580
0.0 0.384152 0.251449 0.021429 0.025574
0.0 0.452424 0.224824 0.044371 0.055898
0.0 0.461338 0.238446 0.026542 0.051580
0.0 0.463895 0.251449 0.021429 0.025574
0.0 0.496795 0.224824 0.044371 0.055898
0.0 0.487881 0.238446 0.026542 0.051580
0.0 0.485324 0.251449 0.021429 0.025574
0.0 0.553596 0.224824 0.044371 0.055898
0.0 0.562510 0.238446 0.026542 0.051580
0.0 0.565067 0.251449 0.021429 0.025574
0.0 0.597967 0.224824 0.044371 0.055898
0.0 0.589052 0.238446 0.026542 0.051580
0.0 0.586496 0.251449 0.021429 0.025574
0.0 0.654768 0.224824 0.044371 0.055898
0.0 0.663682 0.238446 0.026542 0.051580
0.0 0.666239 0.251449 0.021429 0.025574
0.0 0.699138 0.224824 0.044371 0.055898
0.0 0.690224 0.238446 0.026542 0.051580
0.0 0.687667 0.251449 0.021429 0.025574
0.0 0.755940 0.224824 0.044371 0.055898
0.0 0.764854 0.238446 0.026542 0.051580
0.0 0.767411 0.251449 0.021429 0.025574
0.0 0.800310 0.224824 0.044371 0.055898
0.0 0.791396 0.238446 0.026542 0.051580
0.0 0.788839 0.251449 0.021429 0.025574
0.0 0.857112 0.224824 0.044371 0.055898
0.0 0.866026 0.238446 0.026542 0.051580
0.0 0.868583 0.251449 0.021429 0.025574
0.0 0.901482 0.224824 0.044371 0.055898
0.0 0.892568 0.238446 0.026542 0.051580
0.0 0.890011 0.251449 0.021429 0.025574
0.0 0.958283 0.224824 0.044371 0.055898
0.0 0.967198 0.238446 0.026542 0.051580
0.0 0.969754 0.251449 0.021429 0.025574
0.0 0.990234 0.224824 0.019531 0.055898
0.0 0.990234 0.238446 0.019531 0.051580
0.0 0.990234 0.251449 0.019531 0.025574
0.0 0.006560 0.303648 0.013121 0.055898
0.0 0.047737 0.303648 0.044371 0.055898
0.0 0.056651 0.290026 0.026542 0.051580
0.0 0.059208 0.277023 0.021429 0.025574
0.0 0.092107 0.303648 0.044371 0.055898
0.0 0.083193 0.290026 0.026542 0.051580
0.0 0.080636 0.277023 0.021429 0.025574
0.0 0.148908 0.303648 0.044371 0.055898
0.0 0.157823 0.290026 0.026542 0.051580
0.0 0.160379 0.277023 0.021429 0.025574
0.0 0.193279 0.303648 0.044371 0.055898
0.0 0.184365 0.290026 0.026542 0.051580
0.0 0.181808 0.277023 0.021429 0.025574
0.0 0.250080 0.303648 0.044371 0.055898
0.0 0.258994 0.290026 0.026542 0.051580
0.0 0.261551 0.277023 0.021429 0.025574
0.0 0.294451 0.303648 0.044371 0.055898
0.0 0.285537 0.290026 0.026542 0.051580
0.0 0.282980 0.277023 0.021429 0.025574
0.0 0.351252 0.303648 0.044371 0.055898
0.0 0.360166 0.290026 0.026542 0.051580
0.0 0.362723 0.277023 0.021429 0.025574
0.0 0.395623 0.303648 0.044371 0.055898
0.0 0.386709 0.290026 0.026542 0.051580
0.0 0.384152 0.277023 0.021429 0.025574
0.0 0.452424 0.303648 0.044371 0.055898
0.0 0.461338 0.290026 0.026542 0.051580
0.0 0.463895 0.277023 0.021429 0.025574
0.0 0.496795 0.303648 0.044371 0.055898
0.0 0.487881 0.290026 0.026542 0.051580
0.0 0.485324 0.277023 0.021429 0.025574
0.0 0.553596 0.303648 0.044371 0.055898
0.0 0.562510 0.290026 0.026542 0.051580
0.0 0.565067 0.277023 0.021429 0.025574
0.0 0.597967 0.303648 0.044371 0.055898
0.0 0.589052 0.290026 0.026542 0.051580
0.0 0.586496 0.277023 0.021429 0.025574
0.0 0.654768 0.303648 0.044371 0.055898
0.0 0.663682 0.290026 0.026542 0.051580
0.0 0.666239 0.277023 0.021429 0.025574
0.0 0.699138 0.303648 0.044371 0.055898
0.0 0.690224 0.290026 0.026542 0.051580
0.0 0.687667 0.277023 0.021429 0.025574
0.0 0.755940 0.303648 0.044371 0.055898
0.0 0.764854 0.290026 0.026542 0.051580
0.0 0.767411 0.277023 0.021429 0.025574
0.0 0.800310 0.303648 0.044371 0.055898
0.0 0.791396 0.290026 0.026542 0.051580
0.0 0.788839 0.277023 0.021429 0.025574
0.0 0.857112 0.303648 0.044371 0.055898
0.0 0.866026 0.290026 0.026542 0.051580
0.0 0.868583 0.277023 0.021429 0.025574
0.0 0.901482 0.303648 0.044371 0.055898
0.0 0.892568 0.290026 0.026542 0.051580
0.0 0.890011 0.277023 0.021429 0.025574
0.0 0.958283 0.303648 0.044371 0.055898
0.0 0.967198 0.290026 0.026542 0.051580
0.0 0.969754 0.277023 0.021429 0.025574
0.0 0.990234 0.303648 0.019531 0.055898
0.0 0.990234 0.290026 0.019531 0.051580
0.0 0.990234 0.277023 0.019531 0.025574
0.0 0.006560 0.359546 0.013121 0.055898
0.0 0.047737 0.359546 0.044371 0.055898
0.0 0.056651 0.373169 0.026542 0.051580
0.0 0.059208 0.386171 0.021429 0.025574
0.0 0.092107 0.359546 0.044371 0.055898
0.0 0.083193 0.373169 0.026542 0.051580
0.0 0.080636 0.386171 0.021429 0.025574
0.0 0.148908 0.359546 0.044371 0.055898
0.0 0.157823 0.373169 0.026542 0.051580
0.0 0.160379 0.386171 0.021429 0.025574
0.0 0.193279 0.359546 0.044371 0.055898
0.0 0.184365 0.373169 0.026542 0.051580
0.0 0.181808 0.386171 0.021429 0.025574
0.0 0.250080 0.359546 0.044371 0.055898
0.0 0.258994 0.373169 0.026542 0.051580
0.0 0.261551 0.386171 0.021429 0.025574
0.0 0.294451 0.359546 0.044371 0.055898
0.0 0.285537 0.373169 0.026542 0.051580
0.0 0.282980 0.386171 0.021429 0.025574
0.0 0.351252 0.359546 0.044371 0.055898
0.0 0.360166 0.373169 0.026542 0.051580
0.0 0.362723 0.386171 0.021429 0.025574
0.0 0.395623 0.359546 0.044371 0.055898
0.0 0.386709 0.373169 0.026542 0.051580
0.0 0.384152 0.386171 0.021429 0.025574
0.0 0.452424 0.359546 0.044371 0.055898
0.0 0.461338 0.373169 0.026542 0.051580
0.0 0.463895 0.386171 0.021429 0.025574
0.0 0.496795 0.359546 0.044371 0.055898
0.0 0.487881 0.373169 0.026542 0.051580
0.0 0.485324 0.386171 0.021429 0.025574
0.0 0.553596 0.359546 0.044371 0.055898
0.0 0.562510 0.373169 0.026542 0.051580
0.0 0.565067 0.386171 0.021429 0.025574
0.0 0.597967 0.359546 0.044371 0.055898
0.0 0.589052 0.373169 0.026542 0.051580
0.0 0.586496 0.386171 0.021429 0.025574
0.0 0.654768 0.359546 0.044371 0.055898
0.0 0.663682 0.373169 0.026542 0.051580
0.0 0.666239 0.386171 0.021429 0.025574
0.0 0.699138 0.359546 0.044371 0.055898
0.0 0.690224 0.373169 0.026542 0.051580
0.0 0.687667 0.386171 0.021429 0.025574
0.0 0.755940 0.359546 0.044371 0.055898
0.0 0.764854 0.373169 0.026542 0.051580
0.0 0.767411 0.386171 0.021429 0.025574
0.0 0.800310 0.359546 0.044371 0.055898
0.0 0.791396 0.373169 0.026542 0.051580
0.0 0.788839 0.386171 0.021429 0.025574
0.0 0.857112 0.359546 0.044371 0.055898
0.0 0.866026 0.373169 0.026542 0.051580
0.0 0.868583 0.386171 0.021429 0.025574
0.0 0.901482 0.359546 0.044371 0.055898
0.0 0.892568 0.373169 0.026542 0.051580
0.0 0.890011 0.386171 0.021429 0.025574
0.0 0.958283 0.359546 0.044371 0.055898
0.0 0.967198 0.373169 0.026542 0.051580
0.0 0.969754 0.386171 0.021429 0.025574
0.0 0.990234 0.359546 0.019531 0.055898
0.0 0.990234 0.373169 0.019531 0.051580
0.0 0.990234 0.386171 0.019531 0.025574
0.0 0.006560 0.438370 0.013121 0.055898
0.0 0.047737 0.438370 0.044371 0.055898
0.0 0.056651 0.424748 0.026542 0.051580
0.0 0.059208 0.411746 0.021429 0.025574
0.0 0.092107 0.438370 0.044371 0.055898
0.0 0.083193 0.424748 0.026542 0.051580
0.0 0.080636 0.411746 0.021429 0.025574
0.0 0.148908 0.438370 0.044371 0.055898
0.0 0.157823 0.424748 0.026542 0.051580
0.0 0.160379 0.411746 0.021429 0.025574
0.0 0.193279 0.438370 0.044371 0.055898
0.0 0.184365 0.424748 0.026542 0.051580
0.0 0.181808 0.411746 0.021429 0.025574
0.0 0.250080 0.438370 0.044371 0.055898
0.0 0.258994 0.424748 0.026542 0.051580
0.0 0.261551 0.411746 0.021429 0.025574
0.0 0.294451 0.438370 0.044371 0.055898
0.0 0.285537 0.424748 0.026542 0.051580
0.0 0.282980 0.411746 0.021429 0.025574
0.0 0.351252 0.438370 0.044371 0.055898
0.0 0.360166 0.424748 0.026542 0.051580
0.0 0.362723 0.411746 0.021429 0.025574
0.0 0.395623 0.438370 0.044371 0.055898
0.0 0.386709 0.424748 0.026542 0.051580
0.0 0.384152 0.411746 0.021429 0.025574
0.0 0.452424 0.438370 0.044371 0.055898
0.0 0.461338 0.424748 0.026542 0.051580
0.0 0.463895 0.411746 0.021429 0.025574
0.0 0.496795 0.438370 0.044371 0.055898
0.0 0.487881 0.424748 0.026542 0.051580
0.0 0.485324 0.411746 0.021429 0.025574
0.0 0.553596 0.438370 0.044371 0.055898
0.0 0.562510 0.424748 0.026542 0.051580
0.0 0.565067 0.411746 0.021429 0.025574
0.0 0.597967 0.438370 0.044371 0.055898
0.0 0.589052 0.424748 0.026542 0.051580
0.0 0.586496 0.411746 0.021429 0.025574
0.0 0.654768 0.438370 0.044371 0.055898
0.0 0.663682 0.424748 0.026542 0.051580
0.0 0.666239 0.411746 0.021429 0.025574
0.0 0.699138 0.438370 0.044371 0.055898
0.0 0.690224 0.424748 0.026542 0.051580
0.0 0.687667 0.411746 0.021429 0.025574
0.0 0.755940 0.438370 0.044371 0.055898
0.0 0.764854 0.424748 0.026542 0.051580
0.0 0.767411 0.411746 0.021429 0.025574
0.0 0.800310 0.438370 0.044371 0.055898
0.0 0.791396 0.424748 0.026542 0.051580
0.0 0.788839 0.411746 0.021429 0.025574
0.0 0.857112 0.438370 0.044371 0.055898
0.0 0.866026 0.424748 0.026542 0.051580
0.0 0.868583 0.411746 0.021429 0.025574
0.0 0.901482 0.438370 0.044371 0.055898
0.0 0.892568 0.424748 0.026542 0.051580
0.0 0.890011 0.411746 0.021429 0.025574
0.0 0.958283 0.438370 0.044371 0.055898
0.0 0.967198 0.424748 0.026542 0.051580
0.0 0.969754 0.411746 0.021429 0.025574
0.0 0.990234 0.438370 0.019531 0.055898
0.0 0.990234 0.424748 0.019531 0.051580
0.0 0.990234 0.411746 0.019531 0.025574
0.0 0.006560 0.494268 0.013121 0.055898
0.0 0.047737 0.494268 0.044371 0.055898
0.0 0.056651 0.507891 0.026542 0.051580
0.0 0.059208 0.520893 0.021429 0.025574
0.0 0.092107 0.494268 0.044371 0.055898
0.0 0.083193 0.507891 0.026542 0.051580
0.0 0.080636 0.520893 0.021429 0.025574
0.0 0.148908 0.494268 0.044371 0.055898
0.0 0.157823 0.507891 0.026542 0.051580
0.0 0.160379 0.520893 0.021429 0.025574
0.0 0.193279 0.494268 0.044371 0.055898
0.0 0.184365 0.507891 0.026542 0.051580
0.0 0.181808 0.520893 0.021429 0.025574
0.0 0.250080 0.494268 0.044371 0.055898
0.0 0.258994 0.507891 0.026542 0.051580
0.0 0.261551 0.520893 0.021429 0.025574
0.0 0.294451 0.494268 0.044371 0.055898
0.0 0.285537 0.507891 0.026542 0.051580
0.0 0.282980 0.520893 0.021429 0.025574
0.0 0.351252 0.494268 0.044371 0.055898
0.0 0.360166 0.507891 0.026542 0.051580
0.0 0.362723 0.520893 0.021429 0.025574
0.0 0.395623 0.494268 0.044371 0.055898
0.0 0.386709 0.507891 0.026542 0.051580
0.0 0.384152 0.520893 0.021429 0.025574
0.0 0.452424 0.494268 0.044371 0.055898
0.0 0.461338 0.507891 0.026542 0.051580
0.0 0.463895 0.520893 0.021429 0.025574
0.0 0.496795 0.494268 0.044371 0.055898
0.0 0.487881 0.507891 0.026542 0.051580
0.0 0.485324 0.520893 0.021429 0.025574
0.0 0.553596 0.494268 0.044371 0.055898
0.0 0.562510 0.507891 0.026542 0.051580
0.0 0.565067 0.520893 0.021429 0.025574
0.0 0.597967 0.494268 0.044371 0.055898
0.0 0.589052 0.507891 0.026542 0.051580
0.0 0.586496 0.520893 0.021429 0.025574
0.0 0.654768 0.494268 0.044371 0.055898
0.0 0.663682 0.507891 0.026542 0.051580
0.0 0.666239 0.520893 0.021429 0.025574
0.0 0.699138 0.494268 0.044371 0.055898
0.0 0.690224 0.507891 0.026542 0.051580
0.0 0.687667 0.520893 0.021429 0.025574
0.0 0.755940 0.494268 0.044371 0.055898
0.0 0.764854 0.507891 0.026542 0.051580
0.0 0.767411 0.520893 0.021429 0.025574
0.0 0.800310 0.494268 0.044371 0.055898
0.0 0.791396 0.507891 0.026542 0.051580
0.0 0.788839 0.520893 0.021429 0.025574
0.0 0.857112 0.494268 0.044371 0.055898
0.0 0.866026 0.507891 0.026542 0.051580
0.0 0.868583 0.520893 0.021429 0.025574
0.0 0.901482 0.494268 0.044371 0.055898
0.0 0.892568 0.507891 0.026542 0.051580
0.0 0.890011 0.520893 0.021429 0.025574
0.0 0.958283 0.494268 0.044371 0.055898
0.0 0.967198 0.507891 0.026542 0.051580
0.0 0.969754 0.520893 0.021429 0.025574
0.0 0.990234 0.494268 0.019531 0.055898
0.0 0.990234 0.507891 0.019531 0.051580
0.0 0.990234 0.520893 0.019531 0.025574
0.0 0.006560 0.573093 0.013121 0.055898
0.0 0.047737 0.573093 0.044371 0.055898
0.0 0.056651 0.559470 0.026542 0.051580
0.0 0.059208 0.546468 0.021429 0.025574
0.0 0.092107 0.573093 0.044371 0.055898
0.0 0.083193 0.559470 0.026542 0.051580
0.0 0.080636 0.546468 0.021429 0.025574
0.0 0.148908 0.573093 0.044371 0.055898
0.0 0.157823 0.559470 0.026542 0.051580
0.0 0.160379 0.546468 0.021429 0.025574
0.0 0.193279 0.573093 0.044371 0.055898
0.0 0.184365 0.559470 0.026542 0.051580
0.0 0.181808 0.546468 0.021429 0.025574
0.0 0.250080 0.573093 0.044371 0.055898
0.0 0.258994 0.559470 0.026542 0.051580
0.0 0.261551 0.546468 0.021429 0.025574
0.0 0.294451 0.573093 0.044371 0.055898
0.0 0.285537 0.559470 0.026542 0.051580
0.0 0.282980 0.546468 0.021429 0.025574
0.0 0.351252 0.573093 0.044371 0.055898
0.0 0.360166 0.559470 0.026542 0.051580
0.0 0.362723 0.546468 0.021429 0.025574
0.0 0.395623 0.573093 0.044371 0.055898
0.0 0.386709 0.559470 0.026542 0.051580
0.0 0.384152 0.546468 0.021429 0.025574
0.0 0.452424 0.573093 0.044371 0.055898
0.0 0.461338 0.559470 0.026542 0.051580
0.0 0.463895 0.546468 0.021429 0.025574
0.0 0.496795 0.573093 0.044371 0.055898
0.0 0.487881 0.559470 0.026542 0.051580
0.0 0.485324 0.546468 0.021429 0.025574
0.0 0.553596 0.573093 0.044371 0.055898
0.0 0.562510 0.559470 0.026542 0.051580
0.0 0.565067 0.546468 0.021429 0.025574
0.0 0.597967 0.573093 0.044371 0.055898
0.0 0.589052 0.559470 0.026542 0.051580
0.0 0.586496 0.546468 0.021429 0.025574
0.0 0.654768 0.573093 0.044371 0.055898
0.0 0.663682 0.559470 0.026542 0.051580
0.0 0.666239 0.546468 0.021429 0.025574
0.0 0.699138 0.573093 0.044371 0.055898
0.0 0.690224 0.559470 0.026542 0.051580
0.0 0.687667 0.546468 0.021429 0.025574
0.0 0.755940 0.573093 0.044371 0.055898
0.0 0.764854 0.559470 0.026542 0.051580
0.0 0.767411 0.546468 0.021429 0.025574
0.0 0.800310 0.573093 0.044371 0.055898
0.0 0.791396 0.559470 0.026542 0.051580
0.0 0.788839 0.546468 0.021429 0.025574
0.0 0.857112 0.573093 0.044371 0.055898
0.0 0.866026 0.559470 0.026542 0.051580
0.0 0.868583 0.546468 0.021429 0.025574
0.0 0.901482 0.573093 0.044371 0.055898
0.0 0.892568 0.559470 0.026542 0.051580
0.0 0.890011 0.546468 0.021429 0.025574
0.0 0.958283 0.573093 0.044371 0.055898
0.0 0.967198 0.559470 0.026542 0.051580
0.0 0.969754 0.546468 0.021429 0.025574
0.0 0.990234 0.573093 0.019531 0.055898
0.0 0.990234 0.559470 0.019531 0.051580
0.0 0.990234 0.546468 0.019531 0.025574
0.0 0.006560 0.628991 0.013121 0.055898
0.0 0.047737 0.628991 0.044371 0.055898
0.0 0.056651 0.642613 0.026542 0.051580
0.0 0.059208 0.655616 0.021429 0.025574
0.0 0.092107 0.628991 0.044371 0.055898
0.0 0.083193 0.642613 0.026542 0.051580
0.0 0.080636 0.655616 0.021429 0.025574
0.0 0.148908 0.628991 0.044371 0.055898
0.0 0.157823 0.642613 0.026542 0.051580
0.0 0.160379 0.655616 0.021429 0.025574
0.0 0.193279 0.628991 0.044371 0.055898
0.0 0.184365 0.642613 0.026542 0.051580
0.0 0.181808 0.655616 0.021429 0.025574
0.0 0.250080 0.628991 0.044371 0.055898
0.0 0.258994 0.642613 0.026542 0.051580
0.0 0.261551 0.655616 0.021429 0.025574
0.0 0.294451 0.628991 0.044371 0.055898
0.0 0.285537 0.642613 0.026542 0.051580
0.0 0.282980 0.655616 0.021429 0.025574
0.0 0.351252 0.628991 0.044371 0.055898
0.0 0.360166 0.642613 0.026542 0.051580
0.0 0.362723 0.655616 0.021429 0.025574
0.0 0.395623 0.628991 0.044371 0.055898
0.0 0.386709 0.642613 0.026542 0.051580
0.0 0.384152 0.655616 0.021429 0.025574
0.0 0.452424 0.628991 0.044371 0.055898
0.0 0.461338 0.642613 0.026542 0.051580
0.0 0.463895 0.655616 0.021429 0.025574
0.0 0.496795 0.628991 0.044371 0.055898
0.0 0.487881 0.642613 0.026542 0.051580
0.0 0.485324 0.655616 0.021429 0.025574
0.0 0.553596 0.628991 0.044371 0.055898
0.0 0.562510 0.642613 0.026542 0.051580
0.0 0.565067 0.655616 0.021429 0.025574
0.0 0.597967 0.628991 0.044371 0.055898
0.0 0.589052 0.642613 0.026542 0.051580
0.0 0.586496 0.655616 0.021429 0.025574
0.0 0.654768 0.628991 0.044371 0.055898
0.0 0.663682 0.642613 0.026542 0.051580
0.0 0.666239 0.655616 0.021429 0.025574
0.0 0.699138 0.628991 0.044371 0.055898
0.0 0.690224 0.642613 0.026542 0.051580
0.0 0.687667 0.655616 0.021429 0.025574
0.0 0.755940 0.628991 0.044371 0.055898
0.0 0.764854 0.642613 0.026542 0.051580
0.0 0.767411 0.655616 0.021429 0.025574
0.0 0.800310 0.628991 0.044371 0.055898
0.0 0.791396 0.642613 0.026542 0.051580
0.0 0.788839 0.655616 0.021429 0.025574
0.0 0.857112 0.628991 0.044371 0.055898
0.0 0.866026 0.642613 0.026542 0.051580
0.0 0.868583 0.655616 0.021429 0.025574
0.0 0.901482 0.628991 0.044371 0.055898
0.0 0.892568 0.642613 0.026542 0.051580
0.0 0.890011 0.655616 0.021429 0.025574
0.0 0.958283 0.628991 0.044371 0.055898
0.0 0.967198 0.642613 0.026542 0.051580
0.0 0.969754 0.655616 0.021429 0.025574
0.0 0.990234 0.628991 0.019531 0.055898
0.0 0.990234 0.642613 0.019531 0.051580
0.0 0.990234 0.655616 0.019531 0.025574
0.0 0.006560 0.707815 0.013121 0.055898
0.0 0.047737 0.707815 0.044371 0.055898
0.0 0.056651 0.694193 0.026542 0.051580
0.0 0.059208 0.681190 0.021429 0.025574
0.0 0.092107 0.707815 0.044371 0.055898
0.0 0.083193 0.694193 0.026542 0.051580
0.0 0.080636 0.681190 0.021429 0.025574
0.0 0.148908 0.707815 0.044371 0.055898
0.0 0.157823 0.694193 0.026542 0.051580
0.0 0.160379 0.681190 0.021429 0.025574
0.0 0.193279 0.707815 0.044371 0.055898
0.0 0.184365 0.694193 0.026542 0.051580
0.0 0.181808 0.681190 0.021429 0.025574
0.0 0.250080 0.707815 0.044371 0.055898
0.0 0.258994 0.694193 0.026542 0.051580
0.0 0.261551 0.681190 0.021429 0.025574
0.0 0.294451 0.707815 0.044371 0.055898
0.0 0.285537 0.694193 0.026542 0.051580
0.0 0.282980 0.681190 0.021429 0.025574
0.0 0.351252 0.707815 0.044371 0.055898
0.0 0.360166 0.694193 0.026542 0.051580
0.0 0.362723 0.681190 0.021429 0.025574
0.0 0.395623 0.707815 0.044371 0.055898
0.0 0.386709 0.694193 0.026542 0.051580
0.0 0.384152 0.681190 0.021429 0.025574
0.0 0.452424 0.707815 0.044371 0.055898
0.0 0.461338 0.694193 0.026542 0.051580
0.0 0.463895 0.681190 0.021429 0.025574
0.0 0.496795 0.707815 0.044371 0.055898
0.0 0.487881 0.694193 0.026542 0.051580
0.0 0.485324 0.681190 0.021429 0.025574
0.0 0.553596 0.707815 0.044371 0.055898
0.0 0.562510 0.694193 0.026542 0.051580
0.0 0.565067 0.681190 0.021429 0.025574
0.0 0.597967 0.707815 0.044371 0.055898
0.0 0.589052 0.694193 0.026542 0.051580
0.0 0.586496 0.681190 0.021429 0.025574
0.0 0.654768 0.707815 0.044371 0.055898
0.0 0.663682 0.694193 0.026542 0.051580
0.0 0.666239 0.681190 0.021429 0.025574
0.0 0.699138 0.707815 0.044371 0.055898
0.0 0.690224 0.694193 0.026542 0.051580
0.0 0.687667 0.681190 0.021429 0.025574
0.0 0.755940 0.707815 0.044371 0.055898
0.0 0.764854 0.694193 0.026542 0.051580
0.0 0.767411 0.681190 0.021429 0.025574
0.0 0.800310 0.707815 0.044371 0.055898
0.0 0.791396 0.694193 0.026542 0.051580
0.0 0.788839 0.681190 0.021429 0.025574
0.0 0.857112 0.707815 0.044371 0.055898
0.0 0.866026 0.694193 0.026542 0.051580
0.0 0.868583 0.681190 0.021429 0.025574
0.0 0.901482 0.707815 0.044371 0.055898
0.0 0.892568 0.694193 0.026542 0.051580
0.0 0.890011 0.681190 0.021429 0.025574
0.0 0.958283 0.707815 0.044371 0.055898
0.0 0.967198 0.694193 0.026542 0.051580
0.0 0.969754 0.681190 0.021429 0.025574
0.0 0.990234 0.707815 0.019531 0.055898
0.0 0.990234 0.694193 0.019531 0.051580
0.0 0.990234 0.681190 0.019531 0.025574
0.0 0.006560 0.763713 0.013121 0.055898
0.0 0.047737 0.763713 0.044371 0.055898
0.0 0.056651 0.777335 0.026542 0.051580
0.0 0.059208 0.790338 0.021429 0.025574
0.0 0.092107 0.763713 0.044371 0.055898
0.0 0.083193 0.777335 0.026542 0.051580
0.0 0.080636 0.790338 0.021429 0.025574
0.0 0.148908 0.763713 0.044371 0.055898
0.0 0.157823 0.777335 0.026542 0.051580
0.0 0.160379 0.790338 0.021429 0.025574
0.0 0.193279 0.763713 0.044371 0.055898
0.0 0.184365 0.777335 0.026542 0.051580
0.0 0.181808 0.790338 0.021429 0.025574
0.0 0.250080 0.763713 0.044371 0.055898
0.0 0.258994 0.777335 0.026542 0.051580
0.0 0.261551 0.790338 0.021429 0.025574
0.0 0.294451 0.763713 0.044371 0.055898
0.0 0.285537 0.777335 0.026542 0.051580
0.0 0.282980 0.790338 0.021429 0.025574
0.0 0.351252 0.763713 0.044371 0.055898
0.0 0.360166 0.777335 0.026542 0.051580
0.0 0.362723 0.790338 0.021429 0.025574
0.0 0.395623 0.763713 0.044371 0.055898
0.0 0.386709 0.777335 0.026542 0.051580
0.0 0.384152 0.790338 0.021429 0.025574
0.0 0.452424 0.763713 0.044371 0.055898
0.0 0.461338 0.777335 0.026542 0.051580
0.0 0.463895 0.790338 0.021429 0.025574
0.0 0.496795 0.763713 0.044371 0.055898
0.0 0.487881 0.777335 0.026542 0.051580
0.0 0.485324 0.790338 0.021429 0.025574
0.0 0.553596 0.763713 0.044371 0.055898
0.0 0.562510 0.777335 0.026542 0.051580
0.0 0.565067 0.790338 0.021429 0.025574
0.0 0.597967 0.763713 0.044371 0.055898
0.0 0.589052 0.777335 0.026542 0.051580
0.0 0.586496 0.790338 0.021429 0.025574
0.0 0.654768 0.763713 0.044371 0.055898
0.0 0.663682 0.777335 0.026542 0.051580
0.0 0.666239 0.790338 0.021429 0.025574
0.0 0.699138 0.763713 0.044371 0.055898
0.0 0.690224 0.777335 0.026542 0.051580
0.0 0.687667 0.790338 0.021429 0.025574
0.0 0.755940 0.763713 0.044371 0.055898
0.0 0.764854 0.777335 0.026542 0.051580
0.0 0.767411 0.790338 0.021429 0.025574
0.0 0.800310 0.763713 0.044371 0.055898
0.0 0.791396 0.777335 0.026542 0.051580
0.0 0.788839 0.790338 0.021429 0.025574
0.0 0.857112 0.763713 0.044371 0.055898
0.0 0.866026 0.777335 0.026542 0.051580
0.0 0.868583 0.790338 0.021429 0.025574
0.0 0.901482 0.763713 0.044371 0.055898
0.0 0.892568 0.777335 0.026542 0.051580
0.0 0.890011 0.790338 0.021429 0.025574
0.0 0.958283 0.763713 0.044371 0.055898
0.0 0.967198 0.777335 0.026542 0.051580
0.0 0.969754 0.790338 0.021429 0.025574
0.0 0.990234 0.763713 0.019531 0.055898
0.0 0.990234 0.777335 0.019531 0.051580
0.0 0.990234 0.790338 0.019531 0.025574
0.0 0.006560 0.842537 0.013121 0.055898
0.0 0.047737 0.842537 0.044371 0.055898
0.0 0.056651 0.828915 0.026542 0.051580
0.0 0.059208 0.815912 0.021429 0.025574
0.0 0.092107 0.842537 0.044371 0.055898
0.0 0.083193 0.828915 0.026542 0.051580
0.0 0.080636 0.815912 0.021429 0.025574
0.0 0.148908 0.842537 0.044371 0.055898
0.0 0.157823 0.828915 0.026542 0.051580
0.0 0.160379 0.815912 0.021429 0.025574
0.0 0.193279 0.842537 0.044371 0.055898
0.0 0.184365 0.828915 0.026542 0.051580
0.0 0.181808 0.815912 0.021429 0.025574
0.0 0.250080 0.842537 0.044371 0.055898
0.0 0.258994 0.828915 0.026542 0.051580
0.0 0.261551 0.815912 0.021429 0.025574
0.0 0.294451 0.842537 0.044371 0.055898
0.0 0.285537 0.828915 0.026542 0.051580
0.0 0.282980 0.815912 0.021429 0.025574
0.0 0.351252 0.842537 0.044371 0.055898
0.0 0.360166 0.828915 0.026542 0.051580
0.0 0.362723 0.815912 0.021429 0.025574
0.0 0.395623 0.842537 0.044371 0.055898
0.0 0.386709 0.828915 0.026542 0.051580
0.0 0.384152 0.815912 0.021429 0.025574
0.0 0.452424 0.842537 0.044371 0.055898
0.0 0.461338 0.828915 0.026542 0.051580
0.0 0.463895 0.815912 0.021429 0.025574
0.0 0.496795 0.842537 0.044371 0.055898
0.0 0.487881 0.828915 0.026542 0.051580
0.0 0.485324 0.815912 0.021429 0.025574
0.0 0.553596 0.842537 0.044371 0.055898
0.0 0.562510 0.828915 0.026542 0.051580
0.0 0.565067 0.815912 0.021429 0.025574
0.0 0.597967 0.842537 0.044371 0.055898
0.0 0.589052 0.828915 0.026542 0.051580
0.0 0.586496 0.815912 0.021429 0.025574
0.0 0.654768 0.842537 0.044371 0.055898
0.0 0.663682 0.828915 0.026542 0.051580
0.0 0.666239 0.815912 0.021429 0.025574
0.0 0.699138 0.842537 0.044371 0.055898
0.0 0.690224 0.828915 0.026542 0.051580
0.0 0.687667 0.815912 0.021429 0.025574
0.0 0.755940 0.842537 0.044371 0.055898
0.0 0.764854 0.828915 0.026542 0.051580
0.0 0.767411 0.815912 0.021429 0.025574
0.0 0.800310 0.842537 0.044371 0.055898
0.0 0.791396 0.828915 0.026542 0.051580
0.0 0.788839 0.815912 0.021429 0.025574
0.0 0.857112 0.842537 0.044371 0.055898
0.0 0.866026 0.828915 0.026542 0.051580
0.0 0.868583 0.815912 0.021429 0.025574
0.0 0.901482 0.842537 0.044371 0.055898
0.0 0.892568 0.828915 0.026542 0.051580
0.0 0.890011 0.815912 0.021429 0.025574
0.0 0.958283 0.842537 0.044371 0.055898
0.0 0.967198 0.828915 0.026542 0.051580
0.0 0.969754 0.815912 0.021429 0.025574
0.0 0.990234 0.842537 0.019531 0.055898
0.0 0.990234 0.828915 0.019531 0.051580
0.0 0.990234 0.815912 0.019531 0.025574
0.0 0.006560 0.898435 0.013121 0.055898
0.0 0.047737 0.898435 0.044371 0.055898
0.0 0.056651 0.912057 0.026542 0.051580
0.0 0.059208 0.925060 0.021429 0.025574
0.0 0.092107 0.898435 0.044371 0.055898
0.0 0.083193 0.912057 0.026542 0.051580
0.0 0.080636 0.925060 0.021429 0.025574
0.0 0.148908 0.898435 0.044371 0.055898
0.0 0.157823 0.912057 0.026542 0.051580
0.0 0.160379 0.925060 0.021429 0.025574
0.0 0.193279 0.898435 0.044371 0.055898
0.0 0.184365 0.912057 0.026542 0.051580
0.0 0.181808 0.925060 0.021429 0.025574
0.0 0.250080 0.898435 0.044371 0.055898
0.0 0.258994 0.912057 0.026542 0.051580
0.0 0.261551 0.925060 0.021429 0.025574
0.0 0.294451 0.898435 0.044371 0.055898
0.0 0.285537 0.912057 0.026542 0.051580
0.0 0.282980 0.925060 0.021429 0.025574
0.0 0.351252 0.898435 0.044371 0.055898
0.0 0.360166 0.912057 0.026542 0.051580
0.0 0.362723 0.925060 0.021429 0.025574
0.0 0.395623 0.898435 0.044371 0.055898
0.0 0.386709 0.912057 0.026542 0.051580
0.0 0.384152 0.925060 0.021429 0.025574
0.0 0.452424 0.898435 0.044371 0.055898
0.0 0.461338 0.912057 0.026542 0.051580
0.0 0.463895 0.925060 0.021429 0.025574
0.0 0.496795 0.898435 0.044371 0.055898
0.0 0.487881 0.912057 0.026542 0.051580
0.0 0.485324 0.925060 0.021429 0.025574
0.0 0.553596 0.898435 0.044371 0.055898
0.0 0.562510 0.912057 0.026542 0.051580
0.0 0.565067 0.925060 0.021429 0.025574
0.0 0.597967 0.898435 0.044371 0.055898
0.0 0.589052 0.912057 0.026542 0.051580
0.0 0.586496 0.925060 0.021429 0.025574
0.0 0.654768 0.898435 0.044371 0.055898
0.0 0.663682 0.912057 0.026542 0.051580
0.0 0.666239 0.925060 0.021429 0.025574
0.0 0.699138 0.898435 0.044371 0.055898
0.0 0.690224 0.912057 0.026542 0.051580
0.0 0.687667 0.925060 0.021429 0.025574
0.0 0.755940 0.898435 0.044371 0.055898
0.0 0.764854 0.912057 0.026542 0.051580
0.0 0.767411 0.925060 0.021429 0.025574
0.0 0.800310 0.898435 0.044371 0.055898
0.0 0.791396 0.912057 0.026542 0.051580
0.0 0.788839 0.925060 0.021429 0.025574
0.0 0.857112 0.898435 0.044371 0.055898
0.0 0.866026 0.912057 0.026542 0.051580
0.0 0.868583 0.925060 0.021429 0.025574
0.0 0.901482 0.898435 0.044371 0.055898
0.0 0.892568 0.912057 0.026542 0.051580
0.0 0.890011 0.925060 0.021429 0.025574
0.0 0.958283 0.898435 0.044371 0.055898
0.0 0.967198 0.912057 0.026542 0.051580
0.0 0.969754 0.925060 0.021429 0.025574
0.0 0.990234 0.898435 0.019531 0.055898
0.0 0.990234 0.912057 0.019531 0.051580
0.0 0.990234 0.925060 0.019531 0.025574
0.0 0.006560 0.974655 0.013121 0.050690
0.0 0.047737 0.974655 0.044371 0.050690
0.0 0.056651 0.963637 0.026542 0.051580
0.0 0.059208 0.950634 0.021429 0.025574
0.0 0.092107 0.974655 0.044371 0.050690
0.0 0.083193 0.963637 0.026542 0.051580
0.0 0.080636 0.950634 0.021429 0.025574
0.0 0.148908 0.974655 0.044371 0.050690
0.0 0.157823 0.963637 0.026542 0.051580
0.0 0.160379 0.950634 0.021429 0.025574
0.0 0.193279 0.974655 0.044371 0.050690
0.0 0.184365 0.963637 0.026542 0.051580
0.0 0.181808 0.950634 0.021429 0.025574
0.0 0.250080 0.974655 0.044371 0.050690
0.0 0.258994 0.963637 0.026542 0.051580
0.0 0.261551 0.950634 0.021429 0.025574
0.0 0.294451 0.974655 0.044371 0.050690
0.0 0.285537 0.963637 0.026542 0.051580
0.0 0.282980 0.950634 0.021429 0.025574
0.0 0.351252 0.974655 0.044371 0.050690
0.0 0.360166 0.963637 0.026542 0.051580
0.0 0.362723 0.950634 0.021429 0.025574
0.0 0.395623 0.974655 0.044371 0.050690
0.0 0.386709 0.963637 0.026542 0.051580
0.0 0.384152 0.950634 0.021429 0.025574
0.0 0.452424 0.974655 0.044371 0.050690
0.0 0.461338 0.963637 0.026542 0.051580
0.0 0.463895 0.950634 0.021429 0.025574
0.0 0.496795 0.974655 0.044371 0.050690
0.0 0.487881 0.963637 0.026542 0.051580
0.0 0.485324 0.950634 0.021429 0.025574
0.0 0.553596 0.974655 0.044371 0.050690
0.0 0.562510 0.963637 0.026542 0.051580
0.0 0.565067 0.950634 0.021429 0.025574
0.0 0.597967 0.974655 0.044371 0.050690
0.0 0.589052 0.963637 0.026542 0.051580
0.0 0.586496 0.950634 0.021429 0.025574
0.0 0.654768 0.974655 0.044371 0.050690
0.0 0.663682 0.963637 0.026542 0.051580
0.0 0.666239 0.950634 0.021429 0.025574
0.0 0.699138 0.974655 0.044371 0.050690
0.0 0.690224 0.963637 0.026542 0.051580
0.0 0.687667 0.950634 0.021429 0.025574
0.0 0.755940 0.974655 0.044371 0.050690
0.0 0.764854 0.963637 0.026542 0.051580
0.0 0.767411 0.950634 0.021429 0.025574
0.0 0.800310 0.974655 0.044371 0.050690
0.0 0.791396 0.963637 0.026542 0.051580
0.0 0.788839 0.950634 0.021429 0.025574
0.0 0.857112 0.974655 0.044371 0.050690
0.0 0.866026 0.963637 0.026542 0.051580
0.0 0.868583 0.950634 0.021429 0.025574
0.0 0.901482 0.974655 0.044371 0.050690
0.0 0.892568 0.963637 0.026542 0.051580
0.0 0.890011 0.950634 0.021429 0.025574
0.0 0.958283 0.974655 0.044371 0.050690
0.0 0.967198 0.963637 0.026542 0.051580
0.0 0.969754 0.950634 0.021429 0.025574
0.0 0.990234 0.974655 0.019531 0.050690
0.0 0.990234 0.963637 0.019531 0.051580
0.0 0.990234 0.950634 0.019531 0.025574
