0.0 0.013184 0.002604 0.026367 0.005208
0.0 0.045195 0.002604 0.037655 0.005208
0.0 0.083321 0.002604 0.037655 0.005208
0.0 0.120976 0.002604 0.037655 0.005208
0.0 0.159102 0.002604 0.037655 0.005208
0.0 0.196757 0.002604 0.037655 0.005208
0.0 0.234883 0.002604 0.037655 0.005208
0.0 0.272539 0.002604 0.037655 0.005208
0.0 0.310665 0.002604 0.037655 0.005208
0.0 0.348320 0.002604 0.037655 0.005208
0.0 0.386446 0.002604 0.037655 0.005208
0.0 0.424101 0.002604 0.037655 0.005208
0.0 0.462227 0.002604 0.037655 0.005208
0.0 0.499882 0.002604 0.037655 0.005208
0.0 0.538008 0.002604 0.037655 0.005208
0.0 0.575664 0.002604 0.037655 0.005208
0.0 0.613790 0.002604 0.037655 0.005208
0.0 0.651445 0.002604 0.037655 0.005208
0.0 0.689571 0.002604 0.037655 0.005208
0.0 0.727226 0.002604 0.037655 0.005208
0.0 0.765352 0.002604 0.037655 0.005208
0.0 0.803007 0.002604 0.037655 0.005208
0.0 0.841133 0.002604 0.037655 0.005208
0.0 0.878789 0.002604 0.037655 0.005208
0.0 0.916915 0.002604 0.037655 0.005208
0.0 0.954570 0.002604 0.037655 0.005208
0.0 0.986934 0.002604 0.026132 0.005208
0.0 0.013184 0.037317 0.026367 0.064218
0.0 0.045195 0.037317 0.037655 0.064218
0.0 0.083321 0.037317 0.037655 0.064218
0.0 0.120976 0.037317 0.037655 0.064218
0.0 0.159102 0.037317 0.037655 0.064218
0.0 0.196757 0.037317 0.037655 0.064218
0.0 0.234883 0.037317 0.037655 0.064218
0.0 0.272539 0.037317 0.037655 0.064218
0.0 0.310665 0.037317 0.037655 0.064218
0.0 0.348320 0.037317 0.037655 0.064218
0.0 0.386446 0.037317 0.037655 0.064218
0.0 0.424101 0.037317 0.037655 0.064218
0.0 0.462227 0.037317 0.037655 0.064218
0.0 0.499882 0.037317 0.037655 0.064218
0.0 0.538008 0.037317 0.037655 0.064218
0.0 0.575664 0.037317 0.037655 0.064218
0.0 0.613790 0.037317 0.037655 0.064218
0.0 0.651445 0.037317 0.037655 0.064218
0.0 0.689571 0.037317 0.037655 0.064218
0.0 0.727226 0.037317 0.037655 0.064218
0.0 0.765352 0.037317 0.037655 0.064218
0.0 0.803007 0.037317 0.037655 0.064218
0.0 0.841133 0.037317 0.037655 0.064218
0.0 0.878789 0.037317 0.037655 0.064218
0.0 0.916915 0.037317 0.037655 0.064218
0.0 0.954570 0.037317 0.037655 0.064218
0.0 0.986934 0.037317 0.026132 0.064218
0.0 0.013184 0.152960 0.026367 0.064218
0.0 0.045195 0.152960 0.037655 0.064218
0.0 0.083321 0.152960 0.037655 0.064218
0.0 0.120976 0.152960 0.037655 0.064218
0.0 0.159102 0.152960 0.037655 0.064218
0.0 0.196757 0.152960 0.037655 0.064218
0.0 0.234883 0.152960 0.037655 0.064218
0.0 0.272539 0.152960 0.037655 0.064218
0.0 0.310665 0.152960 0.037655 0.064218
0.0 0.348320 0.152960 0.037655 0.064218
0.0 0.386446 0.152960 0.037655 0.064218
0.0 0.424101 0.152960 0.037655 0.064218
0.0 0.462227 0.152960 0.037655 0.064218
0.0 0.499882 0.152960 0.037655 0.064218
0.0 0.538008 0.152960 0.037655 0.064218
0.0 0.575664 0.152960 0.037655 0.064218
0.0 0.613790 0.152960 0.037655 0.064218
0.0 0.651445 0.152960 0.037655 0.064218
0.0 0.689571 0.152960 0.037655 0.064218
0.0 0.727226 0.152960 0.037655 0.064218
0.0 0.765352 0.152960 0.037655 0.064218
0.0 0.803007 0.152960 0.037655 0.064218
0.0 0.841133 0.152960 0.037655 0.064218
0.0 0.878789 0.152960 0.037655 0.064218
0.0 0.916915 0.152960 0.037655 0.064218
0.0 0.954570 0.152960 0.037655 0.064218
0.0 0.986934 0.152960 0.026132 0.064218
0.0 0.013184 0.217179 0.026367 0.064218
0.0 0.045195 0.217179 0.037655 0.064218
0.0 0.083321 0.217179 0.037655 0.064218
0.0 0.120976 0.217179 0.037655 0.064218
0.0 0.159102 0.217179 0.037655 0.064218
0.0 0.196757 0.217179 0.037655 0.064218
0.0 0.234883 0.217179 0.037655 0.064218
0.0 0.272539 0.217179 0.037655 0.064218
0.0 0.310665 0.217179 0.037655 0.064218
0.0 0.348320 0.217179 0.037655 0.064218
0.0 0.386446 0.217179 0.037655 0.064218
0.0 0.424101 0.217179 0.037655 0.064218
0.0 0.462227 0.217179 0.037655 0.064218
0.0 0.499882 0.217179 0.037655 0.064218
0.0 0.538008 0.217179 0.037655 0.064218
0.0 0.575664 0.217179 0.037655 0.064218
0.0 0.613790 0.217179 0.037655 0.064218
0.0 0.651445 0.217179 0.037655 0.064218
0.0 0.689571 0.217179 0.037655 0.064218
0.0 0.727226 0.217179 0.037655 0.064218
0.0 0.765352 0.217179 0.037655 0.064218
0.0 0.803007 0.217179 0.037655 0.064218
0.0 0.841133 0.217179 0.037655 0.064218
0.0 0.878789 0.217179 0.037655 0.064218
0.0 0.916915 0.217179 0.037655 0.064218
0.0 0.954570 0.217179 0.037655 0.064218
0.0 0.986934 0.217179 0.026132 0.064218
0.0 0.013184 0.332821 0.026367 0.064218
0.0 0.045195 0.332821 0.037655 0.064218
0.0 0.083321 0.332821 0.037655 0.064218
0.0 0.120976 0.332821 0.037655 0.064218
0.0 0.159102 0.332821 0.037655 0.064218
0.0 0.196757 0.332821 0.037655 0.064218
0.0 0.234883 0.332821 0.037655 0.064218
0.0 0.272539 0.332821 0.037655 0.064218
0.0 0.310665 0.332821 0.037655 0.064218
0.0 0.348320 0.332821 0.037655 0.064218
0.0 0.386446 0.332821 0.037655 0.064218
0.0 0.424101 0.332821 0.037655 0.064218
0.0 0.462227 0.332821 0.037655 0.064218
0.0 0.499882 0.332821 0.037655 0.064218
0.0 0.538008 0.332821 0.037655 0.064218
0.0 0.575664 0.332821 0.037655 0.064218
0.0 0.613790 0.332821 0.037655 0.064218
0.0 0.651445 0.332821 0.037655 0.064218
0.0 0.689571 0.332821 0.037655 0.064218
0.0 0.727226 0.332821 0.037655 0.064218
0.0 0.765352 0.332821 0.037655 0.064218
0.0 0.803007 0.332821 0.037655 0.064218
0.0 0.841133 0.332821 0.037655 0.064218
0.0 0.878789 0.332821 0.037655 0.064218
0.0 0.916915 0.332821 0.037655 0.064218
0.0 0.954570 0.332821 0.037655 0.064218
0.0 0.986934 0.332821 0.026132 0.064218
0.0 0.013184 0.397040 0.026367 0.064218
0.0 0.045195 0.397040 0.037655 0.064218
0.0 0.083321 0.397040 0.037655 0.064218
0.0 0.120976 0.397040 0.037655 0.064218
0.0 0.159102 0.397040 0.037655 0.064218
0.0 0.196757 0.397040 0.037655 0.064218
0.0 0.234883 0.397040 0.037655 0.064218
0.0 0.272539 0.397040 0.037655 0.064218
0.0 0.310665 0.397040 0.037655 0.064218
0.0 0.348320 0.397040 0.037655 0.064218
0.0 0.386446 0.397040 0.037655 0.064218
0.0 0.424101 0.397040 0.037655 0.064218
0.0 0.462227 0.397040 0.037655 0.064218
0.0 0.499882 0.397040 0.037655 0.064218
0.0 0.538008 0.397040 0.037655 0.064218
0.0 0.575664 0.397040 0.037655 0.064218
0.0 0.613790 0.397040 0.037655 0.064218
0.0 0.651445 0.397040 0.037655 0.064218
0.0 0.689571 0.397040 0.037655 0.064218
0.0 0.727226 0.397040 0.037655 0.064218
0.0 0.765352 0.397040 0.037655 0.064218
0.0 0.803007 0.397040 0.037655 0.064218
0.0 0.841133 0.397040 0.037655 0.064218
0.0 0.878789 0.397040 0.037655 0.064218
0.0 0.916915 0.397040 0.037655 0.064218
0.0 0.954570 0.397040 0.037655 0.064218
0.0 0.986934 0.397040 0.026132 0.064218
0.0 0.013184 0.512683 0.026367 0.064218
0.0 0.045195 0.512683 0.037655 0.064218
0.0 0.083321 0.512683 0.037655 0.064218
0.0 0.120976 0.512683 0.037655 0.064218
0.0 0.159102 0.512683 0.037655 0.064218
0.0 0.196757 0.512683 0.037655 0.064218
0.0 0.234883 0.512683 0.037655 0.064218
0.0 0.272539 0.512683 0.037655 0.064218
0.0 0.310665 0.512683 0.037655 0.064218
0.0 0.348320 0.512683 0.037655 0.064218
0.0 0.386446 0.512683 0.037655 0.064218
0.0 0.424101 0.512683 0.037655 0.064218
0.0 0.462227 0.512683 0.037655 0.064218
0.0 0.499882 0.512683 0.037655 0.064218
0.0 0.538008 0.512683 0.037655 0.064218
0.0 0.575664 0.512683 0.037655 0.064218
0.0 0.613790 0.512683 0.037655 0.064218
0.0 0.651445 0.512683 0.037655 0.064218
0.0 0.689571 0.512683 0.037655 0.064218
0.0 0.727226 0.512683 0.037655 0.064218
0.0 0.765352 0.512683 0.037655 0.064218
0.0 0.803007 0.512683 0.037655 0.064218
0.0 0.841133 0.512683 0.037655 0.064218
0.0 0.878789 0.512683 0.037655 0.064218
0.0 0.916915 0.512683 0.037655 0.064218
0.0 0.954570 0.512683 0.037655 0.064218
0.0 0.986934 0.512683 0.026132 0.064218
0.0 0.013184 0.576901 0.026367 0.064218
0.0 0.045195 0.576901 0.037655 0.064218
0.0 0.083321 0.576901 0.037655 0.064218
0.0 0.120976 0.576901 0.037655 0.064218
0.0 0.159102 0.576901 0.037655 0.064218
0.0 0.196757 0.576901 0.037655 0.064218
0.0 0.234883 0.576901 0.037655 0.064218
0.0 0.272539 0.576901 0.037655 0.064218
0.0 0.310665 0.576901 0.037655 0.064218
0.0 0.348320 0.576901 0.037655 0.064218
0.0 0.386446 0.576901 0.037655 0.064218
0.0 0.424101 0.576901 0.037655 0.064218
0.0 0.462227 0.576901 0.037655 0.064218
0.0 0.499882 0.576901 0.037655 0.064218
0.0 0.538008 0.576901 0.037655 0.064218
0.0 0.575664 0.576901 0.037655 0.064218
0.0 0.613790 0.576901 0.037655 0.064218
0.0 0.651445 0.576901 0.037655 0.064218
0.0 0.689571 0.576901 0.037655 0.064218
0.0 0.727226 0.576901 0.037655 0.064218
0.0 0.765352 0.576901 0.037655 0.064218
0.0 0.803007 0.576901 0.037655 0.064218
0.0 0.841133 0.576901 0.037655 0.064218
0.0 0.878789 0.576901 0.037655 0.064218
0.0 0.916915 0.576901 0.037655 0.064218
0.0 0.954570 0.576901 0.037655 0.064218
0.0 0.986934 0.576901 0.026132 0.064218
0.0 0.013184 0.692544 0.026367 0.064218
0.0 0.045195 0.692544 0.037655 0.064218
0.0 0.083321 0.692544 0.037655 0.064218
0.0 0.120976 0.692544 0.037655 0.064218
0.0 0.159102 0.692544 0.037655 0.064218
0.0 0.196757 0.692544 0.037655 0.064218
0.0 0.234883 0.692544 0.037655 0.064218
0.0 0.272539 0.692544 0.037655 0.064218
0.0 0.310665 0.692544 0.037655 0.064218
0.0 0.348320 0.692544 0.037655 0.064218
0.0 0.386446 0.692544 0.037655 0.064218
0.0 0.424101 0.692544 0.037655 0.064218
0.0 0.462227 0.692544 0.037655 0.064218
0.0 0.499882 0.692544 0.037655 0.064218
0.0 0.538008 0.692544 0.037655 0.064218
0.0 0.575664 0.692544 0.037655 0.064218
0.0 0.613790 0.692544 0.037655 0.064218
0.0 0.651445 0.692544 0.037655 0.064218
0.0 0.689571 0.692544 0.037655 0.064218
0.0 0.727226 0.692544 0.037655 0.064218
0.0 0.765352 0.692544 0.037655 0.064218
0.0 0.803007 0.692544 0.037655 0.064218
0.0 0.841133 0.692544 0.037655 0.064218
0.0 0.878789 0.692544 0.037655 0.064218
0.0 0.916915 0.692544 0.037655 0.064218
0.0 0.954570 0.692544 0.037655 0.064218
0.0 0.986934 0.692544 0.026132 0.064218
0.0 0.013184 0.756762 0.026367 0.064218
0.0 0.045195 0.756762 0.037655 0.064218
0.0 0.083321 0.756762 0.037655 0.064218
0.0 0.120976 0.756762 0.037655 0.064218
0.0 0.159102 0.756762 0.037655 0.064218
0.0 0.196757 0.756762 0.037655 0.064218
0.0 0.234883 0.756762 0.037655 0.064218
0.0 0.272539 0.756762 0.037655 0.064218
0.0 0.310665 0.756762 0.037655 0.064218
0.0 0.348320 0.756762 0.037655 0.064218
0.0 0.386446 0.756762 0.037655 0.064218
0.0 0.424101 0.756762 0.037655 0.064218
0.0 0.462227 0.756762 0.037655 0.064218
0.0 0.499882 0.756762 0.037655 0.064218
0.0 0.538008 0.756762 0.037655 0.064218
0.0 0.575664 0.756762 0.037655 0.064218
0.0 0.613790 0.756762 0.037655 0.064218
0.0 0.651445 0.756762 0.037655 0.064218
0.0 0.689571 0.756762 0.037655 0.064218
0.0 0.727226 0.756762 0.037655 0.064218
0.0 0.765352 0.756762 0.037655 0.064218
0.0 0.803007 0.756762 0.037655 0.064218
0.0 0.841133 0.756762 0.037655 0.064218
0.0 0.878789 0.756762 0.037655 0.064218
0.0 0.916915 0.756762 0.037655 0.064218
0.0 0.954570 0.756762 0.037655 0.064218
0.0 0.986934 0.756762 0.026132 0.064218
0.0 0.013184 0.872405 0.026367 0.064218
0.0 0.045195 0.872405 0.037655 0.064218
0.0 0.083321 0.872405 0.037655 0.064218
0.0 0.120976 0.872405 0.037655 0.064218
0.0 0.159102 0.872405 0.037655 0.064218
0.0 0.196757 0.872405 0.037655 0.064218
0.0 0.234883 0.872405 0.037655 0.064218
0.0 0.272539 0.872405 0.037655 0.064218
0.0 0.310665 0.872405 0.037655 0.064218
0.0 0.348320 0.872405 0.037655 0.064218
0.0 0.386446 0.872405 0.037655 0.064218
0.0 0.424101 0.872405 0.037655 0.064218
0.0 0.462227 0.872405 0.037655 0.064218
0.0 0.499882 0.872405 0.037655 0.064218
0.0 0.538008 0.872405 0.037655 0.064218
0.0 0.575664 0.872405 0.037655 0.064218
0.0 0.613790 0.872405 0.037655 0.064218
0.0 0.651445 0.872405 0.037655 0.064218
0.0 0.689571 0.872405 0.037655 0.064218
0.0 0.727226 0.872405 0.037655 0.064218
0.0 0.765352 0.872405 0.037655 0.064218
0.0 0.803007 0.872405 0.037655 0.064218
0.0 0.841133 0.872405 0.037655 0.064218
0.0 0.878789 0.872405 0.037655 0.064218
0.0 0.916915 0.872405 0.037655 0.064218
0.0 0.954570 0.872405 0.037655 0.064218
0.0 0.986934 0.872405 0.026132 0.064218
0.0 0.013184 0.936623 0.026367 0.064218
0.0 0.045195 0.936623 0.037655 0.064218
0.0 0.083321 0.936623 0.037655 0.064218
0.0 0.120976 0.936623 0.037655 0.064218
0.0 0.159102 0.936623 0.037655 0.064218
0.0 0.196757 0.936623 0.037655 0.064218
0.0 0.234883 0.936623 0.037655 0.064218
0.0 0.272539 0.936623 0.037655 0.064218
0.0 0.310665 0.936623 0.037655 0.064218
0.0 0.348320 0.936623 0.037655 0.064218
0.0 0.386446 0.936623 0.037655 0.064218
0.0 0.424101 0.936623 0.037655 0.064218
0.0 0.462227 0.936623 0.037655 0.064218
0.0 0.499882 0.936623 0.037655 0.064218
0.0 0.538008 0.936623 0.037655 0.064218
0.0 0.575664 0.936623 0.037655 0.064218
0.0 0.613790 0.936623 0.037655 0.064218
0.0 0.651445 0.936623 0.037655 0.064218
0.0 0.689571 0.936623 0.037655 0.064218
0.0 0.727226 0.936623 0.037655 0.064218
0.0 0.765352 0.936623 0.037655 0.064218
0.0 0.803007 0.936623 0.037655 0.064218
0.0 0.841133 0.936623 0.037655 0.064218
0.0 0.878789 0.936623 0.037655 0.064218
0.0 0.916915 0.936623 0.037655 0.064218
0.0 0.954570 0.936623 0.037655 0.064218
0.0 0.986934 0.936623 0.026132 0.064218
