0.0 0.039923 0.175926 0.079845 0.324074
0.0 0.255530 0.175926 0.208250 0.324074
0.0 0.488220 0.175926 0.208250 0.324074
0.0 0.768030 0.175926 0.208250 0.324074
0.0 0.948298 0.175926 0.103405 0.324074
0.0 0.039923 0.500000 0.079845 0.324074
0.0 0.255530 0.500000 0.208250 0.324074
0.0 0.488220 0.500000 0.208250 0.324074
0.0 0.768030 0.500000 0.208250 0.324074
0.0 0.948298 0.500000 0.103405 0.324074
0.0 0.039923 0.824074 0.079845 0.324074
0.0 0.255530 0.824074 0.208250 0.324074
0.0 0.488220 0.824074 0.208250 0.324074
0.0 0.768030 0.824074 0.208250 0.324074
0.0 0.948298 0.824074 0.103405 0.324074
