0.0 0.057813 0.175926 0.115625 0.324074
0.0 0.243750 0.175926 0.256250 0.324074
0.0 0.500000 0.175926 0.256250 0.324074
0.0 0.756250 0.175926 0.256250 0.324074
0.0 0.942187 0.175926 0.115625 0.324074
0.0 0.057813 0.500000 0.115625 0.324074
0.0 0.243750 0.500000 0.256250 0.324074
0.0 0.500000 0.500000 0.256250 0.324074
0.0 0.756250 0.500000 0.256250 0.324074
0.0 0.942187 0.500000 0.115625 0.324074
0.0 0.057813 0.824074 0.115625 0.324074
0.0 0.243750 0.824074 0.256250 0.324074
0.0 0.500000 0.824074 0.256250 0.324074
0.0 0.756250 0.824074 0.256250 0.324074
0.0 0.942187 0.824074 0.115625 0.324074
