1.0 0.026526 0.027083 0.053052 0.054167
1.0 0.068611 0.027083 0.062777 0.054167
1.0 0.196828 0.027083 0.099761 0.054167
0.0 0.311707 0.027083 0.039860 0.054167
1.0 0.273921 0.027083 0.076848 0.054167
1.0 0.131389 0.027083 0.062777 0.054167
0.0 0.302613 0.013471 0.047703 0.026943
1.0 0.536505 0.027083 0.099761 0.054167
0.0 0.421627 0.027083 0.039860 0.054167
1.0 0.459412 0.027083 0.076848 0.054167
1.0 0.601945 0.027083 0.062777 0.054167
0.0 0.430721 0.013471 0.047703 0.026943
1.0 0.730161 0.027083 0.099761 0.054167
0.0 0.845040 0.027083 0.039860 0.054167
1.0 0.807254 0.027083 0.076848 0.054167
1.0 0.664722 0.027083 0.062777 0.054167
0.0 0.835946 0.013471 0.047703 0.026943
0.0 0.954960 0.027083 0.039860 0.054167
1.0 0.977161 0.027083 0.045678 0.054167
0.0 0.964054 0.013471 0.047703 0.026943
1.0 0.026526 0.122779 0.053052 0.137225
1.0 0.068611 0.120557 0.062777 0.132780
1.0 0.002820 0.189647 0.005640 0.042350
0.0 0.049637 0.138718 0.042865 0.029962
1.0 0.196828 0.122779 0.099761 0.137225
0.0 0.311707 0.082790 0.039860 0.057246
1.0 0.273921 0.135197 0.076848 0.162060
1.0 0.131389 0.120557 0.062777 0.132780
1.0 0.215932 0.189647 0.043144 0.042350
0.0 0.150363 0.138718 0.042865 0.029962
0.0 0.302613 0.117466 0.047703 0.072151
1.0 0.536505 0.122779 0.099761 0.137225
0.0 0.421627 0.082790 0.039860 0.057246
1.0 0.459412 0.135197 0.076848 0.162060
1.0 0.601945 0.120557 0.062777 0.132780
1.0 0.517401 0.189647 0.043144 0.042350
0.0 0.582970 0.138718 0.042865 0.029962
0.0 0.430721 0.117466 0.047703 0.072151
1.0 0.730161 0.122779 0.099761 0.137225
0.0 0.845040 0.082790 0.039860 0.057246
1.0 0.807254 0.135197 0.076848 0.162060
1.0 0.664722 0.120557 0.062777 0.132780
1.0 0.749266 0.189647 0.043144 0.042350
0.0 0.683697 0.138718 0.042865 0.029962
0.0 0.835946 0.117466 0.047703 0.072151
0.0 0.954960 0.082790 0.039860 0.057246
1.0 0.977161 0.135197 0.045678 0.162060
0.0 0.964054 0.117466 0.047703 0.072151
1.0 0.026526 0.579999 0.053052 0.137225
1.0 0.068611 0.582221 0.062777 0.132780
1.0 0.002820 0.513131 0.005640 0.042350
0.0 0.049637 0.564060 0.042865 0.029962
1.0 0.196828 0.579999 0.099761 0.137225
0.0 0.311707 0.619988 0.039860 0.057246
1.0 0.273921 0.567581 0.076848 0.162060
1.0 0.131389 0.582221 0.062777 0.132780
1.0 0.215932 0.513131 0.043144 0.042350
0.0 0.150363 0.564060 0.042865 0.029962
0.0 0.302613 0.585312 0.047703 0.072151
1.0 0.536505 0.579999 0.099761 0.137225
0.0 0.421627 0.619988 0.039860 0.057246
1.0 0.459412 0.567581 0.076848 0.162060
1.0 0.601945 0.582221 0.062777 0.132780
1.0 0.517401 0.513131 0.043144 0.042350
0.0 0.582970 0.564060 0.042865 0.029962
0.0 0.430721 0.585312 0.047703 0.072151
1.0 0.730161 0.579999 0.099761 0.137225
0.0 0.845040 0.619988 0.039860 0.057246
1.0 0.807254 0.567581 0.076848 0.162060
1.0 0.664722 0.582221 0.062777 0.132780
1.0 0.749266 0.513131 0.043144 0.042350
0.0 0.683697 0.564060 0.042865 0.029962
0.0 0.835946 0.585312 0.047703 0.072151
0.0 0.954960 0.619988 0.039860 0.057246
1.0 0.977161 0.567581 0.045678 0.162060
0.0 0.964054 0.585312 0.047703 0.072151
1.0 0.026526 0.717223 0.053052 0.137225
1.0 0.068611 0.715001 0.062777 0.132780
1.0 0.002820 0.784091 0.005640 0.042350
0.0 0.049637 0.733162 0.042865 0.029962
1.0 0.196828 0.717223 0.099761 0.137225
0.0 0.311707 0.677234 0.039860 0.057246
1.0 0.273921 0.729641 0.076848 0.162060
1.0 0.131389 0.715001 0.062777 0.132780
1.0 0.215932 0.784091 0.043144 0.042350
0.0 0.150363 0.733162 0.042865 0.029962
0.0 0.302613 0.711910 0.047703 0.072151
1.0 0.536505 0.717223 0.099761 0.137225
0.0 0.421627 0.677234 0.039860 0.057246
1.0 0.459412 0.729641 0.076848 0.162060
1.0 0.601945 0.715001 0.062777 0.132780
1.0 0.517401 0.784091 0.043144 0.042350
0.0 0.582970 0.733162 0.042865 0.029962
0.0 0.430721 0.711910 0.047703 0.072151
1.0 0.730161 0.717223 0.099761 0.137225
0.0 0.845040 0.677234 0.039860 0.057246
1.0 0.807254 0.729641 0.076848 0.162060
1.0 0.664722 0.715001 0.062777 0.132780
1.0 0.749266 0.784091 0.043144 0.042350
0.0 0.683697 0.733162 0.042865 0.029962
0.0 0.835946 0.711910 0.047703 0.072151
0.0 0.954960 0.677234 0.039860 0.057246
1.0 0.977161 0.729641 0.045678 0.162060
0.0 0.964054 0.711910 0.047703 0.072151
