1.0 0.065793 0.033712 0.131587 0.067423
1.0 0.140468 0.049835 0.150761 0.099670
1.0 0.017413 0.036896 0.034827 0.073792
1.0 0.547015 0.033712 0.157204 0.067423
1.0 0.637924 0.028294 0.109842 0.056588
1.0 0.459532 0.049835 0.150761 0.099670
1.0 0.592222 0.036896 0.054097 0.073792
1.0 0.852985 0.033712 0.157204 0.067423
1.0 0.762076 0.028294 0.109842 0.056588
1.0 0.932544 0.049835 0.134912 0.099670
1.0 0.807778 0.036896 0.054097 0.073792
1.0 0.065793 0.604830 0.131587 0.236173
1.0 0.008498 0.610248 0.016997 0.225338
1.0 0.140468 0.588706 0.150761 0.268420
1.0 0.017413 0.520721 0.034827 0.080693
1.0 0.547015 0.604830 0.157204 0.236173
0.0 0.674152 0.702318 0.050424 0.041198
1.0 0.637924 0.610248 0.109842 0.225338
1.0 0.459532 0.588706 0.150761 0.268420
1.0 0.592222 0.520721 0.054097 0.080693
1.0 0.852985 0.604830 0.157204 0.236173
0.0 0.725848 0.702318 0.050424 0.041198
1.0 0.762076 0.610248 0.109842 0.225338
1.0 0.932544 0.588706 0.134912 0.268420
1.0 0.807778 0.520721 0.054097 0.080693
1.0 0.065793 0.841003 0.131587 0.236173
1.0 0.008498 0.835586 0.016997 0.225338
1.0 0.140468 0.857127 0.150761 0.268420
1.0 0.017413 0.925112 0.034827 0.080693
1.0 0.547015 0.841003 0.157204 0.236173
0.0 0.674152 0.743516 0.050424 0.041198
1.0 0.637924 0.835586 0.109842 0.225338
1.0 0.459532 0.857127 0.150761 0.268420
1.0 0.592222 0.925112 0.054097 0.080693
1.0 0.852985 0.841003 0.157204 0.236173
0.0 0.725848 0.743516 0.050424 0.041198
1.0 0.762076 0.835586 0.109842 0.225338
1.0 0.932544 0.857127 0.134912 0.268420
1.0 0.807778 0.925112 0.054097 0.080693
