1.0 0.009848 0.016579 0.019695 0.033158
0.0 0.042385 0.011959 0.022304 0.023917
1.0 0.026966 0.011836 0.047572 0.023672
0.0 0.059083 0.018522 0.016794 0.032393
0.0 0.095405 0.036017 0.009189 0.032393
1.0 0.211813 0.016579 0.063016 0.033158
0.0 0.234998 0.013066 0.041894 0.026133
0.0 0.157615 0.011959 0.022304 0.023917
1.0 0.173034 0.011836 0.047572 0.023672
1.0 0.248418 0.003602 0.055163 0.007204
0.0 0.140917 0.018522 0.016794 0.032393
0.0 0.104595 0.036017 0.009189 0.032393
0.0 0.239361 0.032621 0.041894 0.043092
1.0 0.266335 0.033279 0.055163 0.041775
1.0 0.521521 0.016579 0.063016 0.033158
0.0 0.498335 0.013066 0.041894 0.026133
0.0 0.575718 0.011959 0.022304 0.023917
1.0 0.560300 0.011836 0.047572 0.023672
1.0 0.484916 0.003602 0.055163 0.007204
0.0 0.592417 0.018522 0.016794 0.032393
0.0 0.628739 0.036017 0.009189 0.032393
0.0 0.493973 0.032621 0.041894 0.043092
1.0 0.466998 0.033279 0.055163 0.041775
1.0 0.745146 0.016579 0.063016 0.033158
0.0 0.768331 0.013066 0.041894 0.026133
0.0 0.690948 0.011959 0.022304 0.023917
1.0 0.706367 0.011836 0.047572 0.023672
1.0 0.781751 0.003602 0.055163 0.007204
0.0 0.674250 0.018522 0.016794 0.032393
0.0 0.637928 0.036017 0.009189 0.032393
0.0 0.772694 0.032621 0.041894 0.043092
1.0 0.799669 0.033279 0.055163 0.041775
1.0 0.986375 0.033279 0.027250 0.041775
1.0 0.009848 0.142340 0.019695 0.134330
0.0 0.042385 0.105855 0.022304 0.042877
1.0 0.026966 0.143131 0.047572 0.116940
1.0 0.008427 0.195506 0.016855 0.031441
0.0 0.059083 0.089811 0.016794 0.032393
0.0 0.095405 0.072316 0.009189 0.032393
0.0 0.338525 0.261545 0.021723 0.024124
1.0 0.211813 0.142340 0.063016 0.134330
0.0 0.234998 0.105541 0.041894 0.046681
0.0 0.157615 0.105855 0.022304 0.042877
1.0 0.173034 0.143131 0.047572 0.116940
1.0 0.248418 0.163475 0.055163 0.124690
1.0 0.194763 0.195506 0.023235 0.031441
0.0 0.237087 0.153779 0.044960 0.049884
0.0 0.281763 0.236796 0.021723 0.024124
0.0 0.140917 0.089811 0.016794 0.032393
0.0 0.104595 0.072316 0.009189 0.032393
0.0 0.239361 0.075713 0.041894 0.043092
1.0 0.266335 0.075054 0.055163 0.041775
0.0 0.394809 0.261545 0.021723 0.024124
1.0 0.521521 0.142340 0.063016 0.134330
0.0 0.498335 0.105541 0.041894 0.046681
0.0 0.575718 0.105855 0.022304 0.042877
1.0 0.560300 0.143131 0.047572 0.116940
1.0 0.484916 0.163475 0.055163 0.124690
1.0 0.538570 0.195506 0.023235 0.031441
0.0 0.496246 0.153779 0.044960 0.049884
0.0 0.451570 0.236796 0.021723 0.024124
0.0 0.592417 0.089811 0.016794 0.032393
0.0 0.628739 0.072316 0.009189 0.032393
0.0 0.493973 0.075713 0.041894 0.043092
1.0 0.466998 0.075054 0.055163 0.041775
0.0 0.871858 0.261545 0.021723 0.024124
1.0 0.745146 0.142340 0.063016 0.134330
0.0 0.768331 0.105541 0.041894 0.046681
0.0 0.690948 0.105855 0.022304 0.042877
1.0 0.706367 0.143131 0.047572 0.116940
1.0 0.781751 0.163475 0.055163 0.124690
1.0 0.728096 0.195506 0.023235 0.031441
0.0 0.770421 0.153779 0.044960 0.049884
0.0 0.815097 0.236796 0.021723 0.024124
0.0 0.674250 0.089811 0.016794 0.032393
0.0 0.637928 0.072316 0.009189 0.032393
0.0 0.772694 0.075713 0.041894 0.043092
1.0 0.799669 0.075054 0.055163 0.041775
0.0 0.928142 0.261545 0.021723 0.024124
1.0 0.995334 0.163475 0.009332 0.124690
0.0 0.984903 0.236796 0.021723 0.024124
1.0 0.986375 0.075054 0.027250 0.041775
1.0 0.009848 0.560438 0.019695 0.134330
0.0 0.042385 0.596923 0.022304 0.042877
1.0 0.026966 0.559647 0.047572 0.116940
1.0 0.008427 0.507271 0.016855 0.031441
0.0 0.059083 0.612967 0.016794 0.032393
0.0 0.095405 0.630461 0.009189 0.032393
0.0 0.338525 0.441233 0.021723 0.024124
1.0 0.211813 0.560438 0.063016 0.134330
0.0 0.234998 0.597237 0.041894 0.046681
0.0 0.157615 0.596923 0.022304 0.042877
1.0 0.173034 0.559647 0.047572 0.116940
1.0 0.248418 0.539303 0.055163 0.124690
1.0 0.194763 0.507271 0.023235 0.031441
0.0 0.237087 0.548999 0.044960 0.049884
0.0 0.281763 0.465981 0.021723 0.024124
0.0 0.140917 0.612967 0.016794 0.032393
0.0 0.104595 0.630461 0.009189 0.032393
0.0 0.239361 0.627065 0.041894 0.043092
1.0 0.266335 0.627724 0.055163 0.041775
0.0 0.394809 0.441233 0.021723 0.024124
1.0 0.521521 0.560438 0.063016 0.134330
0.0 0.498335 0.597237 0.041894 0.046681
0.0 0.575718 0.596923 0.022304 0.042877
1.0 0.560300 0.559647 0.047572 0.116940
1.0 0.484916 0.539303 0.055163 0.124690
1.0 0.538570 0.507271 0.023235 0.031441
0.0 0.496246 0.548999 0.044960 0.049884
0.0 0.451570 0.465981 0.021723 0.024124
0.0 0.592417 0.612967 0.016794 0.032393
0.0 0.628739 0.630461 0.009189 0.032393
0.0 0.493973 0.627065 0.041894 0.043092
1.0 0.466998 0.627724 0.055163 0.041775
0.0 0.871858 0.441233 0.021723 0.024124
1.0 0.745146 0.560438 0.063016 0.134330
0.0 0.768331 0.597237 0.041894 0.046681
0.0 0.690948 0.596923 0.022304 0.042877
1.0 0.706367 0.559647 0.047572 0.116940
1.0 0.781751 0.539303 0.055163 0.124690
1.0 0.728096 0.507271 0.023235 0.031441
0.0 0.770421 0.548999 0.044960 0.049884
0.0 0.815097 0.465981 0.021723 0.024124
0.0 0.674250 0.612967 0.016794 0.032393
0.0 0.637928 0.630461 0.009189 0.032393
0.0 0.772694 0.627065 0.041894 0.043092
1.0 0.799669 0.627724 0.055163 0.041775
0.0 0.928142 0.441233 0.021723 0.024124
1.0 0.995334 0.539303 0.009332 0.124690
0.0 0.984903 0.465981 0.021723 0.024124
1.0 0.986375 0.627724 0.027250 0.041775
1.0 0.009848 0.736784 0.019695 0.134330
0.0 0.042385 0.700299 0.022304 0.042877
1.0 0.026966 0.737575 0.047572 0.116940
1.0 0.008427 0.789951 0.016855 0.031441
0.0 0.059083 0.684255 0.016794 0.032393
0.0 0.095405 0.666761 0.009189 0.032393
0.0 0.338525 0.855989 0.021723 0.024124
1.0 0.211813 0.736784 0.063016 0.134330
0.0 0.234998 0.699985 0.041894 0.046681
0.0 0.157615 0.700299 0.022304 0.042877
1.0 0.173034 0.737575 0.047572 0.116940
1.0 0.248418 0.757919 0.055163 0.124690
1.0 0.194763 0.789951 0.023235 0.031441
0.0 0.237087 0.748223 0.044960 0.049884
0.0 0.281763 0.831241 0.021723 0.024124
0.0 0.140917 0.684255 0.016794 0.032393
0.0 0.104595 0.666761 0.009189 0.032393
0.0 0.239361 0.670157 0.041894 0.043092
1.0 0.266335 0.669499 0.055163 0.041775
0.0 0.394809 0.855989 0.021723 0.024124
1.0 0.521521 0.736784 0.063016 0.134330
0.0 0.498335 0.699985 0.041894 0.046681
0.0 0.575718 0.700299 0.022304 0.042877
1.0 0.560300 0.737575 0.047572 0.116940
1.0 0.484916 0.757919 0.055163 0.124690
1.0 0.538570 0.789951 0.023235 0.031441
0.0 0.496246 0.748223 0.044960 0.049884
0.0 0.451570 0.831241 0.021723 0.024124
0.0 0.592417 0.684255 0.016794 0.032393
0.0 0.628739 0.666761 0.009189 0.032393
0.0 0.493973 0.670157 0.041894 0.043092
1.0 0.466998 0.669499 0.055163 0.041775
0.0 0.871858 0.855989 0.021723 0.024124
1.0 0.745146 0.736784 0.063016 0.134330
0.0 0.768331 0.699985 0.041894 0.046681
0.0 0.690948 0.700299 0.022304 0.042877
1.0 0.706367 0.737575 0.047572 0.116940
1.0 0.781751 0.757919 0.055163 0.124690
1.0 0.728096 0.789951 0.023235 0.031441
0.0 0.770421 0.748223 0.044960 0.049884
0.0 0.815097 0.831241 0.021723 0.024124
0.0 0.674250 0.684255 0.016794 0.032393
0.0 0.637928 0.666761 0.009189 0.032393
0.0 0.772694 0.670157 0.041894 0.043092
1.0 0.799669 0.669499 0.055163 0.041775
0.0 0.928142 0.855989 0.021723 0.024124
1.0 0.995334 0.757919 0.009332 0.124690
0.0 0.984903 0.831241 0.021723 0.024124
1.0 0.986375 0.669499 0.027250 0.041775
