1.0 0.028309 0.013512 0.056618 0.027024
1.0 0.643928 0.019958 0.112145 0.039917
1.0 0.589209 0.013512 0.091655 0.027024
1.0 0.756072 0.019958 0.112145 0.039917
1.0 0.810791 0.013512 0.091655 0.027024
1.0 0.082430 0.640834 0.164860 0.164165
1.0 0.006072 0.618583 0.012145 0.208667
1.0 0.195948 0.646138 0.162315 0.153557
1.0 0.028309 0.566951 0.056618 0.079616
1.0 0.541254 0.640834 0.212230 0.164165
1.0 0.643928 0.618583 0.112145 0.208667
1.0 0.404052 0.646138 0.162315 0.153557
1.0 0.589209 0.566951 0.091655 0.079616
1.0 0.858746 0.640834 0.212230 0.164165
1.0 0.756072 0.618583 0.112145 0.208667
1.0 0.957395 0.646138 0.085209 0.153557
1.0 0.810791 0.566951 0.091655 0.079616
1.0 0.082430 0.804999 0.164860 0.164165
1.0 0.006072 0.827250 0.012145 0.208667
1.0 0.195948 0.799695 0.162315 0.153557
1.0 0.028309 0.878882 0.056618 0.079616
1.0 0.541254 0.804999 0.212230 0.164165
1.0 0.643928 0.827250 0.112145 0.208667
1.0 0.404052 0.799695 0.162315 0.153557
1.0 0.589209 0.878882 0.091655 0.079616
1.0 0.858746 0.804999 0.212230 0.164165
1.0 0.756072 0.827250 0.112145 0.208667
1.0 0.957395 0.799695 0.085209 0.153557
1.0 0.810791 0.878882 0.091655 0.079616
