1.0 0.093572 0.105431 0.047230 0.113951
0.0 0.110617 0.149778 0.037643 0.030302
0.0 0.037820 0.117583 0.017400 0.035354
1.0 0.057174 0.088698 0.033381 0.102587
1.0 0.130771 0.100538 0.040305 0.107323
1.0 0.084428 0.048139 0.020064 0.022726
1.0 0.306428 0.105431 0.047230 0.113951
0.0 0.289383 0.149778 0.037643 0.030302
0.0 0.362180 0.117583 0.017400 0.035354
1.0 0.342826 0.088698 0.033381 0.102587
1.0 0.269229 0.100538 0.040305 0.107323
1.0 0.315572 0.048139 0.020064 0.022726
1.0 0.493572 0.105431 0.047230 0.113951
0.0 0.510617 0.149778 0.037643 0.030302
0.0 0.437820 0.117583 0.017400 0.035354
1.0 0.457174 0.088698 0.033381 0.102587
1.0 0.530771 0.100538 0.040305 0.107323
1.0 0.484428 0.048139 0.020064 0.022726
1.0 0.706428 0.105431 0.047230 0.113951
0.0 0.689383 0.149778 0.037643 0.030302
0.0 0.762180 0.117583 0.017400 0.035354
1.0 0.742826 0.088698 0.033381 0.102587
1.0 0.669229 0.100538 0.040305 0.107323
1.0 0.715572 0.048139 0.020064 0.022726
1.0 0.893572 0.105431 0.047230 0.113951
0.0 0.910617 0.149778 0.037643 0.030302
0.0 0.837820 0.117583 0.017400 0.035354
1.0 0.857174 0.088698 0.033381 0.102587
1.0 0.930771 0.100538 0.040305 0.107323
1.0 0.884428 0.048139 0.020064 0.022726
1.0 0.093572 0.225819 0.047230 0.113951
0.0 0.110617 0.181472 0.037643 0.030302
0.0 0.037820 0.213667 0.017400 0.035354
1.0 0.057174 0.242552 0.033381 0.102587
1.0 0.130771 0.230712 0.040305 0.107323
1.0 0.084428 0.283111 0.020064 0.022726
1.0 0.306428 0.225819 0.047230 0.113951
0.0 0.289383 0.181472 0.037643 0.030302
0.0 0.362180 0.213667 0.017400 0.035354
1.0 0.342826 0.242552 0.033381 0.102587
1.0 0.269229 0.230712 0.040305 0.107323
1.0 0.315572 0.283111 0.020064 0.022726
1.0 0.493572 0.225819 0.047230 0.113951
0.0 0.510617 0.181472 0.037643 0.030302
0.0 0.437820 0.213667 0.017400 0.035354
1.0 0.457174 0.242552 0.033381 0.102587
1.0 0.530771 0.230712 0.040305 0.107323
1.0 0.484428 0.283111 0.020064 0.022726
1.0 0.706428 0.225819 0.047230 0.113951
0.0 0.689383 0.181472 0.037643 0.030302
0.0 0.762180 0.213667 0.017400 0.035354
1.0 0.742826 0.242552 0.033381 0.102587
1.0 0.669229 0.230712 0.040305 0.107323
1.0 0.715572 0.283111 0.020064 0.022726
1.0 0.893572 0.225819 0.047230 0.113951
0.0 0.910617 0.181472 0.037643 0.030302
0.0 0.837820 0.213667 0.017400 0.035354
1.0 0.857174 0.242552 0.033381 0.102587
1.0 0.930771 0.230712 0.040305 0.107323
1.0 0.884428 0.283111 0.020064 0.022726
1.0 0.093572 0.551264 0.047230 0.113951
0.0 0.110617 0.595611 0.037643 0.030302
0.0 0.037820 0.563417 0.017400 0.035354
1.0 0.057174 0.534531 0.033381 0.102587
1.0 0.130771 0.546372 0.040305 0.107323
1.0 0.084428 0.493972 0.020064 0.022726
1.0 0.306428 0.551264 0.047230 0.113951
0.0 0.289383 0.595611 0.037643 0.030302
0.0 0.362180 0.563417 0.017400 0.035354
1.0 0.342826 0.534531 0.033381 0.102587
1.0 0.269229 0.546372 0.040305 0.107323
1.0 0.315572 0.493972 0.020064 0.022726
1.0 0.493572 0.551264 0.047230 0.113951
0.0 0.510617 0.595611 0.037643 0.030302
0.0 0.437820 0.563417 0.017400 0.035354
1.0 0.457174 0.534531 0.033381 0.102587
1.0 0.530771 0.546372 0.040305 0.107323
1.0 0.484428 0.493972 0.020064 0.022726
1.0 0.706428 0.551264 0.047230 0.113951
0.0 0.689383 0.595611 0.037643 0.030302
0.0 0.762180 0.563417 0.017400 0.035354
1.0 0.742826 0.534531 0.033381 0.102587
1.0 0.669229 0.546372 0.040305 0.107323
1.0 0.715572 0.493972 0.020064 0.022726
1.0 0.893572 0.551264 0.047230 0.113951
0.0 0.910617 0.595611 0.037643 0.030302
0.0 0.837820 0.563417 0.017400 0.035354
1.0 0.857174 0.534531 0.033381 0.102587
1.0 0.930771 0.546372 0.040305 0.107323
1.0 0.884428 0.493972 0.020064 0.022726
1.0 0.093572 0.671653 0.047230 0.113951
0.0 0.110617 0.627306 0.037643 0.030302
0.0 0.037820 0.659500 0.017400 0.035354
1.0 0.057174 0.688385 0.033381 0.102587
1.0 0.130771 0.676545 0.040305 0.107323
1.0 0.084428 0.728944 0.020064 0.022726
1.0 0.306428 0.671653 0.047230 0.113951
0.0 0.289383 0.627306 0.037643 0.030302
0.0 0.362180 0.659500 0.017400 0.035354
1.0 0.342826 0.688385 0.033381 0.102587
1.0 0.269229 0.676545 0.040305 0.107323
1.0 0.315572 0.728944 0.020064 0.022726
1.0 0.493572 0.671653 0.047230 0.113951
0.0 0.510617 0.627306 0.037643 0.030302
0.0 0.437820 0.659500 0.017400 0.035354
1.0 0.457174 0.688385 0.033381 0.102587
1.0 0.530771 0.676545 0.040305 0.107323
1.0 0.484428 0.728944 0.020064 0.022726
1.0 0.706428 0.671653 0.047230 0.113951
0.0 0.689383 0.627306 0.037643 0.030302
0.0 0.762180 0.659500 0.017400 0.035354
1.0 0.742826 0.688385 0.033381 0.102587
1.0 0.669229 0.676545 0.040305 0.107323
1.0 0.715572 0.728944 0.020064 0.022726
1.0 0.893572 0.671653 0.047230 0.113951
0.0 0.910617 0.627306 0.037643 0.030302
0.0 0.837820 0.659500 0.017400 0.035354
1.0 0.857174 0.688385 0.033381 0.102587
1.0 0.930771 0.676545 0.040305 0.107323
1.0 0.884428 0.728944 0.020064 0.022726
1.0 0.093572 0.970061 0.047230 0.059878
0.0 0.037820 0.995786 0.017400 0.008427
1.0 0.057174 0.964536 0.033381 0.070929
1.0 0.130771 0.969272 0.040305 0.061457
1.0 0.084428 0.939806 0.020064 0.022726
1.0 0.306428 0.970061 0.047230 0.059878
0.0 0.362180 0.995786 0.017400 0.008427
1.0 0.342826 0.964536 0.033381 0.070929
1.0 0.269229 0.969272 0.040305 0.061457
1.0 0.315572 0.939806 0.020064 0.022726
1.0 0.493572 0.970061 0.047230 0.059878
0.0 0.437820 0.995786 0.017400 0.008427
1.0 0.457174 0.964536 0.033381 0.070929
1.0 0.530771 0.969272 0.040305 0.061457
1.0 0.484428 0.939806 0.020064 0.022726
1.0 0.706428 0.970061 0.047230 0.059878
0.0 0.762180 0.995786 0.017400 0.008427
1.0 0.742826 0.964536 0.033381 0.070929
1.0 0.669229 0.969272 0.040305 0.061457
1.0 0.715572 0.939806 0.020064 0.022726
1.0 0.893572 0.970061 0.047230 0.059878
0.0 0.837820 0.995786 0.017400 0.008427
1.0 0.857174 0.964536 0.033381 0.070929
1.0 0.930771 0.969272 0.040305 0.061457
1.0 0.884428 0.939806 0.020064 0.022726
