0.0 0.257447 0.626358 0.016355 0.022471
1.0 0.070339 0.632825 0.070188 0.111119
1.0 0.015318 0.634070 0.030636 0.109448
1.0 0.176040 0.607659 0.037894 0.059665
1.0 0.136192 0.604575 0.036911 0.060744
1.0 0.217213 0.606671 0.038882 0.061305
0.0 0.118464 0.667280 0.026673 0.036160
0.0 0.238151 0.626180 0.017122 0.022471
0.0 0.119401 0.625652 0.010556 0.020232
0.0 0.273803 0.626358 0.016355 0.022471
1.0 0.460911 0.632825 0.070188 0.111119
1.0 0.533736 0.634070 0.066245 0.109448
1.0 0.601804 0.633453 0.061976 0.107234
1.0 0.355210 0.607659 0.037894 0.059665
1.0 0.395058 0.604575 0.036911 0.060744
1.0 0.314037 0.606671 0.038882 0.061305
0.0 0.412786 0.667280 0.026673 0.036160
0.0 0.293099 0.626180 0.017122 0.022471
0.0 0.411849 0.625652 0.010556 0.020232
1.0 0.721316 0.632188 0.026117 0.109448
1.0 0.673313 0.632805 0.061976 0.107234
1.0 0.986373 0.632825 0.027255 0.111119
1.0 0.935014 0.634070 0.066245 0.109448
1.0 0.866946 0.633453 0.061976 0.107234
1.0 0.747434 0.632188 0.026117 0.109448
1.0 0.795437 0.632805 0.061976 0.107234
0.0 0.257447 0.929197 0.016355 0.022471
1.0 0.070339 0.922731 0.070188 0.111119
1.0 0.015318 0.921486 0.030636 0.109448
1.0 0.176040 0.947896 0.037894 0.059665
1.0 0.136192 0.950981 0.036911 0.060744
1.0 0.217213 0.948885 0.038882 0.061305
0.0 0.118464 0.888275 0.026673 0.036160
0.0 0.238151 0.929376 0.017122 0.022471
0.0 0.119401 0.929903 0.010556 0.020232
0.0 0.273803 0.929197 0.016355 0.022471
1.0 0.460911 0.922731 0.070188 0.111119
1.0 0.533736 0.921486 0.066245 0.109448
1.0 0.601804 0.922102 0.061976 0.107234
1.0 0.355210 0.947896 0.037894 0.059665
1.0 0.395058 0.950981 0.036911 0.060744
1.0 0.314037 0.948885 0.038882 0.061305
0.0 0.412786 0.888275 0.026673 0.036160
0.0 0.293099 0.929376 0.017122 0.022471
0.0 0.411849 0.929903 0.010556 0.020232
1.0 0.721316 0.923367 0.026117 0.109448
1.0 0.673313 0.922751 0.061976 0.107234
1.0 0.986373 0.922731 0.027255 0.111119
1.0 0.935014 0.921486 0.066245 0.109448
1.0 0.866946 0.922102 0.061976 0.107234
1.0 0.747434 0.923367 0.026117 0.109448
1.0 0.795437 0.922751 0.061976 0.107234
