1.0 0.255278 0.720128 0.020694 0.103186
0.0 0.244744 0.732736 0.027352 0.039523
1.0 0.022720 0.630161 0.045439 0.186861
1.0 0.136465 0.659779 0.062319 0.100457
1.0 0.082630 0.632133 0.061175 0.101285
1.0 0.192841 0.682870 0.063959 0.103186
0.0 0.047166 0.703832 0.042817 0.063078
0.0 0.217914 0.720846 0.027352 0.039523
0.0 0.055925 0.649818 0.018009 0.032706
1.0 0.275972 0.720128 0.020694 0.103186
0.0 0.286506 0.732736 0.027352 0.039523
1.0 0.543579 0.630161 0.115538 0.186861
1.0 0.643205 0.588658 0.109868 0.182339
1.0 0.709273 0.547533 0.050203 0.176916
1.0 0.394785 0.659779 0.062319 0.100457
1.0 0.448620 0.632133 0.061175 0.101285
1.0 0.338409 0.682870 0.063959 0.103186
0.0 0.484084 0.703832 0.042817 0.063078
0.0 0.313336 0.720846 0.027352 0.039523
0.0 0.475325 0.649818 0.018009 0.032706
1.0 0.925171 0.630161 0.115538 0.186861
1.0 0.825545 0.588658 0.109868 0.182339
1.0 0.759477 0.547533 0.050203 0.176916
1.0 0.994771 0.632133 0.010457 0.101285
0.0 0.981629 0.703832 0.036742 0.063078
0.0 0.992210 0.649818 0.015580 0.032706
1.0 0.255278 0.835427 0.020694 0.103186
0.0 0.244744 0.822820 0.027352 0.039523
1.0 0.022720 0.915982 0.045439 0.168035
1.0 0.136465 0.895777 0.062319 0.100457
1.0 0.082630 0.923422 0.061175 0.101285
1.0 0.192841 0.872685 0.063959 0.103186
0.0 0.047166 0.851723 0.042817 0.063078
0.0 0.217914 0.834710 0.027352 0.039523
0.0 0.055925 0.905738 0.018009 0.032706
1.0 0.275972 0.835427 0.020694 0.103186
0.0 0.286506 0.822820 0.027352 0.039523
1.0 0.543579 0.915982 0.115538 0.168035
1.0 0.643205 0.937864 0.109868 0.124272
1.0 0.709273 0.959782 0.050203 0.080436
1.0 0.394785 0.895777 0.062319 0.100457
1.0 0.448620 0.923422 0.061175 0.101285
1.0 0.338409 0.872685 0.063959 0.103186
0.0 0.484084 0.851723 0.042817 0.063078
0.0 0.313336 0.834710 0.027352 0.039523
0.0 0.475325 0.905738 0.018009 0.032706
1.0 0.925171 0.915982 0.115538 0.168035
1.0 0.825545 0.937864 0.109868 0.124272
1.0 0.759477 0.959782 0.050203 0.080436
1.0 0.994771 0.923422 0.010457 0.101285
0.0 0.981629 0.851723 0.036742 0.063078
0.0 0.992210 0.905738 0.015580 0.032706
