1.0 0.035000 0.007065 0.048885 0.014130
1.0 0.006216 0.013714 0.012433 0.027429
1.0 0.044333 0.066789 0.048885 0.033089
1.0 0.010798 0.073258 0.021596 0.020150
1.0 0.111958 0.071433 0.026379 0.023800
1.0 0.087002 0.075604 0.025807 0.015459
1.0 0.136413 0.067815 0.024049 0.031037
0.0 0.073160 0.058287 0.018318 0.022447
0.0 0.146423 0.057487 0.004029 0.014046
0.0 0.075529 0.078024 0.007503 0.010619
1.0 0.261875 0.007065 0.048885 0.014130
1.0 0.307610 0.013714 0.046334 0.027429
1.0 0.350439 0.019386 0.043555 0.038773
1.0 0.252542 0.066789 0.048885 0.033089
1.0 0.298446 0.073258 0.046334 0.020150
1.0 0.184917 0.071433 0.026379 0.023800
1.0 0.209873 0.075604 0.025807 0.015459
1.0 0.160462 0.067815 0.024049 0.031037
0.0 0.223715 0.058287 0.018318 0.022447
0.0 0.150452 0.057487 0.004029 0.014046
0.0 0.221346 0.078024 0.007503 0.010619
1.0 0.503750 0.007065 0.048885 0.014130
1.0 0.458015 0.013714 0.046334 0.027429
1.0 0.415186 0.019386 0.043555 0.038773
1.0 0.513083 0.066789 0.048885 0.033089
1.0 0.467179 0.073258 0.046334 0.020150
1.0 0.580708 0.071433 0.026379 0.023800
1.0 0.555752 0.075604 0.025807 0.015459
1.0 0.605163 0.067815 0.024049 0.031037
0.0 0.541910 0.058287 0.018318 0.022447
0.0 0.615173 0.057487 0.004029 0.014046
0.0 0.544279 0.078024 0.007503 0.010619
1.0 0.730625 0.007065 0.048885 0.014130
1.0 0.776360 0.013714 0.046334 0.027429
1.0 0.819189 0.019386 0.043555 0.038773
1.0 0.721292 0.066789 0.048885 0.033089
1.0 0.767196 0.073258 0.046334 0.020150
1.0 0.653667 0.071433 0.026379 0.023800
1.0 0.678623 0.075604 0.025807 0.015459
1.0 0.629212 0.067815 0.024049 0.031037
0.0 0.692465 0.058287 0.018318 0.022447
0.0 0.619202 0.057487 0.004029 0.014046
0.0 0.690096 0.078024 0.007503 0.010619
1.0 0.972500 0.007065 0.048885 0.014130
1.0 0.926765 0.013714 0.046334 0.027429
1.0 0.883936 0.019386 0.043555 0.038773
1.0 0.978695 0.066789 0.042609 0.033089
1.0 0.935929 0.073258 0.046334 0.020150
1.0 0.035000 0.185992 0.048885 0.066911
1.0 0.006216 0.171936 0.012433 0.065397
1.0 0.100298 0.217864 0.026379 0.035964
1.0 0.075099 0.212023 0.025807 0.036321
1.0 0.126142 0.225951 0.027070 0.036943
0.0 0.066858 0.177953 0.018318 0.022447
0.0 0.140212 0.220234 0.011727 0.014046
0.0 0.065518 0.198571 0.007503 0.011792
1.0 0.044333 0.099878 0.048885 0.033089
1.0 0.010798 0.093408 0.021596 0.020150
1.0 0.111958 0.095233 0.026379 0.023800
1.0 0.087002 0.091063 0.025807 0.015459
1.0 0.136413 0.098852 0.024049 0.031037
0.0 0.073160 0.108380 0.018318 0.022447
0.0 0.146423 0.109179 0.004029 0.014046
0.0 0.075529 0.088643 0.007503 0.010619
1.0 0.261875 0.185992 0.048885 0.066911
1.0 0.307610 0.171936 0.046334 0.065397
1.0 0.350439 0.159674 0.043555 0.063559
1.0 0.196577 0.217864 0.026379 0.035964
1.0 0.221776 0.212023 0.025807 0.036321
1.0 0.170733 0.225951 0.027070 0.036943
0.0 0.230017 0.177953 0.018318 0.022447
0.0 0.156663 0.220234 0.011727 0.014046
0.0 0.231357 0.198571 0.007503 0.011792
1.0 0.252542 0.099878 0.048885 0.033089
1.0 0.298446 0.093408 0.046334 0.020150
1.0 0.184917 0.095233 0.026379 0.023800
1.0 0.209873 0.091063 0.025807 0.015459
1.0 0.160462 0.098852 0.024049 0.031037
0.0 0.223715 0.108380 0.018318 0.022447
0.0 0.150452 0.109179 0.004029 0.014046
0.0 0.221346 0.088643 0.007503 0.010619
1.0 0.503750 0.185992 0.048885 0.066911
1.0 0.458015 0.171936 0.046334 0.065397
1.0 0.415186 0.159674 0.043555 0.063559
1.0 0.569048 0.217864 0.026379 0.035964
1.0 0.543849 0.212023 0.025807 0.036321
1.0 0.594892 0.225951 0.027070 0.036943
0.0 0.535608 0.177953 0.018318 0.022447
0.0 0.608962 0.220234 0.011727 0.014046
0.0 0.534268 0.198571 0.007503 0.011792
1.0 0.513083 0.099878 0.048885 0.033089
1.0 0.467179 0.093408 0.046334 0.020150
1.0 0.580708 0.095233 0.026379 0.023800
1.0 0.555752 0.091063 0.025807 0.015459
1.0 0.605163 0.098852 0.024049 0.031037
0.0 0.541910 0.108380 0.018318 0.022447
0.0 0.615173 0.109179 0.004029 0.014046
0.0 0.544279 0.088643 0.007503 0.010619
1.0 0.730625 0.185992 0.048885 0.066911
1.0 0.776360 0.171936 0.046334 0.065397
1.0 0.819189 0.159674 0.043555 0.063559
1.0 0.665327 0.217864 0.026379 0.035964
1.0 0.690526 0.212023 0.025807 0.036321
1.0 0.639483 0.225951 0.027070 0.036943
0.0 0.698767 0.177953 0.018318 0.022447
0.0 0.625413 0.220234 0.011727 0.014046
0.0 0.700107 0.198571 0.007503 0.011792
1.0 0.721292 0.099878 0.048885 0.033089
1.0 0.767196 0.093408 0.046334 0.020150
1.0 0.653667 0.095233 0.026379 0.023800
1.0 0.678623 0.091063 0.025807 0.015459
1.0 0.629212 0.098852 0.024049 0.031037
0.0 0.692465 0.108380 0.018318 0.022447
0.0 0.619202 0.109179 0.004029 0.014046
0.0 0.690096 0.088643 0.007503 0.010619
1.0 0.972500 0.185992 0.048885 0.066911
1.0 0.926765 0.171936 0.046334 0.065397
1.0 0.883936 0.159674 0.043555 0.063559
0.0 0.997599 0.177953 0.004802 0.022447
0.0 0.999633 0.198571 0.000734 0.011792
1.0 0.978695 0.099878 0.042609 0.033089
1.0 0.935929 0.093408 0.046334 0.020150
1.0 0.035000 0.536230 0.048885 0.066911
1.0 0.006216 0.550286 0.012433 0.065397
1.0 0.100298 0.504358 0.026379 0.035964
1.0 0.075099 0.510199 0.025807 0.036321
1.0 0.126142 0.496272 0.027070 0.036943
0.0 0.066858 0.544269 0.018318 0.022447
0.0 0.140212 0.501988 0.011727 0.014046
0.0 0.065518 0.523651 0.007503 0.011792
1.0 0.044333 0.622345 0.048885 0.033089
1.0 0.010798 0.628814 0.021596 0.020150
1.0 0.111958 0.626989 0.026379 0.023800
1.0 0.087002 0.631159 0.025807 0.015459
1.0 0.136413 0.623371 0.024049 0.031037
0.0 0.073160 0.613842 0.018318 0.022447
0.0 0.146423 0.613043 0.004029 0.014046
0.0 0.075529 0.633579 0.007503 0.010619
1.0 0.261875 0.536230 0.048885 0.066911
1.0 0.307610 0.550286 0.046334 0.065397
1.0 0.350439 0.562548 0.043555 0.063559
1.0 0.196577 0.504358 0.026379 0.035964
1.0 0.221776 0.510199 0.025807 0.036321
1.0 0.170733 0.496272 0.027070 0.036943
0.0 0.230017 0.544269 0.018318 0.022447
0.0 0.156663 0.501988 0.011727 0.014046
0.0 0.231357 0.523651 0.007503 0.011792
1.0 0.252542 0.622345 0.048885 0.033089
1.0 0.298446 0.628814 0.046334 0.020150
1.0 0.184917 0.626989 0.026379 0.023800
1.0 0.209873 0.631159 0.025807 0.015459
1.0 0.160462 0.623371 0.024049 0.031037
0.0 0.223715 0.613842 0.018318 0.022447
0.0 0.150452 0.613043 0.004029 0.014046
0.0 0.221346 0.633579 0.007503 0.010619
1.0 0.503750 0.536230 0.048885 0.066911
1.0 0.458015 0.550286 0.046334 0.065397
1.0 0.415186 0.562548 0.043555 0.063559
1.0 0.569048 0.504358 0.026379 0.035964
1.0 0.543849 0.510199 0.025807 0.036321
1.0 0.594892 0.496272 0.027070 0.036943
0.0 0.535608 0.544269 0.018318 0.022447
0.0 0.608962 0.501988 0.011727 0.014046
0.0 0.534268 0.523651 0.007503 0.011792
1.0 0.513083 0.622345 0.048885 0.033089
1.0 0.467179 0.628814 0.046334 0.020150
1.0 0.580708 0.626989 0.026379 0.023800
1.0 0.555752 0.631159 0.025807 0.015459
1.0 0.605163 0.623371 0.024049 0.031037
0.0 0.541910 0.613842 0.018318 0.022447
0.0 0.615173 0.613043 0.004029 0.014046
0.0 0.544279 0.633579 0.007503 0.010619
1.0 0.730625 0.536230 0.048885 0.066911
1.0 0.776360 0.550286 0.046334 0.065397
1.0 0.819189 0.562548 0.043555 0.063559
1.0 0.665327 0.504358 0.026379 0.035964
1.0 0.690526 0.510199 0.025807 0.036321
1.0 0.639483 0.496272 0.027070 0.036943
0.0 0.698767 0.544269 0.018318 0.022447
0.0 0.625413 0.501988 0.011727 0.014046
0.0 0.700107 0.523651 0.007503 0.011792
1.0 0.721292 0.622345 0.048885 0.033089
1.0 0.767196 0.628814 0.046334 0.020150
1.0 0.653667 0.626989 0.026379 0.023800
1.0 0.678623 0.631159 0.025807 0.015459
1.0 0.629212 0.623371 0.024049 0.031037
0.0 0.692465 0.613842 0.018318 0.022447
0.0 0.619202 0.613043 0.004029 0.014046
0.0 0.690096 0.633579 0.007503 0.010619
1.0 0.972500 0.536230 0.048885 0.066911
1.0 0.926765 0.550286 0.046334 0.065397
1.0 0.883936 0.562548 0.043555 0.063559
0.0 0.997599 0.544269 0.004802 0.022447
0.0 0.999633 0.523651 0.000734 0.011792
1.0 0.978695 0.622345 0.042609 0.033089
1.0 0.935929 0.628814 0.046334 0.020150
1.0 0.035000 0.741547 0.048885 0.066911
1.0 0.006216 0.727492 0.012433 0.065397
1.0 0.100298 0.773420 0.026379 0.035964
1.0 0.075099 0.767579 0.025807 0.036321
1.0 0.126142 0.781506 0.027070 0.036943
0.0 0.066858 0.733509 0.018318 0.022447
0.0 0.140212 0.775789 0.011727 0.014046
0.0 0.065518 0.754127 0.007503 0.011792
1.0 0.044333 0.655433 0.048885 0.033089
1.0 0.010798 0.648964 0.021596 0.020150
1.0 0.111958 0.650789 0.026379 0.023800
1.0 0.087002 0.646619 0.025807 0.015459
1.0 0.136413 0.654407 0.024049 0.031037
0.0 0.073160 0.663936 0.018318 0.022447
0.0 0.146423 0.664735 0.004029 0.014046
0.0 0.075529 0.644198 0.007503 0.010619
1.0 0.261875 0.741547 0.048885 0.066911
1.0 0.307610 0.727492 0.046334 0.065397
1.0 0.350439 0.715229 0.043555 0.063559
1.0 0.196577 0.773420 0.026379 0.035964
1.0 0.221776 0.767579 0.025807 0.036321
1.0 0.170733 0.781506 0.027070 0.036943
0.0 0.230017 0.733509 0.018318 0.022447
0.0 0.156663 0.775789 0.011727 0.014046
0.0 0.231357 0.754127 0.007503 0.011792
1.0 0.252542 0.655433 0.048885 0.033089
1.0 0.298446 0.648964 0.046334 0.020150
1.0 0.184917 0.650789 0.026379 0.023800
1.0 0.209873 0.646619 0.025807 0.015459
1.0 0.160462 0.654407 0.024049 0.031037
0.0 0.223715 0.663936 0.018318 0.022447
0.0 0.150452 0.664735 0.004029 0.014046
0.0 0.221346 0.644198 0.007503 0.010619
1.0 0.503750 0.741547 0.048885 0.066911
1.0 0.458015 0.727492 0.046334 0.065397
1.0 0.415186 0.715229 0.043555 0.063559
1.0 0.569048 0.773420 0.026379 0.035964
1.0 0.543849 0.767579 0.025807 0.036321
1.0 0.594892 0.781506 0.027070 0.036943
0.0 0.535608 0.733509 0.018318 0.022447
0.0 0.608962 0.775789 0.011727 0.014046
0.0 0.534268 0.754127 0.007503 0.011792
1.0 0.513083 0.655433 0.048885 0.033089
1.0 0.467179 0.648964 0.046334 0.020150
1.0 0.580708 0.650789 0.026379 0.023800
1.0 0.555752 0.646619 0.025807 0.015459
1.0 0.605163 0.654407 0.024049 0.031037
0.0 0.541910 0.663936 0.018318 0.022447
0.0 0.615173 0.664735 0.004029 0.014046
0.0 0.544279 0.644198 0.007503 0.010619
1.0 0.730625 0.741547 0.048885 0.066911
1.0 0.776360 0.727492 0.046334 0.065397
1.0 0.819189 0.715229 0.043555 0.063559
1.0 0.665327 0.773420 0.026379 0.035964
1.0 0.690526 0.767579 0.025807 0.036321
1.0 0.639483 0.781506 0.027070 0.036943
0.0 0.698767 0.733509 0.018318 0.022447
0.0 0.625413 0.775789 0.011727 0.014046
0.0 0.700107 0.754127 0.007503 0.011792
1.0 0.721292 0.655433 0.048885 0.033089
1.0 0.767196 0.648964 0.046334 0.020150
1.0 0.653667 0.650789 0.026379 0.023800
1.0 0.678623 0.646619 0.025807 0.015459
1.0 0.629212 0.654407 0.024049 0.031037
0.0 0.692465 0.663936 0.018318 0.022447
0.0 0.619202 0.664735 0.004029 0.014046
0.0 0.690096 0.644198 0.007503 0.010619
1.0 0.972500 0.741547 0.048885 0.066911
1.0 0.926765 0.727492 0.046334 0.065397
1.0 0.883936 0.715229 0.043555 0.063559
0.0 0.997599 0.733509 0.004802 0.022447
0.0 0.999633 0.754127 0.000734 0.011792
1.0 0.978695 0.655433 0.042609 0.033089
1.0 0.935929 0.648964 0.046334 0.020150
