1.0 0.007200 0.016146 0.014400 0.032293
1.0 0.168191 0.018609 0.085446 0.037218
1.0 0.088925 0.016146 0.081649 0.032293
1.0 0.282789 0.019948 0.045756 0.039896
1.0 0.238488 0.021448 0.044962 0.042895
1.0 0.324399 0.021733 0.038702 0.043466
0.0 0.088255 0.013522 0.017598 0.027045
0.0 0.274291 0.071063 0.019560 0.025832
0.0 0.076370 0.022645 0.019861 0.035188
1.0 0.519309 0.018609 0.085446 0.037218
1.0 0.598575 0.016146 0.081649 0.032293
1.0 0.404711 0.019948 0.045756 0.039896
1.0 0.449012 0.021448 0.044962 0.042895
1.0 0.363101 0.021733 0.038702 0.043466
0.0 0.599245 0.013522 0.017598 0.027045
0.0 0.413209 0.071063 0.019560 0.025832
0.0 0.611130 0.022645 0.019861 0.035188
1.0 0.793191 0.018609 0.085446 0.037218
1.0 0.713925 0.016146 0.081649 0.032293
1.0 0.907789 0.019948 0.045756 0.039896
1.0 0.863488 0.021448 0.044962 0.042895
1.0 0.949399 0.021733 0.038702 0.043466
0.0 0.713255 0.013522 0.017598 0.027045
0.0 0.899291 0.071063 0.019560 0.025832
0.0 0.701370 0.022645 0.019861 0.035188
1.0 0.984375 0.021733 0.031250 0.043466
1.0 0.007200 0.641261 0.014400 0.087849
1.0 0.168191 0.638799 0.085446 0.092773
1.0 0.088925 0.641261 0.081649 0.087849
1.0 0.282789 0.625426 0.045756 0.071383
1.0 0.238488 0.623024 0.044962 0.072580
1.0 0.324399 0.622922 0.038702 0.073516
0.0 0.221661 0.648676 0.013047 0.023989
0.0 0.088255 0.618380 0.017598 0.031590
0.0 0.274291 0.558567 0.019560 0.025832
0.0 0.076370 0.606985 0.019861 0.035188
1.0 0.519309 0.638799 0.085446 0.092773
1.0 0.598575 0.641261 0.081649 0.087849
1.0 0.404711 0.625426 0.045756 0.071383
1.0 0.449012 0.623024 0.044962 0.072580
1.0 0.363101 0.622922 0.038702 0.073516
0.0 0.465839 0.648676 0.013047 0.023989
0.0 0.599245 0.618380 0.017598 0.031590
0.0 0.413209 0.558567 0.019560 0.025832
0.0 0.611130 0.606985 0.019861 0.035188
1.0 0.793191 0.638799 0.085446 0.092773
1.0 0.713925 0.641261 0.081649 0.087849
1.0 0.907789 0.625426 0.045756 0.071383
1.0 0.863488 0.623024 0.044962 0.072580
1.0 0.949399 0.622922 0.038702 0.073516
0.0 0.846661 0.648676 0.013047 0.023989
0.0 0.713255 0.618380 0.017598 0.031590
0.0 0.899291 0.558567 0.019560 0.025832
0.0 0.701370 0.606985 0.019861 0.035188
1.0 0.984375 0.622922 0.031250 0.073516
1.0 0.007200 0.729109 0.014400 0.087849
1.0 0.168191 0.731572 0.085446 0.092773
1.0 0.088925 0.729109 0.081649 0.087849
1.0 0.282789 0.744945 0.045756 0.071383
1.0 0.238488 0.747346 0.044962 0.072580
1.0 0.324399 0.747448 0.038702 0.073516
0.0 0.221661 0.721694 0.013047 0.023989
0.0 0.088255 0.751990 0.017598 0.031590
0.0 0.274291 0.811803 0.019560 0.025832
0.0 0.076370 0.763386 0.019861 0.035188
1.0 0.519309 0.731572 0.085446 0.092773
1.0 0.598575 0.729109 0.081649 0.087849
1.0 0.404711 0.744945 0.045756 0.071383
1.0 0.449012 0.747346 0.044962 0.072580
1.0 0.363101 0.747448 0.038702 0.073516
0.0 0.465839 0.721694 0.013047 0.023989
0.0 0.599245 0.751990 0.017598 0.031590
0.0 0.413209 0.811803 0.019560 0.025832
0.0 0.611130 0.763386 0.019861 0.035188
1.0 0.793191 0.731572 0.085446 0.092773
1.0 0.713925 0.729109 0.081649 0.087849
1.0 0.907789 0.744945 0.045756 0.071383
1.0 0.863488 0.747346 0.044962 0.072580
1.0 0.949399 0.747448 0.038702 0.073516
0.0 0.846661 0.721694 0.013047 0.023989
0.0 0.713255 0.751990 0.017598 0.031590
0.0 0.899291 0.811803 0.019560 0.025832
0.0 0.701370 0.763386 0.019861 0.035188
1.0 0.984375 0.747448 0.031250 0.073516
